3.00000000e+22 0.00000000e+00
3.00000000e+22 1.00000000e+00
3.00000000e+22 2.00000000e+00
3.00000000e+22 3.00000000e+00
3.00000000e+22 4.00000000e+00
3.00000000e+22 5.00000000e+00
3.00000000e+22 6.00000000e+00
3.00000000e+22 7.00000000e+00
3.00000000e+22 8.00000000e+00
3.00000000e+22 9.00000000e+00
3.00000000e+22 1.00000000e+01
3.00000000e+22 1.10000000e+01
3.00000000e+22 1.20000000e+01
3.00000000e+22 1.30000000e+01
3.00000000e+22 1.40000000e+01
3.00000000e+22 1.50000000e+01
3.00000000e+22 1.60000000e+01
3.00000000e+22 1.70000000e+01
3.00000000e+22 1.80000000e+01
3.00000000e+22 1.90000000e+01
3.00000000e+22 2.00000000e+01
3.00000000e+22 2.10000000e+01
3.00000000e+22 2.20000000e+01
3.00000000e+22 2.30000000e+01
3.00000000e+22 2.40000000e+01
3.00000000e+22 2.50000000e+01
3.00000000e+22 2.60000000e+01
3.00000000e+22 2.70000000e+01
3.00000000e+22 2.80000000e+01
3.00000000e+22 2.90000000e+01
3.00000000e+22 3.00000000e+01
3.00000000e+22 3.10000000e+01
3.00000000e+22 3.20000000e+01
3.00000000e+22 3.30000000e+01
3.00000000e+22 3.40000000e+01
3.00000000e+22 3.50000000e+01
3.00000000e+22 3.60000000e+01
3.00000000e+22 3.70000000e+01
3.00000000e+22 3.80000000e+01
3.00000000e+22 3.90000000e+01
3.00000000e+22 4.00000000e+01
3.00000000e+22 4.10000000e+01
3.00000000e+22 4.20000000e+01
3.00000000e+22 4.30000000e+01
3.00000000e+22 4.40000000e+01
3.00000000e+22 4.50000000e+01
3.00000000e+22 4.60000000e+01
3.00000000e+22 4.70000000e+01
3.00000000e+22 4.80000000e+01
3.00000000e+22 4.90000000e+01
3.00000000e+22 5.00000000e+01
3.00000000e+22 5.10000000e+01
3.00000000e+22 5.20000000e+01
3.00000000e+22 5.30000000e+01
3.00000000e+22 5.40000000e+01
3.00000000e+22 5.50000000e+01
3.00000000e+22 5.60000000e+01
3.00000000e+22 5.70000000e+01
3.00000000e+22 5.80000000e+01
3.00000000e+22 5.90000000e+01
3.00000000e+22 6.00000000e+01
3.00000000e+22 6.10000000e+01
3.00000000e+22 6.20000000e+01
3.00000000e+22 6.30000000e+01
3.00000000e+22 6.40000000e+01
3.00000000e+22 6.50000000e+01
3.00000000e+22 6.60000000e+01
3.00000000e+22 6.70000000e+01
3.00000000e+22 6.80000000e+01
3.00000000e+22 6.90000000e+01
3.00000000e+22 7.00000000e+01
3.00000000e+22 7.10000000e+01
3.00000000e+22 7.20000000e+01
3.00000000e+22 7.30000000e+01
3.00000000e+22 7.40000000e+01
3.00000000e+22 7.50000000e+01
3.00000000e+22 7.60000000e+01
3.00000000e+22 7.70000000e+01
3.00000000e+22 7.80000000e+01
3.00000000e+22 7.90000000e+01
3.00000000e+22 8.00000000e+01
3.00000000e+22 8.10000000e+01
3.00000000e+22 8.20000000e+01
3.00000000e+22 8.30000000e+01
3.00000000e+22 8.40000000e+01
3.00000000e+22 8.50000000e+01
3.00000000e+22 8.60000000e+01
3.00000000e+22 8.70000000e+01
3.00000000e+22 8.80000000e+01
3.00000000e+22 8.90000000e+01
3.00000000e+22 9.00000000e+01
3.00000000e+22 9.10000000e+01
3.00000000e+22 9.20000000e+01
3.00000000e+22 9.30000000e+01
3.00000000e+22 9.40000000e+01
3.00000000e+22 9.50000000e+01
3.00000000e+22 9.60000000e+01
3.00000000e+22 9.70000000e+01
3.00000000e+22 9.80000000e+01
3.00000000e+22 9.90000000e+01
3.00000000e+22 1.00000000e+02
3.00000000e+22 1.01000000e+02
3.00000000e+22 1.02000000e+02
3.00000000e+22 1.03000000e+02
3.00000000e+22 1.04000000e+02
3.00000000e+22 1.05000000e+02
3.00000000e+22 1.06000000e+02
3.00000000e+22 1.07000000e+02
3.00000000e+22 1.08000000e+02
3.00000000e+22 1.09000000e+02
3.00000000e+22 1.10000000e+02
3.00000000e+22 1.11000000e+02
3.00000000e+22 1.12000000e+02
3.00000000e+22 1.13000000e+02
3.00000000e+22 1.14000000e+02
3.00000000e+22 1.15000000e+02
3.00000000e+22 1.16000000e+02
3.00000000e+22 1.17000000e+02
3.00000000e+22 1.18000000e+02
3.00000000e+22 1.19000000e+02
3.00000000e+22 1.20000000e+02
3.00000000e+22 1.21000000e+02
3.00000000e+22 1.22000000e+02
3.00000000e+22 1.23000000e+02
3.00000000e+22 1.24000000e+02
3.00000000e+22 1.25000000e+02
3.00000000e+22 1.26000000e+02
3.00000000e+22 1.27000000e+02
3.00000000e+22 1.28000000e+02
3.00000000e+22 1.29000000e+02
3.00000000e+22 1.30000000e+02
3.00000000e+22 1.31000000e+02
3.00000000e+22 1.32000000e+02
3.00000000e+22 1.33000000e+02
3.00000000e+22 1.34000000e+02
3.00000000e+22 1.35000000e+02
3.00000000e+22 1.36000000e+02
3.00000000e+22 1.37000000e+02
3.00000000e+22 1.38000000e+02
3.00000000e+22 1.39000000e+02
3.00000000e+22 1.40000000e+02
3.00000000e+22 1.41000000e+02
3.00000000e+22 1.42000000e+02
3.00000000e+22 1.43000000e+02
3.00000000e+22 1.44000000e+02
3.00000000e+22 1.45000000e+02
3.00000000e+22 1.46000000e+02
3.00000000e+22 1.47000000e+02
3.00000000e+22 1.48000000e+02
3.00000000e+22 1.49000000e+02
5.00000000e+20 1.50000000e+02
5.02945635e+20 1.51000000e+02
5.05908624e+20 1.52000000e+02
5.08889069e+20 1.53000000e+02
5.11887072e+20 1.54000000e+02
5.14902737e+20 1.55000000e+02
5.17936168e+20 1.56000000e+02
5.20987470e+20 1.57000000e+02
5.24056749e+20 1.58000000e+02
5.27144109e+20 1.59000000e+02
5.30249657e+20 1.60000000e+02
5.33373501e+20 1.61000000e+02
5.36515749e+20 1.62000000e+02
5.39676508e+20 1.63000000e+02
5.42855889e+20 1.64000000e+02
5.46054000e+20 1.65000000e+02
5.49270951e+20 1.66000000e+02
5.52506855e+20 1.67000000e+02
5.55761823e+20 1.68000000e+02
5.59035966e+20 1.69000000e+02
5.62329398e+20 1.70000000e+02
5.65642232e+20 1.71000000e+02
5.68974584e+20 1.72000000e+02
5.72326567e+20 1.73000000e+02
5.75698298e+20 1.74000000e+02
5.79089892e+20 1.75000000e+02
5.82501467e+20 1.76000000e+02
5.85933141e+20 1.77000000e+02
5.89385032e+20 1.78000000e+02
5.92857258e+20 1.79000000e+02
5.96349941e+20 1.80000000e+02
5.99863200e+20 1.81000000e+02
6.03397156e+20 1.82000000e+02
6.06951932e+20 1.83000000e+02
6.10527650e+20 1.84000000e+02
6.14124434e+20 1.85000000e+02
6.17742407e+20 1.86000000e+02
6.21381694e+20 1.87000000e+02
6.25042422e+20 1.88000000e+02
6.28724716e+20 1.89000000e+02
6.32428703e+20 1.90000000e+02
6.36154512e+20 1.91000000e+02
6.39902270e+20 1.92000000e+02
6.43672108e+20 1.93000000e+02
6.47464154e+20 1.94000000e+02
6.51278541e+20 1.95000000e+02
6.55115399e+20 1.96000000e+02
6.58974861e+20 1.97000000e+02
6.62857060e+20 1.98000000e+02
6.66762130e+20 1.99000000e+02
6.70690206e+20 2.00000000e+02
6.74641424e+20 2.01000000e+02
6.78615919e+20 2.02000000e+02
6.82613829e+20 2.03000000e+02
6.86635292e+20 2.04000000e+02
6.90680446e+20 2.05000000e+02
6.94749431e+20 2.06000000e+02
6.98842388e+20 2.07000000e+02
7.02959458e+20 2.08000000e+02
7.07100782e+20 2.09000000e+02
7.11266504e+20 2.10000000e+02
7.15456767e+20 2.11000000e+02
7.19671717e+20 2.12000000e+02
7.23911498e+20 2.13000000e+02
7.28176256e+20 2.14000000e+02
7.32466139e+20 2.15000000e+02
7.36781296e+20 2.16000000e+02
7.41121873e+20 2.17000000e+02
7.45488023e+20 2.18000000e+02
7.49879895e+20 2.19000000e+02
7.54297640e+20 2.20000000e+02
7.58741411e+20 2.21000000e+02
7.63211362e+20 2.22000000e+02
7.67707647e+20 2.23000000e+02
7.72230420e+20 2.24000000e+02
7.76779839e+20 2.25000000e+02
7.81356059e+20 2.26000000e+02
7.85959239e+20 2.27000000e+02
7.90589537e+20 2.28000000e+02
7.95247114e+20 2.29000000e+02
7.99932130e+20 2.30000000e+02
8.04644746e+20 2.31000000e+02
8.09385126e+20 2.32000000e+02
8.14153433e+20 2.33000000e+02
8.18949831e+20 2.34000000e+02
8.23774486e+20 2.35000000e+02
8.28627565e+20 2.36000000e+02
8.33509234e+20 2.37000000e+02
8.38419662e+20 2.38000000e+02
8.43359019e+20 2.39000000e+02
8.48327475e+20 2.40000000e+02
8.53325202e+20 2.41000000e+02
8.58352372e+20 2.42000000e+02
8.63409158e+20 2.43000000e+02
8.68495735e+20 2.44000000e+02
8.73612278e+20 2.45000000e+02
8.78758964e+20 2.46000000e+02
8.83935971e+20 2.47000000e+02
8.89143477e+20 2.48000000e+02
8.94381662e+20 2.49000000e+02
8.99650706e+20 2.50000000e+02
9.04950792e+20 2.51000000e+02
9.10282102e+20 2.52000000e+02
9.15644820e+20 2.53000000e+02
9.21039131e+20 2.54000000e+02
9.26465222e+20 2.55000000e+02
9.31923279e+20 2.56000000e+02
9.37413491e+20 2.57000000e+02
9.42936048e+20 2.58000000e+02
9.48491139e+20 2.59000000e+02
9.54078957e+20 2.60000000e+02
9.59699694e+20 2.61000000e+02
9.65353545e+20 2.62000000e+02
9.71040704e+20 2.63000000e+02
9.76761367e+20 2.64000000e+02
9.82515733e+20 2.65000000e+02
9.88303999e+20 2.66000000e+02
9.94126365e+20 2.67000000e+02
9.99983032e+20 2.68000000e+02
1.00587420e+21 2.69000000e+02
1.01180008e+21 2.70000000e+02
1.01776087e+21 2.71000000e+02
1.02375677e+21 2.72000000e+02
1.02978800e+21 2.73000000e+02
1.03585476e+21 2.74000000e+02
1.04195726e+21 2.75000000e+02
1.04809571e+21 2.76000000e+02
1.05427033e+21 2.77000000e+02
1.06048132e+21 2.78000000e+02
1.06672890e+21 2.79000000e+02
1.07301329e+21 2.80000000e+02
1.07933470e+21 2.81000000e+02
1.08569336e+21 2.82000000e+02
1.09208947e+21 2.83000000e+02
1.09852326e+21 2.84000000e+02
1.10499496e+21 2.85000000e+02
1.11150479e+21 2.86000000e+02
1.11805296e+21 2.87000000e+02
1.12463971e+21 2.88000000e+02
1.13126527e+21 2.89000000e+02
1.13792986e+21 2.90000000e+02
1.14463371e+21 2.91000000e+02
1.15137706e+21 2.92000000e+02
1.15816013e+21 2.93000000e+02
1.16498317e+21 2.94000000e+02
1.17184640e+21 2.95000000e+02
1.17875006e+21 2.96000000e+02
1.18569440e+21 2.97000000e+02
1.19267965e+21 2.98000000e+02
1.19970604e+21 2.99000000e+02
1.20677384e+21 3.00000000e+02
1.21388327e+21 3.01000000e+02
1.22103458e+21 3.02000000e+02
1.22822803e+21 3.03000000e+02
1.23546385e+21 3.04000000e+02
1.24274230e+21 3.05000000e+02
1.25006364e+21 3.06000000e+02
1.25742810e+21 3.07000000e+02
1.26483595e+21 3.08000000e+02
1.27228744e+21 3.09000000e+02
1.27978283e+21 3.10000000e+02
1.28732238e+21 3.11000000e+02
1.29490634e+21 3.12000000e+02
1.30253499e+21 3.13000000e+02
1.31020857e+21 3.14000000e+02
1.31792737e+21 3.15000000e+02
1.32569163e+21 3.16000000e+02
1.33350164e+21 3.17000000e+02
1.34135766e+21 3.18000000e+02
1.34925996e+21 3.19000000e+02
1.35720882e+21 3.20000000e+02
1.36520450e+21 3.21000000e+02
1.37324729e+21 3.22000000e+02
1.38133746e+21 3.23000000e+02
1.38947530e+21 3.24000000e+02
1.39766107e+21 3.25000000e+02
1.40589507e+21 3.26000000e+02
1.41417758e+21 3.27000000e+02
1.42250889e+21 3.28000000e+02
1.43088927e+21 3.29000000e+02
1.43931903e+21 3.30000000e+02
1.44779845e+21 3.31000000e+02
1.45632782e+21 3.32000000e+02
1.46490744e+21 3.33000000e+02
1.47353761e+21 3.34000000e+02
1.48221862e+21 3.35000000e+02
1.49095077e+21 3.36000000e+02
1.49973437e+21 3.37000000e+02
1.50856971e+21 3.38000000e+02
1.51745711e+21 3.39000000e+02
1.52639686e+21 3.40000000e+02
1.53538928e+21 3.41000000e+02
1.54443467e+21 3.42000000e+02
1.55353336e+21 3.43000000e+02
1.56268565e+21 3.44000000e+02
1.57189185e+21 3.45000000e+02
1.58115230e+21 3.46000000e+02
1.59046730e+21 3.47000000e+02
1.59983717e+21 3.48000000e+02
1.60926225e+21 3.49000000e+02
1.61874285e+21 3.50000000e+02
1.62827931e+21 3.51000000e+02
1.63787195e+21 3.52000000e+02
1.64752110e+21 3.53000000e+02
1.65722710e+21 3.54000000e+02
1.66699027e+21 3.55000000e+02
1.67681097e+21 3.56000000e+02
1.68668952e+21 3.57000000e+02
1.69662627e+21 3.58000000e+02
1.70662156e+21 3.59000000e+02
1.71667574e+21 3.60000000e+02
1.72678915e+21 3.61000000e+02
1.73696214e+21 3.62000000e+02
1.74719506e+21 3.63000000e+02
1.75748827e+21 3.64000000e+02
1.76784212e+21 3.65000000e+02
1.77825697e+21 3.66000000e+02
1.78873317e+21 3.67000000e+02
1.79927109e+21 3.68000000e+02
1.80987110e+21 3.69000000e+02
1.82053355e+21 3.70000000e+02
1.83125882e+21 3.71000000e+02
1.84204728e+21 3.72000000e+02
1.85289929e+21 3.73000000e+02
1.86381524e+21 3.74000000e+02
1.87479550e+21 3.75000000e+02
1.88584045e+21 3.76000000e+02
1.89695046e+21 3.77000000e+02
1.90812593e+21 3.78000000e+02
1.91936724e+21 3.79000000e+02
1.93067478e+21 3.80000000e+02
1.94204893e+21 3.81000000e+02
1.95349010e+21 3.82000000e+02
1.96499866e+21 3.83000000e+02
1.97657503e+21 3.84000000e+02
1.98821960e+21 3.85000000e+02
1.99993278e+21 3.86000000e+02
2.01171496e+21 3.87000000e+02
2.02356656e+21 3.88000000e+02
2.03548798e+21 3.89000000e+02
2.04747963e+21 3.90000000e+02
2.05954194e+21 3.91000000e+02
2.07167531e+21 3.92000000e+02
2.08388016e+21 3.93000000e+02
2.09615692e+21 3.94000000e+02
2.10850600e+21 3.95000000e+02
2.12092785e+21 3.96000000e+02
2.13342287e+21 3.97000000e+02
2.14599152e+21 3.98000000e+02
2.15863421e+21 3.99000000e+02
2.17135139e+21 4.00000000e+02
2.18414349e+21 4.01000000e+02
2.19701096e+21 4.02000000e+02
2.20995424e+21 4.03000000e+02
2.22297378e+21 4.04000000e+02
2.23607003e+21 4.05000000e+02
2.24924344e+21 4.06000000e+02
2.26249446e+21 4.07000000e+02
2.27582355e+21 4.08000000e+02
2.28923118e+21 4.09000000e+02
2.30271780e+21 4.10000000e+02
2.31628389e+21 4.11000000e+02
2.32992991e+21 4.12000000e+02
2.34365632e+21 4.13000000e+02
2.35746362e+21 4.14000000e+02
2.37135226e+21 4.15000000e+02
2.38532274e+21 4.16000000e+02
2.39937553e+21 4.17000000e+02
2.41351113e+21 4.18000000e+02
2.42773002e+21 4.19000000e+02
2.44203268e+21 4.20000000e+02
2.45641962e+21 4.21000000e+02
2.47089134e+21 4.22000000e+02
2.48544832e+21 4.23000000e+02
2.50009109e+21 4.24000000e+02
2.51482013e+21 4.25000000e+02
2.52963597e+21 4.26000000e+02
2.54453911e+21 4.27000000e+02
2.55953008e+21 4.28000000e+02
2.57460938e+21 4.29000000e+02
2.58977754e+21 4.30000000e+02
2.60503508e+21 4.31000000e+02
2.62038254e+21 4.32000000e+02
2.63582044e+21 4.33000000e+02
2.65134932e+21 4.34000000e+02
2.66696971e+21 4.35000000e+02
2.68268216e+21 4.36000000e+02
2.69848721e+21 4.37000000e+02
2.71438541e+21 4.38000000e+02
2.73037731e+21 4.39000000e+02
2.74646346e+21 4.40000000e+02
2.76264442e+21 4.41000000e+02
2.77892075e+21 4.42000000e+02
2.79529301e+21 4.43000000e+02
2.81176178e+21 4.44000000e+02
2.82832762e+21 4.45000000e+02
2.84499111e+21 4.46000000e+02
2.86175283e+21 4.47000000e+02
2.87861336e+21 4.48000000e+02
2.89557327e+21 4.49000000e+02
2.91263317e+21 4.50000000e+02
2.92979365e+21 4.51000000e+02
2.94705530e+21 4.52000000e+02
2.96441872e+21 4.53000000e+02
2.98188451e+21 4.54000000e+02
2.99945328e+21 4.55000000e+02
3.01712565e+21 4.56000000e+02
3.03490223e+21 4.57000000e+02
3.05278363e+21 4.58000000e+02
3.07077048e+21 4.59000000e+02
3.08886341e+21 4.60000000e+02
3.10706305e+21 4.61000000e+02
3.12537003e+21 4.62000000e+02
3.14378499e+21 4.63000000e+02
3.16230857e+21 4.64000000e+02
3.18094142e+21 4.65000000e+02
3.19968419e+21 4.66000000e+02
3.21853754e+21 4.67000000e+02
3.23750212e+21 4.68000000e+02
3.25657860e+21 4.69000000e+02
3.27576765e+21 4.70000000e+02
3.29506994e+21 4.71000000e+02
3.31448614e+21 4.72000000e+02
3.33401694e+21 4.73000000e+02
3.35366303e+21 4.74000000e+02
3.37342508e+21 4.75000000e+02
3.39330380e+21 4.76000000e+02
3.41329989e+21 4.77000000e+02
3.43341405e+21 4.78000000e+02
3.45364699e+21 4.79000000e+02
3.47399943e+21 4.80000000e+02
3.49447207e+21 4.81000000e+02
3.51506565e+21 4.82000000e+02
3.53578089e+21 4.83000000e+02
3.55661853e+21 4.84000000e+02
3.57757930e+21 4.85000000e+02
3.59866396e+21 4.86000000e+02
3.61987324e+21 4.87000000e+02
3.64120790e+21 4.88000000e+02
3.66266870e+21 4.89000000e+02
3.68425640e+21 4.90000000e+02
3.70597179e+21 4.91000000e+02
3.72781562e+21 4.92000000e+02
3.74978869e+21 4.93000000e+02
3.77189177e+21 4.94000000e+02
3.79412567e+21 4.95000000e+02
3.81649119e+21 4.96000000e+02
3.83898911e+21 4.97000000e+02
3.86162027e+21 4.98000000e+02
3.88438547e+21 4.99000000e+02
3.90728554e+21 5.00000000e+02
3.93032131e+21 5.01000000e+02
3.95349361e+21 5.02000000e+02
3.97680329e+21 5.03000000e+02
4.00025120e+21 5.04000000e+02
4.02383818e+21 5.05000000e+02
4.04756511e+21 5.06000000e+02
4.07143286e+21 5.07000000e+02
4.09544229e+21 5.08000000e+02
4.11959431e+21 5.09000000e+02
4.14388979e+21 5.10000000e+02
4.16832963e+21 5.11000000e+02
4.19291475e+21 5.12000000e+02
4.21764605e+21 5.13000000e+02
4.24252446e+21 5.14000000e+02
4.26755091e+21 5.15000000e+02
4.29272634e+21 5.16000000e+02
4.31805169e+21 5.17000000e+02
4.34352792e+21 5.18000000e+02
4.36915600e+21 5.19000000e+02
4.39493688e+21 5.20000000e+02
4.42087157e+21 5.21000000e+02
4.44696104e+21 5.22000000e+02
4.47320630e+21 5.23000000e+02
4.49960835e+21 5.24000000e+02
4.52616823e+21 5.25000000e+02
4.55288694e+21 5.26000000e+02
4.57976554e+21 5.27000000e+02
4.60680508e+21 5.28000000e+02
4.63400661e+21 5.29000000e+02
4.66137121e+21 5.30000000e+02
4.68889995e+21 5.31000000e+02
4.71659394e+21 5.32000000e+02
4.74445427e+21 5.33000000e+02
4.77248206e+21 5.34000000e+02
4.80067845e+21 5.35000000e+02
4.82904456e+21 5.36000000e+02
4.85758157e+21 5.37000000e+02
4.88629062e+21 5.38000000e+02
4.91517291e+21 5.39000000e+02
4.94422963e+21 5.40000000e+02
4.97346197e+21 5.41000000e+02
5.00287117e+21 5.42000000e+02
5.03245846e+21 5.43000000e+02
5.06222509e+21 5.44000000e+02
5.09217232e+21 5.45000000e+02
5.12230144e+21 5.46000000e+02
5.15261373e+21 5.47000000e+02
5.18311053e+21 5.48000000e+02
5.21379315e+21 5.49000000e+02
5.24466294e+21 5.50000000e+02
5.27572127e+21 5.51000000e+02
5.30696951e+21 5.52000000e+02
5.33840908e+21 5.53000000e+02
5.37004138e+21 5.54000000e+02
5.40186786e+21 5.55000000e+02
5.43388997e+21 5.56000000e+02
5.46610920e+21 5.57000000e+02
5.49852705e+21 5.58000000e+02
5.53114502e+21 5.59000000e+02
5.56396468e+21 5.60000000e+02
5.59698758e+21 5.61000000e+02
5.63021531e+21 5.62000000e+02
5.66364948e+21 5.63000000e+02
5.69729173e+21 5.64000000e+02
5.73114371e+21 5.65000000e+02
5.76520712e+21 5.66000000e+02
5.79948367e+21 5.67000000e+02
5.83397510e+21 5.68000000e+02
5.86868316e+21 5.69000000e+02
5.90360967e+21 5.70000000e+02
5.93875643e+21 5.71000000e+02
5.97412531e+21 5.72000000e+02
6.00971818e+21 5.73000000e+02
6.04553696e+21 5.74000000e+02
6.08158360e+21 5.75000000e+02
6.11786007e+21 5.76000000e+02
6.15436840e+21 5.77000000e+02
6.19111062e+21 5.78000000e+02
6.22808882e+21 5.79000000e+02
6.26530512e+21 5.80000000e+02
6.30276167e+21 5.81000000e+02
6.34046067e+21 5.82000000e+02
6.37840436e+21 5.83000000e+02
6.41659500e+21 5.84000000e+02
6.45503492e+21 5.85000000e+02
6.49372647e+21 5.86000000e+02
6.53267205e+21 5.87000000e+02
6.57187410e+21 5.88000000e+02
6.61133513e+21 5.89000000e+02
6.65105766e+21 5.90000000e+02
6.69104428e+21 5.91000000e+02
6.73129763e+21 5.92000000e+02
6.77182039e+21 5.93000000e+02
6.81261531e+21 5.94000000e+02
6.85368516e+21 5.95000000e+02
6.89503281e+21 5.96000000e+02
6.93666114e+21 5.97000000e+02
6.97857311e+21 5.98000000e+02
7.02077175e+21 5.99000000e+02
7.06326012e+21 6.00000000e+02
7.10604137e+21 6.01000000e+02
7.14911870e+21 6.02000000e+02
7.19249536e+21 6.03000000e+02
7.23617471e+21 6.04000000e+02
7.28016012e+21 6.05000000e+02
7.32445509e+21 6.06000000e+02
7.36906313e+21 6.07000000e+02
7.41398787e+21 6.08000000e+02
7.45923299e+21 6.09000000e+02
7.50480227e+21 6.10000000e+02
7.55069953e+21 6.11000000e+02
7.59692871e+21 6.12000000e+02
7.64349381e+21 6.13000000e+02
7.69039892e+21 6.14000000e+02
7.73764821e+21 6.15000000e+02
7.78524594e+21 6.16000000e+02
7.83319647e+21 6.17000000e+02
7.88150424e+21 6.18000000e+02
7.93017379e+21 6.19000000e+02
7.97920976e+21 6.20000000e+02
8.02861688e+21 6.21000000e+02
8.07839999e+21 6.22000000e+02
8.12856401e+21 6.23000000e+02
8.17911400e+21 6.24000000e+02
8.23005511e+21 6.25000000e+02
8.28139259e+21 6.26000000e+02
8.33313183e+21 6.27000000e+02
8.38527830e+21 6.28000000e+02
8.43783762e+21 6.29000000e+02
8.49081551e+21 6.30000000e+02
8.54421782e+21 6.31000000e+02
8.59805052e+21 6.32000000e+02
8.65231972e+21 6.33000000e+02
8.70703165e+21 6.34000000e+02
8.76219268e+21 6.35000000e+02
8.81780930e+21 6.36000000e+02
8.87388815e+21 6.37000000e+02
8.93043603e+21 6.38000000e+02
8.98745986e+21 6.39000000e+02
9.04496671e+21 6.40000000e+02
9.10296381e+21 6.41000000e+02
9.16145854e+21 6.42000000e+02
9.22045843e+21 6.43000000e+02
9.27997118e+21 6.44000000e+02
9.34000465e+21 6.45000000e+02
9.40056686e+21 6.46000000e+02
9.46166601e+21 6.47000000e+02
9.52331045e+21 6.48000000e+02
9.58550874e+21 6.49000000e+02
9.64826959e+21 6.50000000e+02
9.71160190e+21 6.51000000e+02
9.77551475e+21 6.52000000e+02
9.84001743e+21 6.53000000e+02
9.90511941e+21 6.54000000e+02
9.97083033e+21 6.55000000e+02
1.00371601e+22 6.56000000e+02
1.01041187e+22 6.57000000e+02
1.01717164e+22 6.58000000e+02
1.02399638e+22 6.59000000e+02
1.03088715e+22 6.60000000e+02
1.03195378e+22 6.61000000e+02
1.03305393e+22 6.62000000e+02
1.03418854e+22 6.63000000e+02
1.03535856e+22 6.64000000e+02
1.03656496e+22 6.65000000e+02
1.03780874e+22 6.66000000e+02
1.03909093e+22 6.67000000e+02
1.04041255e+22 6.68000000e+02
1.04177468e+22 6.69000000e+02
1.04317840e+22 6.70000000e+02
1.04462483e+22 6.71000000e+02
1.04611510e+22 6.72000000e+02
1.04765037e+22 6.73000000e+02
1.04923183e+22 6.74000000e+02
1.05086069e+22 6.75000000e+02
1.05253819e+22 6.76000000e+02
1.05426559e+22 6.77000000e+02
1.05604418e+22 6.78000000e+02
1.05787528e+22 6.79000000e+02
1.05976023e+22 6.80000000e+02
1.06170040e+22 6.81000000e+02
1.06369719e+22 6.82000000e+02
1.06575202e+22 6.83000000e+02
1.06786635e+22 6.84000000e+02
1.07004167e+22 6.85000000e+02
1.07227949e+22 6.86000000e+02
1.07458134e+22 6.87000000e+02
1.07694881e+22 6.88000000e+02
1.07938349e+22 6.89000000e+02
1.08188701e+22 6.90000000e+02
1.08446104e+22 6.91000000e+02
1.08710727e+22 6.92000000e+02
1.08982743e+22 6.93000000e+02
1.09262327e+22 6.94000000e+02
1.09549657e+22 6.95000000e+02
1.09844917e+22 6.96000000e+02
1.10148291e+22 6.97000000e+02
1.10459967e+22 6.98000000e+02
1.10780137e+22 6.99000000e+02
1.11108997e+22 7.00000000e+02
1.11446743e+22 7.01000000e+02
1.11793580e+22 7.02000000e+02
1.12149710e+22 7.03000000e+02
1.12515342e+22 7.04000000e+02
1.12890689e+22 7.05000000e+02
1.13275965e+22 7.06000000e+02
1.13671389e+22 7.07000000e+02
1.14077183e+22 7.08000000e+02
1.14493573e+22 7.09000000e+02
1.14920786e+22 7.10000000e+02
1.15359056e+22 7.11000000e+02
1.15808619e+22 7.12000000e+02
1.16269713e+22 7.13000000e+02
1.16742582e+22 7.14000000e+02
1.17227471e+22 7.15000000e+02
1.17724631e+22 7.16000000e+02
1.18234315e+22 7.17000000e+02
1.18756780e+22 7.18000000e+02
1.19292285e+22 7.19000000e+02
1.19841095e+22 7.20000000e+02
1.20403476e+22 7.21000000e+02
1.20979699e+22 7.22000000e+02
1.21570039e+22 7.23000000e+02
1.22174773e+22 7.24000000e+02
1.22794181e+22 7.25000000e+02
1.23428548e+22 7.26000000e+02
1.24078162e+22 7.27000000e+02
1.24743313e+22 7.28000000e+02
1.25424297e+22 7.29000000e+02
1.26121410e+22 7.30000000e+02
1.26834954e+22 7.31000000e+02
1.27565232e+22 7.32000000e+02
1.28312553e+22 7.33000000e+02
1.29077227e+22 7.34000000e+02
1.29859567e+22 7.35000000e+02
1.30659890e+22 7.36000000e+02
1.31478516e+22 7.37000000e+02
1.32315768e+22 7.38000000e+02
1.33171971e+22 7.39000000e+02
1.34047455e+22 7.40000000e+02
1.34942550e+22 7.41000000e+02
1.35857591e+22 7.42000000e+02
1.36792914e+22 7.43000000e+02
1.37748860e+22 7.44000000e+02
1.38725770e+22 7.45000000e+02
1.39723990e+22 7.46000000e+02
1.40743865e+22 7.47000000e+02
1.41785746e+22 7.48000000e+02
1.42849984e+22 7.49000000e+02
1.43936934e+22 7.50000000e+02
1.45046950e+22 7.51000000e+02
1.46180391e+22 7.52000000e+02
1.47337618e+22 7.53000000e+02
1.48518991e+22 7.54000000e+02
1.49724873e+22 7.55000000e+02
1.50955631e+22 7.56000000e+02
1.52211631e+22 7.57000000e+02
1.53493239e+22 7.58000000e+02
1.54800827e+22 7.59000000e+02
1.56134763e+22 7.60000000e+02
1.57495419e+22 7.61000000e+02
1.58883168e+22 7.62000000e+02
1.60298382e+22 7.63000000e+02
1.61741436e+22 7.64000000e+02
1.63212703e+22 7.65000000e+02
1.64712558e+22 7.66000000e+02
1.66241376e+22 7.67000000e+02
1.67799531e+22 7.68000000e+02
1.69387399e+22 7.69000000e+02
1.71005354e+22 7.70000000e+02
1.72653770e+22 7.71000000e+02
1.74333021e+22 7.72000000e+02
1.76043480e+22 7.73000000e+02
1.77785519e+22 7.74000000e+02
1.79559509e+22 7.75000000e+02
1.81365820e+22 7.76000000e+02
1.83204820e+22 7.77000000e+02
1.85076877e+22 7.78000000e+02
1.86982355e+22 7.79000000e+02
1.88921617e+22 7.80000000e+02
1.90895026e+22 7.81000000e+02
1.92902939e+22 7.82000000e+02
1.94945712e+22 7.83000000e+02
1.97023700e+22 7.84000000e+02
1.99137253e+22 7.85000000e+02
2.01286717e+22 7.86000000e+02
2.03472438e+22 7.87000000e+02
2.05694756e+22 7.88000000e+02
2.07954007e+22 7.89000000e+02
2.10250525e+22 7.90000000e+02
2.12584638e+22 7.91000000e+02
2.14956670e+22 7.92000000e+02
2.17366941e+22 7.93000000e+02
2.19815766e+22 7.94000000e+02
2.22303453e+22 7.95000000e+02
2.24830308e+22 7.96000000e+02
2.27396629e+22 7.97000000e+02
2.30002708e+22 7.98000000e+02
2.32648832e+22 7.99000000e+02
2.35335283e+22 8.00000000e+02
2.38062334e+22 8.01000000e+02
2.40830252e+22 8.02000000e+02
2.43639298e+22 8.03000000e+02
2.46489723e+22 8.04000000e+02
2.49381775e+22 8.05000000e+02
2.52315691e+22 8.06000000e+02
2.55291699e+22 8.07000000e+02
2.58310023e+22 8.08000000e+02
2.61370874e+22 8.09000000e+02
2.64474457e+22 8.10000000e+02
2.67620967e+22 8.11000000e+02
2.70810590e+22 8.12000000e+02
2.74043502e+22 8.13000000e+02
2.77319870e+22 8.14000000e+02
2.80639852e+22 8.15000000e+02
2.84003592e+22 8.16000000e+02
2.87411227e+22 8.17000000e+02
2.90862883e+22 8.18000000e+02
2.94358672e+22 8.19000000e+02
2.97898699e+22 8.20000000e+02
3.01483054e+22 8.21000000e+02
3.05111817e+22 8.22000000e+02
3.08785055e+22 8.23000000e+02
3.12502824e+22 8.24000000e+02
3.16265167e+22 8.25000000e+02
3.20072113e+22 8.26000000e+02
3.23923680e+22 8.27000000e+02
3.27819871e+22 8.28000000e+02
3.31760678e+22 8.29000000e+02
3.35746077e+22 8.30000000e+02
3.39776030e+22 8.31000000e+02
3.43850487e+22 8.32000000e+02
3.47969382e+22 8.33000000e+02
3.52132635e+22 8.34000000e+02
3.56340151e+22 8.35000000e+02
3.60591821e+22 8.36000000e+02
3.64887519e+22 8.37000000e+02
3.69227105e+22 8.38000000e+02
3.73610423e+22 8.39000000e+02
3.78037300e+22 8.40000000e+02
3.82507551e+22 8.41000000e+02
3.87020970e+22 8.42000000e+02
3.91577337e+22 8.43000000e+02
3.96176417e+22 8.44000000e+02
4.00817954e+22 8.45000000e+02
4.05501680e+22 8.46000000e+02
4.10227308e+22 8.47000000e+02
4.14994532e+22 8.48000000e+02
4.19803031e+22 8.49000000e+02
4.24652467e+22 8.50000000e+02
4.29542484e+22 8.51000000e+02
4.34472706e+22 8.52000000e+02
4.39442742e+22 8.53000000e+02
4.44452183e+22 8.54000000e+02
4.49500600e+22 8.55000000e+02
4.54587549e+22 8.56000000e+02
4.59712564e+22 8.57000000e+02
4.64875164e+22 8.58000000e+02
4.70074849e+22 8.59000000e+02
4.75311099e+22 8.60000000e+02
4.80583377e+22 8.61000000e+02
4.85891128e+22 8.62000000e+02
4.91233778e+22 8.63000000e+02
4.96610733e+22 8.64000000e+02
5.02021383e+22 8.65000000e+02
5.07465098e+22 8.66000000e+02
5.12941229e+22 8.67000000e+02
5.18449109e+22 8.68000000e+02
5.23988053e+22 8.69000000e+02
5.29557358e+22 8.70000000e+02
5.35156301e+22 8.71000000e+02
5.40784141e+22 8.72000000e+02
5.46440119e+22 8.73000000e+02
5.52123458e+22 8.74000000e+02
5.57833362e+22 8.75000000e+02
5.63569017e+22 8.76000000e+02
5.69329593e+22 8.77000000e+02
5.75114239e+22 8.78000000e+02
5.80922089e+22 8.79000000e+02
5.86752256e+22 8.80000000e+02
5.92603839e+22 8.81000000e+02
5.98475918e+22 8.82000000e+02
6.04367555e+22 8.83000000e+02
6.10277798e+22 8.84000000e+02
6.16205674e+22 8.85000000e+02
6.22150196e+22 8.86000000e+02
6.28110361e+22 8.87000000e+02
6.34085148e+22 8.88000000e+02
6.40073520e+22 8.89000000e+02
6.46074427e+22 8.90000000e+02
6.52086799e+22 8.91000000e+02
6.58109555e+22 8.92000000e+02
6.64141597e+22 8.93000000e+02
6.70181812e+22 8.94000000e+02
6.76229074e+22 8.95000000e+02
6.82282240e+22 8.96000000e+02
6.88340157e+22 8.97000000e+02
6.94401656e+22 8.98000000e+02
7.00465555e+22 8.99000000e+02
7.06530660e+22 9.00000000e+02
7.12595764e+22 9.01000000e+02
7.18659648e+22 9.02000000e+02
7.24721081e+22 9.03000000e+02
7.30778821e+22 9.04000000e+02
7.36831614e+22 9.05000000e+02
7.42878198e+22 9.06000000e+02
7.48917298e+22 9.07000000e+02
7.54947630e+22 9.08000000e+02
7.60967902e+22 9.09000000e+02
7.66976811e+22 9.10000000e+02
7.72973046e+22 9.11000000e+02
7.78955290e+22 9.12000000e+02
7.84922216e+22 9.13000000e+02
7.90872491e+22 9.14000000e+02
7.96804775e+22 9.15000000e+02
8.02717723e+22 9.16000000e+02
8.08609982e+22 9.17000000e+02
8.14480195e+22 9.18000000e+02
8.20327002e+22 9.19000000e+02
8.26149037e+22 9.20000000e+02
8.31944930e+22 9.21000000e+02
8.37713309e+22 9.22000000e+02
8.43452799e+22 9.23000000e+02
8.49162023e+22 9.24000000e+02
8.54839602e+22 9.25000000e+02
8.60484157e+22 9.26000000e+02
8.66094307e+22 9.27000000e+02
8.71668674e+22 9.28000000e+02
8.77205877e+22 9.29000000e+02
8.82704538e+22 9.30000000e+02
8.88163282e+22 9.31000000e+02
8.93580734e+22 9.32000000e+02
8.98955523e+22 9.33000000e+02
9.04286283e+22 9.34000000e+02
9.09571649e+22 9.35000000e+02
9.14810262e+22 9.36000000e+02
9.20000770e+22 9.37000000e+02
9.25141824e+22 9.38000000e+02
9.30232082e+22 9.39000000e+02
9.35270211e+22 9.40000000e+02
9.40254884e+22 9.41000000e+02
9.45184781e+22 9.42000000e+02
9.50058592e+22 9.43000000e+02
9.54875017e+22 9.44000000e+02
9.59632764e+22 9.45000000e+02
9.64330552e+22 9.46000000e+02
9.68967112e+22 9.47000000e+02
9.73541186e+22 9.48000000e+02
9.78051527e+22 9.49000000e+02
9.82496903e+22 9.50000000e+02
9.86876092e+22 9.51000000e+02
9.91187889e+22 9.52000000e+02
9.95431101e+22 9.53000000e+02
9.99604551e+22 9.54000000e+02
1.00370708e+23 9.55000000e+02
1.00773754e+23 9.56000000e+02
1.01169479e+23 9.57000000e+02
1.01557774e+23 9.58000000e+02
1.01938529e+23 9.59000000e+02
1.02311635e+23 9.60000000e+02
1.02676987e+23 9.61000000e+02
1.03034481e+23 9.62000000e+02
1.03384015e+23 9.63000000e+02
1.03725490e+23 9.64000000e+02
1.04058806e+23 9.65000000e+02
1.04383870e+23 9.66000000e+02
1.04700586e+23 9.67000000e+02
1.05008863e+23 9.68000000e+02
1.05308613e+23 9.69000000e+02
1.05599748e+23 9.70000000e+02
1.05882184e+23 9.71000000e+02
1.06155838e+23 9.72000000e+02
1.06420630e+23 9.73000000e+02
1.06676484e+23 9.74000000e+02
1.06923323e+23 9.75000000e+02
1.07161077e+23 9.76000000e+02
1.07389674e+23 9.77000000e+02
1.07609047e+23 9.78000000e+02
1.07819132e+23 9.79000000e+02
1.08019867e+23 9.80000000e+02
1.08211193e+23 9.81000000e+02
1.08393051e+23 9.82000000e+02
1.08565390e+23 9.83000000e+02
1.08728157e+23 9.84000000e+02
1.08881304e+23 9.85000000e+02
1.09024786e+23 9.86000000e+02
1.09158560e+23 9.87000000e+02
1.09282586e+23 9.88000000e+02
1.09396826e+23 9.89000000e+02
1.09501248e+23 9.90000000e+02
1.09595819e+23 9.91000000e+02
1.09680511e+23 9.92000000e+02
1.09755300e+23 9.93000000e+02
1.09820162e+23 9.94000000e+02
1.09875078e+23 9.95000000e+02
1.09920032e+23 9.96000000e+02
1.09955010e+23 9.97000000e+02
1.09980002e+23 9.98000000e+02
1.09995000e+23 9.99000000e+02
1.10000000e+23 1.00000000e+03
1.09995000e+23 1.00100000e+03
1.09980002e+23 1.00200000e+03
1.09955010e+23 1.00300000e+03
1.09920032e+23 1.00400000e+03
1.09875078e+23 1.00500000e+03
1.09820162e+23 1.00600000e+03
1.09755300e+23 1.00700000e+03
1.09680511e+23 1.00800000e+03
1.09595819e+23 1.00900000e+03
1.09501248e+23 1.01000000e+03
1.09396826e+23 1.01100000e+03
1.09282586e+23 1.01200000e+03
1.09158560e+23 1.01300000e+03
1.09024786e+23 1.01400000e+03
1.08881304e+23 1.01500000e+03
1.08728157e+23 1.01600000e+03
1.08565390e+23 1.01700000e+03
1.08393051e+23 1.01800000e+03
1.08211193e+23 1.01900000e+03
1.08019867e+23 1.02000000e+03
1.07819132e+23 1.02100000e+03
1.07609047e+23 1.02200000e+03
1.07389674e+23 1.02300000e+03
1.07161077e+23 1.02400000e+03
1.06923323e+23 1.02500000e+03
1.06676484e+23 1.02600000e+03
1.06420630e+23 1.02700000e+03
1.06155838e+23 1.02800000e+03
1.05882184e+23 1.02900000e+03
1.05599748e+23 1.03000000e+03
1.05308613e+23 1.03100000e+03
1.05008863e+23 1.03200000e+03
1.04700586e+23 1.03300000e+03
1.04383870e+23 1.03400000e+03
1.04058806e+23 1.03500000e+03
1.03725490e+23 1.03600000e+03
1.03384015e+23 1.03700000e+03
1.03034481e+23 1.03800000e+03
1.02676987e+23 1.03900000e+03
1.02311635e+23 1.04000000e+03
1.01938529e+23 1.04100000e+03
1.01557774e+23 1.04200000e+03
1.01169479e+23 1.04300000e+03
1.00773754e+23 1.04400000e+03
1.00370708e+23 1.04500000e+03
9.99604551e+22 1.04600000e+03
9.95431101e+22 1.04700000e+03
9.91187889e+22 1.04800000e+03
9.86876092e+22 1.04900000e+03
9.82496903e+22 1.05000000e+03
9.78051527e+22 1.05100000e+03
9.73541186e+22 1.05200000e+03
9.68967112e+22 1.05300000e+03
9.64330552e+22 1.05400000e+03
9.59632764e+22 1.05500000e+03
9.54875017e+22 1.05600000e+03
9.50058592e+22 1.05700000e+03
9.45184781e+22 1.05800000e+03
9.40254884e+22 1.05900000e+03
9.35270211e+22 1.06000000e+03
9.30232082e+22 1.06100000e+03
9.25141824e+22 1.06200000e+03
9.20000770e+22 1.06300000e+03
9.14810262e+22 1.06400000e+03
9.09571649e+22 1.06500000e+03
9.04286283e+22 1.06600000e+03
8.98955523e+22 1.06700000e+03
8.93580734e+22 1.06800000e+03
8.88163282e+22 1.06900000e+03
8.82704538e+22 1.07000000e+03
8.77205877e+22 1.07100000e+03
8.71668674e+22 1.07200000e+03
8.66094307e+22 1.07300000e+03
8.60484157e+22 1.07400000e+03
8.54839602e+22 1.07500000e+03
8.49162023e+22 1.07600000e+03
8.43452799e+22 1.07700000e+03
8.37713309e+22 1.07800000e+03
8.31944930e+22 1.07900000e+03
8.26149037e+22 1.08000000e+03
8.20327002e+22 1.08100000e+03
8.14480195e+22 1.08200000e+03
8.08609982e+22 1.08300000e+03
8.02717723e+22 1.08400000e+03
7.96804775e+22 1.08500000e+03
7.90872491e+22 1.08600000e+03
7.84922216e+22 1.08700000e+03
7.78955290e+22 1.08800000e+03
7.72973046e+22 1.08900000e+03
7.66976811e+22 1.09000000e+03
7.60967902e+22 1.09100000e+03
7.54947630e+22 1.09200000e+03
7.48917298e+22 1.09300000e+03
7.42878198e+22 1.09400000e+03
7.36831614e+22 1.09500000e+03
7.30778821e+22 1.09600000e+03
7.24721081e+22 1.09700000e+03
7.18659648e+22 1.09800000e+03
7.12595764e+22 1.09900000e+03
7.06530660e+22 1.10000000e+03
7.00465555e+22 1.10100000e+03
6.94401656e+22 1.10200000e+03
6.88340157e+22 1.10300000e+03
6.82282240e+22 1.10400000e+03
6.76229074e+22 1.10500000e+03
6.70181812e+22 1.10600000e+03
6.64141597e+22 1.10700000e+03
6.58109555e+22 1.10800000e+03
6.52086799e+22 1.10900000e+03
6.46074427e+22 1.11000000e+03
6.40073520e+22 1.11100000e+03
6.34085148e+22 1.11200000e+03
6.28110361e+22 1.11300000e+03
6.22150196e+22 1.11400000e+03
6.16205674e+22 1.11500000e+03
6.10277798e+22 1.11600000e+03
6.04367555e+22 1.11700000e+03
5.98475918e+22 1.11800000e+03
5.92603839e+22 1.11900000e+03
5.86752256e+22 1.12000000e+03
5.80922089e+22 1.12100000e+03
5.75114239e+22 1.12200000e+03
5.69329593e+22 1.12300000e+03
5.63569017e+22 1.12400000e+03
5.57833362e+22 1.12500000e+03
5.52123458e+22 1.12600000e+03
5.46440119e+22 1.12700000e+03
5.40784141e+22 1.12800000e+03
5.35156301e+22 1.12900000e+03
5.29557358e+22 1.13000000e+03
5.23988053e+22 1.13100000e+03
5.18449109e+22 1.13200000e+03
5.12941229e+22 1.13300000e+03
5.07465098e+22 1.13400000e+03
5.02021383e+22 1.13500000e+03
4.96610733e+22 1.13600000e+03
4.91233778e+22 1.13700000e+03
4.85891128e+22 1.13800000e+03
4.80583377e+22 1.13900000e+03
4.75311099e+22 1.14000000e+03
4.70074849e+22 1.14100000e+03
4.64875164e+22 1.14200000e+03
4.59712564e+22 1.14300000e+03
4.54587549e+22 1.14400000e+03
4.49500600e+22 1.14500000e+03
4.44452183e+22 1.14600000e+03
4.39442742e+22 1.14700000e+03
4.34472706e+22 1.14800000e+03
4.29542484e+22 1.14900000e+03
4.24652467e+22 1.15000000e+03
4.19803031e+22 1.15100000e+03
4.14994532e+22 1.15200000e+03
4.10227308e+22 1.15300000e+03
4.05501680e+22 1.15400000e+03
4.00817954e+22 1.15500000e+03
3.96176417e+22 1.15600000e+03
3.91577337e+22 1.15700000e+03
3.87020970e+22 1.15800000e+03
3.82507551e+22 1.15900000e+03
3.78037300e+22 1.16000000e+03
3.73610423e+22 1.16100000e+03
3.69227105e+22 1.16200000e+03
3.64887519e+22 1.16300000e+03
3.60591821e+22 1.16400000e+03
3.56340151e+22 1.16500000e+03
3.52132635e+22 1.16600000e+03
3.47969382e+22 1.16700000e+03
3.43850487e+22 1.16800000e+03
3.39776030e+22 1.16900000e+03
3.35746077e+22 1.17000000e+03
3.31760678e+22 1.17100000e+03
3.27819871e+22 1.17200000e+03
3.23923680e+22 1.17300000e+03
3.20072113e+22 1.17400000e+03
3.16265167e+22 1.17500000e+03
3.12502824e+22 1.17600000e+03
3.08785055e+22 1.17700000e+03
3.05111817e+22 1.17800000e+03
3.01483054e+22 1.17900000e+03
2.97898699e+22 1.18000000e+03
2.94358672e+22 1.18100000e+03
2.90862883e+22 1.18200000e+03
2.87411227e+22 1.18300000e+03
2.84003592e+22 1.18400000e+03
2.80639852e+22 1.18500000e+03
2.77319870e+22 1.18600000e+03
2.74043502e+22 1.18700000e+03
2.70810590e+22 1.18800000e+03
2.67620967e+22 1.18900000e+03
2.64474457e+22 1.19000000e+03
2.61370874e+22 1.19100000e+03
2.58310023e+22 1.19200000e+03
2.55291699e+22 1.19300000e+03
2.52315691e+22 1.19400000e+03
2.49381775e+22 1.19500000e+03
2.46489723e+22 1.19600000e+03
2.43639298e+22 1.19700000e+03
2.40830252e+22 1.19800000e+03
2.38062334e+22 1.19900000e+03
2.35335283e+22 1.20000000e+03
2.32648832e+22 1.20100000e+03
2.30002708e+22 1.20200000e+03
2.27396629e+22 1.20300000e+03
2.24830308e+22 1.20400000e+03
2.22303453e+22 1.20500000e+03
2.19815766e+22 1.20600000e+03
2.17366941e+22 1.20700000e+03
2.14956670e+22 1.20800000e+03
2.12584638e+22 1.20900000e+03
2.10250525e+22 1.21000000e+03
2.07954007e+22 1.21100000e+03
2.05694756e+22 1.21200000e+03
2.03472438e+22 1.21300000e+03
2.01286717e+22 1.21400000e+03
1.99137253e+22 1.21500000e+03
1.97023700e+22 1.21600000e+03
1.94945712e+22 1.21700000e+03
1.92902939e+22 1.21800000e+03
1.90895026e+22 1.21900000e+03
1.88921617e+22 1.22000000e+03
1.86982355e+22 1.22100000e+03
1.85076877e+22 1.22200000e+03
1.83204820e+22 1.22300000e+03
1.81365820e+22 1.22400000e+03
1.79559509e+22 1.22500000e+03
1.77785519e+22 1.22600000e+03
1.76043480e+22 1.22700000e+03
1.74333021e+22 1.22800000e+03
1.72653770e+22 1.22900000e+03
1.71005354e+22 1.23000000e+03
1.69387399e+22 1.23100000e+03
1.67799531e+22 1.23200000e+03
1.66241376e+22 1.23300000e+03
1.64712558e+22 1.23400000e+03
1.63212703e+22 1.23500000e+03
1.61741436e+22 1.23600000e+03
1.60298382e+22 1.23700000e+03
1.58883168e+22 1.23800000e+03
1.57495419e+22 1.23900000e+03
1.56134763e+22 1.24000000e+03
1.54800827e+22 1.24100000e+03
1.53493239e+22 1.24200000e+03
1.52211631e+22 1.24300000e+03
1.50955631e+22 1.24400000e+03
1.49724873e+22 1.24500000e+03
1.48518991e+22 1.24600000e+03
1.47337618e+22 1.24700000e+03
1.46180391e+22 1.24800000e+03
1.45046950e+22 1.24900000e+03
1.43936934e+22 1.25000000e+03
1.42849984e+22 1.25100000e+03
1.41785746e+22 1.25200000e+03
1.40743865e+22 1.25300000e+03
1.39723990e+22 1.25400000e+03
1.38725770e+22 1.25500000e+03
1.37748860e+22 1.25600000e+03
1.36792914e+22 1.25700000e+03
1.35857591e+22 1.25800000e+03
1.34942550e+22 1.25900000e+03
1.34047455e+22 1.26000000e+03
1.33171971e+22 1.26100000e+03
1.32315768e+22 1.26200000e+03
1.31478516e+22 1.26300000e+03
1.30659890e+22 1.26400000e+03
1.29859567e+22 1.26500000e+03
1.29077227e+22 1.26600000e+03
1.28312553e+22 1.26700000e+03
1.27565232e+22 1.26800000e+03
1.26834954e+22 1.26900000e+03
1.26121410e+22 1.27000000e+03
1.25424297e+22 1.27100000e+03
1.24743313e+22 1.27200000e+03
1.24078162e+22 1.27300000e+03
1.23428548e+22 1.27400000e+03
1.22794181e+22 1.27500000e+03
1.22174773e+22 1.27600000e+03
1.21570039e+22 1.27700000e+03
1.20979699e+22 1.27800000e+03
1.20403476e+22 1.27900000e+03
1.19841095e+22 1.28000000e+03
1.19292285e+22 1.28100000e+03
1.18756780e+22 1.28200000e+03
1.18234315e+22 1.28300000e+03
1.17724631e+22 1.28400000e+03
1.17227471e+22 1.28500000e+03
1.16742582e+22 1.28600000e+03
1.16269713e+22 1.28700000e+03
1.15808619e+22 1.28800000e+03
1.15359056e+22 1.28900000e+03
1.14920786e+22 1.29000000e+03
1.14493573e+22 1.29100000e+03
1.14077183e+22 1.29200000e+03
1.13671389e+22 1.29300000e+03
1.13275965e+22 1.29400000e+03
1.12890689e+22 1.29500000e+03
1.12515342e+22 1.29600000e+03
1.12149710e+22 1.29700000e+03
1.11793580e+22 1.29800000e+03
1.11446743e+22 1.29900000e+03
1.11108997e+22 1.30000000e+03
1.10780137e+22 1.30100000e+03
1.10459967e+22 1.30200000e+03
1.10148291e+22 1.30300000e+03
1.09844917e+22 1.30400000e+03
1.09549657e+22 1.30500000e+03
1.09262327e+22 1.30600000e+03
1.08982743e+22 1.30700000e+03
1.08710727e+22 1.30800000e+03
1.08446104e+22 1.30900000e+03
1.08188701e+22 1.31000000e+03
1.07938349e+22 1.31100000e+03
1.07694881e+22 1.31200000e+03
1.07458134e+22 1.31300000e+03
1.07227949e+22 1.31400000e+03
1.07004167e+22 1.31500000e+03
1.06786635e+22 1.31600000e+03
1.06575202e+22 1.31700000e+03
1.06369719e+22 1.31800000e+03
1.06170040e+22 1.31900000e+03
1.05976023e+22 1.32000000e+03
1.05787528e+22 1.32100000e+03
1.05604418e+22 1.32200000e+03
1.05426559e+22 1.32300000e+03
1.05253819e+22 1.32400000e+03
1.05086069e+22 1.32500000e+03
1.04923183e+22 1.32600000e+03
1.04765037e+22 1.32700000e+03
1.04611510e+22 1.32800000e+03
1.04462483e+22 1.32900000e+03
1.04317840e+22 1.33000000e+03
1.04177468e+22 1.33100000e+03
1.04041255e+22 1.33200000e+03
1.03909093e+22 1.33300000e+03
1.03780874e+22 1.33400000e+03
1.03656496e+22 1.33500000e+03
1.03535856e+22 1.33600000e+03
1.03418854e+22 1.33700000e+03
1.03305393e+22 1.33800000e+03
1.03195378e+22 1.33900000e+03
1.03088715e+22 1.34000000e+03
1.02985315e+22 1.34100000e+03
1.02885088e+22 1.34200000e+03
1.02787946e+22 1.34300000e+03
1.02693807e+22 1.34400000e+03
1.02602585e+22 1.34500000e+03
1.02514202e+22 1.34600000e+03
1.02428576e+22 1.34700000e+03
1.02345633e+22 1.34800000e+03
1.02265296e+22 1.34900000e+03
1.02187491e+22 1.35000000e+03
1.02112148e+22 1.35100000e+03
1.02039195e+22 1.35200000e+03
1.01968566e+22 1.35300000e+03
1.01900193e+22 1.35400000e+03
1.01834011e+22 1.35500000e+03
1.01769957e+22 1.35600000e+03
1.01707970e+22 1.35700000e+03
1.01647988e+22 1.35800000e+03
1.01589954e+22 1.35900000e+03
1.01533811e+22 1.36000000e+03
1.01479502e+22 1.36100000e+03
1.01426973e+22 1.36200000e+03
1.01376171e+22 1.36300000e+03
1.01327046e+22 1.36400000e+03
1.01279546e+22 1.36500000e+03
1.01233623e+22 1.36600000e+03
1.01189229e+22 1.36700000e+03
1.01146318e+22 1.36800000e+03
1.01104845e+22 1.36900000e+03
1.01064766e+22 1.37000000e+03
1.01026039e+22 1.37100000e+03
1.00988621e+22 1.37200000e+03
1.00952472e+22 1.37300000e+03
1.00917553e+22 1.37400000e+03
1.00883826e+22 1.37500000e+03
1.00851254e+22 1.37600000e+03
1.00819800e+22 1.37700000e+03
1.00789430e+22 1.37800000e+03
1.00760108e+22 1.37900000e+03
1.00731802e+22 1.38000000e+03
1.00704480e+22 1.38100000e+03
1.00678111e+22 1.38200000e+03
1.00652663e+22 1.38300000e+03
1.00628107e+22 1.38400000e+03
1.00604415e+22 1.38500000e+03
1.00581558e+22 1.38600000e+03
1.00559510e+22 1.38700000e+03
1.00538243e+22 1.38800000e+03
1.00517733e+22 1.38900000e+03
1.00497955e+22 1.39000000e+03
1.00478885e+22 1.39100000e+03
1.00460499e+22 1.39200000e+03
1.00442774e+22 1.39300000e+03
1.00425690e+22 1.39400000e+03
1.00409223e+22 1.39500000e+03
1.00393354e+22 1.39600000e+03
1.00378063e+22 1.39700000e+03
1.00363330e+22 1.39800000e+03
1.00349136e+22 1.39900000e+03
1.00335463e+22 1.40000000e+03
1.00322293e+22 1.40100000e+03
1.00309609e+22 1.40200000e+03
1.00297395e+22 1.40300000e+03
1.00285634e+22 1.40400000e+03
1.00274310e+22 1.40500000e+03
1.00263410e+22 1.40600000e+03
1.00252917e+22 1.40700000e+03
1.00242818e+22 1.40800000e+03
1.00233098e+22 1.40900000e+03
1.00223746e+22 1.41000000e+03
1.00214747e+22 1.41100000e+03
1.00206090e+22 1.41200000e+03
1.00197761e+22 1.41300000e+03
1.00189751e+22 1.41400000e+03
1.00182046e+22 1.41500000e+03
1.00174637e+22 1.41600000e+03
1.00167513e+22 1.41700000e+03
1.00160663e+22 1.41800000e+03
1.00154078e+22 1.41900000e+03
1.00147748e+22 1.42000000e+03
1.00141664e+22 1.42100000e+03
1.00135817e+22 1.42200000e+03
1.00130199e+22 1.42300000e+03
1.00124800e+22 1.42400000e+03
1.00119613e+22 1.42500000e+03
1.00114630e+22 1.42600000e+03
1.00109844e+22 1.42700000e+03
1.00105247e+22 1.42800000e+03
1.00100832e+22 1.42900000e+03
1.00096593e+22 1.43000000e+03
1.00092523e+22 1.43100000e+03
1.00088616e+22 1.43200000e+03
1.00084865e+22 1.43300000e+03
1.00081265e+22 1.43400000e+03
1.00077809e+22 1.43500000e+03
1.00074493e+22 1.43600000e+03
1.00071312e+22 1.43700000e+03
1.00068259e+22 1.43800000e+03
1.00065331e+22 1.43900000e+03
1.00062522e+22 1.44000000e+03
1.00059827e+22 1.44100000e+03
1.00057243e+22 1.44200000e+03
1.00054766e+22 1.44300000e+03
1.00052390e+22 1.44400000e+03
1.00050112e+22 1.44500000e+03
1.00047929e+22 1.44600000e+03
1.00045836e+22 1.44700000e+03
1.00043830e+22 1.44800000e+03
1.00041907e+22 1.44900000e+03
1.00040065e+22 1.45000000e+03
1.00038300e+22 1.45100000e+03
1.00036610e+22 1.45200000e+03
1.00034990e+22 1.45300000e+03
1.00033439e+22 1.45400000e+03
1.00031953e+22 1.45500000e+03
1.00030530e+22 1.45600000e+03
1.00029168e+22 1.45700000e+03
1.00027863e+22 1.45800000e+03
1.00026615e+22 1.45900000e+03
1.00025419e+22 1.46000000e+03
1.00024275e+22 1.46100000e+03
1.00023180e+22 1.46200000e+03
1.00022133e+22 1.46300000e+03
1.00021130e+22 1.46400000e+03
1.00020171e+22 1.46500000e+03
1.00019254e+22 1.46600000e+03
1.00018376e+22 1.46700000e+03
1.00017537e+22 1.46800000e+03
1.00016734e+22 1.46900000e+03
1.00015967e+22 1.47000000e+03
1.00015233e+22 1.47100000e+03
1.00014531e+22 1.47200000e+03
1.00013861e+22 1.47300000e+03
1.00013220e+22 1.47400000e+03
1.00012607e+22 1.47500000e+03
1.00012022e+22 1.47600000e+03
1.00011462e+22 1.47700000e+03
1.00010928e+22 1.47800000e+03
1.00010417e+22 1.47900000e+03
1.00009930e+22 1.48000000e+03
1.00009464e+22 1.48100000e+03
1.00009019e+22 1.48200000e+03
1.00008594e+22 1.48300000e+03
1.00008188e+22 1.48400000e+03
1.00007801e+22 1.48500000e+03
1.00007431e+22 1.48600000e+03
1.00007078e+22 1.48700000e+03
1.00006742e+22 1.48800000e+03
1.00006420e+22 1.48900000e+03
1.00006114e+22 1.49000000e+03
1.00005821e+22 1.49100000e+03
1.00005542e+22 1.49200000e+03
1.00005275e+22 1.49300000e+03
1.00005021e+22 1.49400000e+03
1.00004779e+22 1.49500000e+03
1.00004548e+22 1.49600000e+03
1.00004328e+22 1.49700000e+03
1.00004118e+22 1.49800000e+03
1.00003918e+22 1.49900000e+03
1.00003727e+22 1.50000000e+03
1.00003545e+22 1.50100000e+03
1.00003371e+22 1.50200000e+03
1.00003206e+22 1.50300000e+03
1.00003049e+22 1.50400000e+03
1.00002899e+22 1.50500000e+03
1.00002756e+22 1.50600000e+03
1.00002620e+22 1.50700000e+03
1.00002490e+22 1.50800000e+03
1.00002367e+22 1.50900000e+03
1.00002249e+22 1.51000000e+03
1.00002137e+22 1.51100000e+03
1.00002031e+22 1.51200000e+03
1.00001929e+22 1.51300000e+03
1.00001833e+22 1.51400000e+03
1.00001741e+22 1.51500000e+03
1.00001653e+22 1.51600000e+03
1.00001570e+22 1.51700000e+03
1.00001491e+22 1.51800000e+03
1.00001415e+22 1.51900000e+03
1.00001344e+22 1.52000000e+03
1.00001276e+22 1.52100000e+03
1.00001211e+22 1.52200000e+03
1.00001149e+22 1.52300000e+03
1.00001091e+22 1.52400000e+03
1.00001035e+22 1.52500000e+03
1.00000982e+22 1.52600000e+03
1.00000932e+22 1.52700000e+03
1.00000884e+22 1.52800000e+03
1.00000838e+22 1.52900000e+03
1.00000795e+22 1.53000000e+03
1.00000754e+22 1.53100000e+03
1.00000715e+22 1.53200000e+03
1.00000678e+22 1.53300000e+03
1.00000643e+22 1.53400000e+03
1.00000609e+22 1.53500000e+03
1.00000577e+22 1.53600000e+03
1.00000547e+22 1.53700000e+03
1.00000519e+22 1.53800000e+03
1.00000491e+22 1.53900000e+03
1.00000466e+22 1.54000000e+03
1.00000441e+22 1.54100000e+03
1.00000418e+22 1.54200000e+03
1.00000396e+22 1.54300000e+03
1.00000375e+22 1.54400000e+03
1.00000355e+22 1.54500000e+03
1.00000336e+22 1.54600000e+03
1.00000318e+22 1.54700000e+03
1.00000301e+22 1.54800000e+03
1.00000285e+22 1.54900000e+03
1.00000270e+22 1.55000000e+03
1.00000255e+22 1.55100000e+03
1.00000242e+22 1.55200000e+03
1.00000229e+22 1.55300000e+03
1.00000216e+22 1.55400000e+03
1.00000205e+22 1.55500000e+03
1.00000194e+22 1.55600000e+03
1.00000183e+22 1.55700000e+03
1.00000173e+22 1.55800000e+03
1.00000164e+22 1.55900000e+03
1.00000155e+22 1.56000000e+03
1.00000147e+22 1.56100000e+03
1.00000139e+22 1.56200000e+03
1.00000131e+22 1.56300000e+03
1.00000124e+22 1.56400000e+03
1.00000117e+22 1.56500000e+03
1.00000111e+22 1.56600000e+03
1.00000104e+22 1.56700000e+03
1.00000099e+22 1.56800000e+03
1.00000093e+22 1.56900000e+03
1.00000088e+22 1.57000000e+03
1.00000083e+22 1.57100000e+03
1.00000079e+22 1.57200000e+03
1.00000074e+22 1.57300000e+03
1.00000070e+22 1.57400000e+03
1.00000066e+22 1.57500000e+03
1.00000062e+22 1.57600000e+03
1.00000059e+22 1.57700000e+03
1.00000056e+22 1.57800000e+03
1.00000053e+22 1.57900000e+03
1.00000050e+22 1.58000000e+03
1.00000047e+22 1.58100000e+03
1.00000044e+22 1.58200000e+03
1.00000042e+22 1.58300000e+03
1.00000039e+22 1.58400000e+03
1.00000037e+22 1.58500000e+03
1.00000035e+22 1.58600000e+03
1.00000033e+22 1.58700000e+03
1.00000031e+22 1.58800000e+03
1.00000029e+22 1.58900000e+03
1.00000028e+22 1.59000000e+03
1.00000026e+22 1.59100000e+03
1.00000025e+22 1.59200000e+03
1.00000023e+22 1.59300000e+03
1.00000022e+22 1.59400000e+03
1.00000021e+22 1.59500000e+03
1.00000019e+22 1.59600000e+03
1.00000018e+22 1.59700000e+03
1.00000017e+22 1.59800000e+03
1.00000016e+22 1.59900000e+03
1.00000015e+22 1.60000000e+03
1.00000014e+22 1.60100000e+03
1.00000014e+22 1.60200000e+03
1.00000013e+22 1.60300000e+03
1.00000012e+22 1.60400000e+03
1.00000011e+22 1.60500000e+03
1.00000011e+22 1.60600000e+03
1.00000010e+22 1.60700000e+03
1.00000009e+22 1.60800000e+03
1.00000009e+22 1.60900000e+03
1.00000008e+22 1.61000000e+03
1.00000008e+22 1.61100000e+03
1.00000007e+22 1.61200000e+03
1.00000007e+22 1.61300000e+03
1.00000007e+22 1.61400000e+03
1.00000006e+22 1.61500000e+03
1.00000006e+22 1.61600000e+03
1.00000005e+22 1.61700000e+03
1.00000005e+22 1.61800000e+03
1.00000005e+22 1.61900000e+03
1.00000004e+22 1.62000000e+03
1.00000004e+22 1.62100000e+03
1.00000004e+22 1.62200000e+03
1.00000004e+22 1.62300000e+03
1.00000004e+22 1.62400000e+03
1.00000003e+22 1.62500000e+03
1.00000003e+22 1.62600000e+03
1.00000003e+22 1.62700000e+03
1.00000003e+22 1.62800000e+03
1.00000003e+22 1.62900000e+03
1.00000002e+22 1.63000000e+03
1.00000002e+22 1.63100000e+03
1.00000002e+22 1.63200000e+03
1.00000002e+22 1.63300000e+03
1.00000002e+22 1.63400000e+03
1.00000002e+22 1.63500000e+03
1.00000002e+22 1.63600000e+03
1.00000002e+22 1.63700000e+03
1.00000001e+22 1.63800000e+03
1.00000001e+22 1.63900000e+03
1.00000001e+22 1.64000000e+03
1.00000001e+22 1.64100000e+03
1.00000001e+22 1.64200000e+03
1.00000001e+22 1.64300000e+03
1.00000001e+22 1.64400000e+03
1.00000001e+22 1.64500000e+03
1.00000001e+22 1.64600000e+03
1.00000001e+22 1.64700000e+03
1.00000001e+22 1.64800000e+03
1.00000001e+22 1.64900000e+03
1.00000001e+22 1.65000000e+03
1.00000001e+22 1.65100000e+03
1.00000001e+22 1.65200000e+03
1.00000001e+22 1.65300000e+03
1.00000001e+22 1.65400000e+03
1.00000000e+22 1.65500000e+03
1.00000000e+22 1.65600000e+03
1.00000000e+22 1.65700000e+03
1.00000000e+22 1.65800000e+03
1.00000000e+22 1.65900000e+03
1.00000000e+22 1.66000000e+03
1.00000000e+22 1.66100000e+03
1.00000000e+22 1.66200000e+03
1.00000000e+22 1.66300000e+03
1.00000000e+22 1.66400000e+03
1.00000000e+22 1.66500000e+03
1.00000000e+22 1.66600000e+03
1.00000000e+22 1.66700000e+03
1.00000000e+22 1.66800000e+03
1.00000000e+22 1.66900000e+03
1.00000000e+22 1.67000000e+03
1.00000000e+22 1.67100000e+03
1.00000000e+22 1.67200000e+03
1.00000000e+22 1.67300000e+03
1.00000000e+22 1.67400000e+03
1.00000000e+22 1.67500000e+03
1.00000000e+22 1.67600000e+03
1.00000000e+22 1.67700000e+03
1.00000000e+22 1.67800000e+03
1.00000000e+22 1.67900000e+03
1.00000000e+22 1.68000000e+03
1.00000000e+22 1.68100000e+03
1.00000000e+22 1.68200000e+03
1.00000000e+22 1.68300000e+03
1.00000000e+22 1.68400000e+03
1.00000000e+22 1.68500000e+03
1.00000000e+22 1.68600000e+03
1.00000000e+22 1.68700000e+03
1.00000000e+22 1.68800000e+03
1.00000000e+22 1.68900000e+03
1.00000000e+22 1.69000000e+03
1.00000000e+22 1.69100000e+03
1.00000000e+22 1.69200000e+03
1.00000000e+22 1.69300000e+03
1.00000000e+22 1.69400000e+03
1.00000000e+22 1.69500000e+03
1.00000000e+22 1.69600000e+03
1.00000000e+22 1.69700000e+03
1.00000000e+22 1.69800000e+03
1.00000000e+22 1.69900000e+03
1.00000000e+22 1.70000000e+03
1.00000000e+22 1.70100000e+03
1.00000000e+22 1.70200000e+03
1.00000000e+22 1.70300000e+03
1.00000000e+22 1.70400000e+03
1.00000000e+22 1.70500000e+03
1.00000000e+22 1.70600000e+03
1.00000000e+22 1.70700000e+03
1.00000000e+22 1.70800000e+03
1.00000000e+22 1.70900000e+03
1.00000000e+22 1.71000000e+03
1.00000000e+22 1.71100000e+03
1.00000000e+22 1.71200000e+03
1.00000000e+22 1.71300000e+03
1.00000000e+22 1.71400000e+03
1.00000000e+22 1.71500000e+03
1.00000000e+22 1.71600000e+03
1.00000000e+22 1.71700000e+03
1.00000000e+22 1.71800000e+03
1.00000000e+22 1.71900000e+03
1.00000000e+22 1.72000000e+03
1.00000000e+22 1.72100000e+03
1.00000000e+22 1.72200000e+03
1.00000000e+22 1.72300000e+03
1.00000000e+22 1.72400000e+03
1.00000000e+22 1.72500000e+03
1.00000000e+22 1.72600000e+03
1.00000000e+22 1.72700000e+03
1.00000000e+22 1.72800000e+03
1.00000000e+22 1.72900000e+03
1.00000000e+22 1.73000000e+03
1.00000000e+22 1.73100000e+03
1.00000000e+22 1.73200000e+03
1.00000000e+22 1.73300000e+03
1.00000000e+22 1.73400000e+03
1.00000000e+22 1.73500000e+03
1.00000000e+22 1.73600000e+03
1.00000000e+22 1.73700000e+03
1.00000000e+22 1.73800000e+03
1.00000000e+22 1.73900000e+03
1.00000000e+22 1.74000000e+03
1.00000000e+22 1.74100000e+03
1.00000000e+22 1.74200000e+03
1.00000000e+22 1.74300000e+03
1.00000000e+22 1.74400000e+03
1.00000000e+22 1.74500000e+03
1.00000000e+22 1.74600000e+03
1.00000000e+22 1.74700000e+03
1.00000000e+22 1.74800000e+03
1.00000000e+22 1.74900000e+03
1.00000000e+22 1.75000000e+03
1.00000000e+22 1.75100000e+03
1.00000000e+22 1.75200000e+03
1.00000000e+22 1.75300000e+03
1.00000000e+22 1.75400000e+03
1.00000000e+22 1.75500000e+03
1.00000000e+22 1.75600000e+03
1.00000000e+22 1.75700000e+03
1.00000000e+22 1.75800000e+03
1.00000000e+22 1.75900000e+03
1.00000000e+22 1.76000000e+03
1.00000000e+22 1.76100000e+03
1.00000000e+22 1.76200000e+03
1.00000000e+22 1.76300000e+03
1.00000000e+22 1.76400000e+03
1.00000000e+22 1.76500000e+03
1.00000000e+22 1.76600000e+03
1.00000000e+22 1.76700000e+03
1.00000000e+22 1.76800000e+03
1.00000000e+22 1.76900000e+03
1.00000000e+22 1.77000000e+03
1.00000000e+22 1.77100000e+03
1.00000000e+22 1.77200000e+03
1.00000000e+22 1.77300000e+03
1.00000000e+22 1.77400000e+03
1.00000000e+22 1.77500000e+03
1.00000000e+22 1.77600000e+03
1.00000000e+22 1.77700000e+03
1.00000000e+22 1.77800000e+03
1.00000000e+22 1.77900000e+03
1.00000000e+22 1.78000000e+03
1.00000000e+22 1.78100000e+03
1.00000000e+22 1.78200000e+03
1.00000000e+22 1.78300000e+03
1.00000000e+22 1.78400000e+03
1.00000000e+22 1.78500000e+03
1.00000000e+22 1.78600000e+03
1.00000000e+22 1.78700000e+03
1.00000000e+22 1.78800000e+03
1.00000000e+22 1.78900000e+03
1.00000000e+22 1.79000000e+03
1.00000000e+22 1.79100000e+03
1.00000000e+22 1.79200000e+03
1.00000000e+22 1.79300000e+03
1.00000000e+22 1.79400000e+03
1.00000000e+22 1.79500000e+03
1.00000000e+22 1.79600000e+03
1.00000000e+22 1.79700000e+03
1.00000000e+22 1.79800000e+03
1.00000000e+22 1.79900000e+03
1.00000000e+22 1.80000000e+03
1.00000000e+22 1.80100000e+03
1.00000000e+22 1.80200000e+03
1.00000000e+22 1.80300000e+03
1.00000000e+22 1.80400000e+03
1.00000000e+22 1.80500000e+03
1.00000000e+22 1.80600000e+03
1.00000000e+22 1.80700000e+03
1.00000000e+22 1.80800000e+03
1.00000000e+22 1.80900000e+03
1.00000000e+22 1.81000000e+03
1.00000000e+22 1.81100000e+03
1.00000000e+22 1.81200000e+03
1.00000000e+22 1.81300000e+03
1.00000000e+22 1.81400000e+03
1.00000000e+22 1.81500000e+03
1.00000000e+22 1.81600000e+03
1.00000000e+22 1.81700000e+03
1.00000000e+22 1.81800000e+03
1.00000000e+22 1.81900000e+03
1.00000000e+22 1.82000000e+03
1.00000000e+22 1.82100000e+03
1.00000000e+22 1.82200000e+03
1.00000000e+22 1.82300000e+03
1.00000000e+22 1.82400000e+03
1.00000000e+22 1.82500000e+03
1.00000000e+22 1.82600000e+03
1.00000000e+22 1.82700000e+03
1.00000000e+22 1.82800000e+03
1.00000000e+22 1.82900000e+03
1.00000000e+22 1.83000000e+03
1.00000000e+22 1.83100000e+03
1.00000000e+22 1.83200000e+03
1.00000000e+22 1.83300000e+03
1.00000000e+22 1.83400000e+03
1.00000000e+22 1.83500000e+03
1.00000000e+22 1.83600000e+03
1.00000000e+22 1.83700000e+03
1.00000000e+22 1.83800000e+03
1.00000000e+22 1.83900000e+03
1.00000000e+22 1.84000000e+03
1.00000000e+22 1.84100000e+03
1.00000000e+22 1.84200000e+03
1.00000000e+22 1.84300000e+03
1.00000000e+22 1.84400000e+03
1.00000000e+22 1.84500000e+03
1.00000000e+22 1.84600000e+03
1.00000000e+22 1.84700000e+03
1.00000000e+22 1.84800000e+03
1.00000000e+22 1.84900000e+03
1.00000000e+22 1.85000000e+03
1.00000000e+22 1.85100000e+03
1.00000000e+22 1.85200000e+03
1.00000000e+22 1.85300000e+03
1.00000000e+22 1.85400000e+03
1.00000000e+22 1.85500000e+03
1.00000000e+22 1.85600000e+03
1.00000000e+22 1.85700000e+03
1.00000000e+22 1.85800000e+03
1.00000000e+22 1.85900000e+03
1.00000000e+22 1.86000000e+03
1.00000000e+22 1.86100000e+03
1.00000000e+22 1.86200000e+03
1.00000000e+22 1.86300000e+03
1.00000000e+22 1.86400000e+03
1.00000000e+22 1.86500000e+03
1.00000000e+22 1.86600000e+03
1.00000000e+22 1.86700000e+03
1.00000000e+22 1.86800000e+03
1.00000000e+22 1.86900000e+03
1.00000000e+22 1.87000000e+03
1.00000000e+22 1.87100000e+03
1.00000000e+22 1.87200000e+03
1.00000000e+22 1.87300000e+03
1.00000000e+22 1.87400000e+03
1.00000000e+22 1.87500000e+03
1.00000000e+22 1.87600000e+03
1.00000000e+22 1.87700000e+03
1.00000000e+22 1.87800000e+03
1.00000000e+22 1.87900000e+03
1.00000000e+22 1.88000000e+03
1.00000000e+22 1.88100000e+03
1.00000000e+22 1.88200000e+03
1.00000000e+22 1.88300000e+03
1.00000000e+22 1.88400000e+03
1.00000000e+22 1.88500000e+03
1.00000000e+22 1.88600000e+03
1.00000000e+22 1.88700000e+03
1.00000000e+22 1.88800000e+03
1.00000000e+22 1.88900000e+03
1.00000000e+22 1.89000000e+03
1.00000000e+22 1.89100000e+03
1.00000000e+22 1.89200000e+03
1.00000000e+22 1.89300000e+03
1.00000000e+22 1.89400000e+03
1.00000000e+22 1.89500000e+03
1.00000000e+22 1.89600000e+03
1.00000000e+22 1.89700000e+03
1.00000000e+22 1.89800000e+03
1.00000000e+22 1.89900000e+03
1.00000000e+22 1.90000000e+03
1.00000000e+22 1.90100000e+03
1.00000000e+22 1.90200000e+03
1.00000000e+22 1.90300000e+03
1.00000000e+22 1.90400000e+03
1.00000000e+22 1.90500000e+03
1.00000000e+22 1.90600000e+03
1.00000000e+22 1.90700000e+03
1.00000000e+22 1.90800000e+03
1.00000000e+22 1.90900000e+03
1.00000000e+22 1.91000000e+03
1.00000000e+22 1.91100000e+03
1.00000000e+22 1.91200000e+03
1.00000000e+22 1.91300000e+03
1.00000000e+22 1.91400000e+03
1.00000000e+22 1.91500000e+03
1.00000000e+22 1.91600000e+03
1.00000000e+22 1.91700000e+03
1.00000000e+22 1.91800000e+03
1.00000000e+22 1.91900000e+03
1.00000000e+22 1.92000000e+03
1.00000000e+22 1.92100000e+03
1.00000000e+22 1.92200000e+03
1.00000000e+22 1.92300000e+03
1.00000000e+22 1.92400000e+03
1.00000000e+22 1.92500000e+03
1.00000000e+22 1.92600000e+03
1.00000000e+22 1.92700000e+03
1.00000000e+22 1.92800000e+03
1.00000000e+22 1.92900000e+03
1.00000000e+22 1.93000000e+03
1.00000000e+22 1.93100000e+03
1.00000000e+22 1.93200000e+03
1.00000000e+22 1.93300000e+03
1.00000000e+22 1.93400000e+03
1.00000000e+22 1.93500000e+03
1.00000000e+22 1.93600000e+03
1.00000000e+22 1.93700000e+03
1.00000000e+22 1.93800000e+03
1.00000000e+22 1.93900000e+03
1.00000000e+22 1.94000000e+03
1.00000000e+22 1.94100000e+03
1.00000000e+22 1.94200000e+03
1.00000000e+22 1.94300000e+03
1.00000000e+22 1.94400000e+03
1.00000000e+22 1.94500000e+03
1.00000000e+22 1.94600000e+03
1.00000000e+22 1.94700000e+03
1.00000000e+22 1.94800000e+03
1.00000000e+22 1.94900000e+03
1.00000000e+22 1.95000000e+03
1.00000000e+22 1.95100000e+03
1.00000000e+22 1.95200000e+03
1.00000000e+22 1.95300000e+03
1.00000000e+22 1.95400000e+03
1.00000000e+22 1.95500000e+03
1.00000000e+22 1.95600000e+03
1.00000000e+22 1.95700000e+03
1.00000000e+22 1.95800000e+03
1.00000000e+22 1.95900000e+03
1.00000000e+22 1.96000000e+03
1.00000000e+22 1.96100000e+03
1.00000000e+22 1.96200000e+03
1.00000000e+22 1.96300000e+03
1.00000000e+22 1.96400000e+03
1.00000000e+22 1.96500000e+03
1.00000000e+22 1.96600000e+03
1.00000000e+22 1.96700000e+03
1.00000000e+22 1.96800000e+03
1.00000000e+22 1.96900000e+03
1.00000000e+22 1.97000000e+03
1.00000000e+22 1.97100000e+03
1.00000000e+22 1.97200000e+03
1.00000000e+22 1.97300000e+03
1.00000000e+22 1.97400000e+03
1.00000000e+22 1.97500000e+03
1.00000000e+22 1.97600000e+03
1.00000000e+22 1.97700000e+03
1.00000000e+22 1.97800000e+03
1.00000000e+22 1.97900000e+03
1.00000000e+22 1.98000000e+03
1.00000000e+22 1.98100000e+03
1.00000000e+22 1.98200000e+03
1.00000000e+22 1.98300000e+03
1.00000000e+22 1.98400000e+03
1.00000000e+22 1.98500000e+03
1.00000000e+22 1.98600000e+03
1.00000000e+22 1.98700000e+03
1.00000000e+22 1.98800000e+03
1.00000000e+22 1.98900000e+03
1.00000000e+22 1.99000000e+03
1.00000000e+22 1.99100000e+03
1.00000000e+22 1.99200000e+03
1.00000000e+22 1.99300000e+03
1.00000000e+22 1.99400000e+03
1.00000000e+22 1.99500000e+03
1.00000000e+22 1.99600000e+03
1.00000000e+22 1.99700000e+03
1.00000000e+22 1.99800000e+03
1.00000000e+22 1.99900000e+03
1.00000000e+22 2.00000000e+03
1.00000000e+22 2.00100000e+03
1.00000000e+22 2.00200000e+03
1.00000000e+22 2.00300000e+03
1.00000000e+22 2.00400000e+03
1.00000000e+22 2.00500000e+03
1.00000000e+22 2.00600000e+03
1.00000000e+22 2.00700000e+03
1.00000000e+22 2.00800000e+03
1.00000000e+22 2.00900000e+03
1.00000000e+22 2.01000000e+03
1.00000000e+22 2.01100000e+03
1.00000000e+22 2.01200000e+03
1.00000000e+22 2.01300000e+03
1.00000000e+22 2.01400000e+03
1.00000000e+22 2.01500000e+03
1.00000000e+22 2.01600000e+03
1.00000000e+22 2.01700000e+03
1.00000000e+22 2.01800000e+03
1.00000000e+22 2.01900000e+03
1.00000000e+22 2.02000000e+03
1.00000000e+22 2.02100000e+03
1.00000000e+22 2.02200000e+03
1.00000000e+22 2.02300000e+03
1.00000000e+22 2.02400000e+03
1.00000000e+22 2.02500000e+03
1.00000000e+22 2.02600000e+03
1.00000000e+22 2.02700000e+03
1.00000000e+22 2.02800000e+03
1.00000000e+22 2.02900000e+03
1.00000000e+22 2.03000000e+03
1.00000000e+22 2.03100000e+03
1.00000000e+22 2.03200000e+03
1.00000000e+22 2.03300000e+03
1.00000000e+22 2.03400000e+03
1.00000000e+22 2.03500000e+03
1.00000000e+22 2.03600000e+03
1.00000000e+22 2.03700000e+03
1.00000000e+22 2.03800000e+03
1.00000000e+22 2.03900000e+03
1.00000000e+22 2.04000000e+03
1.00000000e+22 2.04100000e+03
1.00000000e+22 2.04200000e+03
1.00000000e+22 2.04300000e+03
1.00000000e+22 2.04400000e+03
1.00000000e+22 2.04500000e+03
1.00000000e+22 2.04600000e+03
1.00000000e+22 2.04700000e+03
1.00000000e+22 2.04800000e+03
1.00000000e+22 2.04900000e+03
1.00000000e+22 2.05000000e+03
1.00000000e+22 2.05100000e+03
1.00000000e+22 2.05200000e+03
1.00000000e+22 2.05300000e+03
1.00000000e+22 2.05400000e+03
1.00000000e+22 2.05500000e+03
1.00000000e+22 2.05600000e+03
1.00000000e+22 2.05700000e+03
1.00000000e+22 2.05800000e+03
1.00000000e+22 2.05900000e+03
1.00000000e+22 2.06000000e+03
1.00000000e+22 2.06100000e+03
1.00000000e+22 2.06200000e+03
1.00000000e+22 2.06300000e+03
1.00000000e+22 2.06400000e+03
1.00000000e+22 2.06500000e+03
1.00000000e+22 2.06600000e+03
1.00000000e+22 2.06700000e+03
1.00000000e+22 2.06800000e+03
1.00000000e+22 2.06900000e+03
1.00000000e+22 2.07000000e+03
1.00000000e+22 2.07100000e+03
1.00000000e+22 2.07200000e+03
1.00000000e+22 2.07300000e+03
1.00000000e+22 2.07400000e+03
1.00000000e+22 2.07500000e+03
1.00000000e+22 2.07600000e+03
1.00000000e+22 2.07700000e+03
1.00000000e+22 2.07800000e+03
1.00000000e+22 2.07900000e+03
1.00000000e+22 2.08000000e+03
1.00000000e+22 2.08100000e+03
1.00000000e+22 2.08200000e+03
1.00000000e+22 2.08300000e+03
1.00000000e+22 2.08400000e+03
1.00000000e+22 2.08500000e+03
1.00000000e+22 2.08600000e+03
1.00000000e+22 2.08700000e+03
1.00000000e+22 2.08800000e+03
1.00000000e+22 2.08900000e+03
1.00000000e+22 2.09000000e+03
1.00000000e+22 2.09100000e+03
1.00000000e+22 2.09200000e+03
1.00000000e+22 2.09300000e+03
1.00000000e+22 2.09400000e+03
1.00000000e+22 2.09500000e+03
1.00000000e+22 2.09600000e+03
1.00000000e+22 2.09700000e+03
1.00000000e+22 2.09800000e+03
1.00000000e+22 2.09900000e+03
1.00000000e+22 2.10000000e+03
1.00000000e+22 2.10100000e+03
1.00000000e+22 2.10200000e+03
1.00000000e+22 2.10300000e+03
1.00000000e+22 2.10400000e+03
1.00000000e+22 2.10500000e+03
1.00000000e+22 2.10600000e+03
1.00000000e+22 2.10700000e+03
1.00000000e+22 2.10800000e+03
1.00000000e+22 2.10900000e+03
1.00000000e+22 2.11000000e+03
1.00000000e+22 2.11100000e+03
1.00000000e+22 2.11200000e+03
1.00000000e+22 2.11300000e+03
1.00000000e+22 2.11400000e+03
1.00000000e+22 2.11500000e+03
1.00000000e+22 2.11600000e+03
1.00000000e+22 2.11700000e+03
1.00000000e+22 2.11800000e+03
1.00000000e+22 2.11900000e+03
1.00000000e+22 2.12000000e+03
1.00000000e+22 2.12100000e+03
1.00000000e+22 2.12200000e+03
1.00000000e+22 2.12300000e+03
1.00000000e+22 2.12400000e+03
1.00000000e+22 2.12500000e+03
1.00000000e+22 2.12600000e+03
1.00000000e+22 2.12700000e+03
1.00000000e+22 2.12800000e+03
1.00000000e+22 2.12900000e+03
1.00000000e+22 2.13000000e+03
1.00000000e+22 2.13100000e+03
1.00000000e+22 2.13200000e+03
1.00000000e+22 2.13300000e+03
1.00000000e+22 2.13400000e+03
1.00000000e+22 2.13500000e+03
1.00000000e+22 2.13600000e+03
1.00000000e+22 2.13700000e+03
1.00000000e+22 2.13800000e+03
1.00000000e+22 2.13900000e+03
1.00000000e+22 2.14000000e+03
1.00000000e+22 2.14100000e+03
1.00000000e+22 2.14200000e+03
1.00000000e+22 2.14300000e+03
1.00000000e+22 2.14400000e+03
1.00000000e+22 2.14500000e+03
1.00000000e+22 2.14600000e+03
1.00000000e+22 2.14700000e+03
1.00000000e+22 2.14800000e+03
1.00000000e+22 2.14900000e+03
1.00000000e+22 2.15000000e+03
1.00000000e+22 2.15100000e+03
1.00000000e+22 2.15200000e+03
1.00000000e+22 2.15300000e+03
1.00000000e+22 2.15400000e+03
1.00000000e+22 2.15500000e+03
1.00000000e+22 2.15600000e+03
1.00000000e+22 2.15700000e+03
1.00000000e+22 2.15800000e+03
1.00000000e+22 2.15900000e+03
1.00000000e+22 2.16000000e+03
1.00000000e+22 2.16100000e+03
1.00000000e+22 2.16200000e+03
1.00000000e+22 2.16300000e+03
1.00000000e+22 2.16400000e+03
1.00000000e+22 2.16500000e+03
1.00000000e+22 2.16600000e+03
1.00000000e+22 2.16700000e+03
1.00000000e+22 2.16800000e+03
1.00000000e+22 2.16900000e+03
1.00000000e+22 2.17000000e+03
1.00000000e+22 2.17100000e+03
1.00000000e+22 2.17200000e+03
1.00000000e+22 2.17300000e+03
1.00000000e+22 2.17400000e+03
1.00000000e+22 2.17500000e+03
1.00000000e+22 2.17600000e+03
1.00000000e+22 2.17700000e+03
1.00000000e+22 2.17800000e+03
1.00000000e+22 2.17900000e+03
1.00000000e+22 2.18000000e+03
1.00000000e+22 2.18100000e+03
1.00000000e+22 2.18200000e+03
1.00000000e+22 2.18300000e+03
1.00000000e+22 2.18400000e+03
1.00000000e+22 2.18500000e+03
1.00000000e+22 2.18600000e+03
1.00000000e+22 2.18700000e+03
1.00000000e+22 2.18800000e+03
1.00000000e+22 2.18900000e+03
1.00000000e+22 2.19000000e+03
1.00000000e+22 2.19100000e+03
1.00000000e+22 2.19200000e+03
1.00000000e+22 2.19300000e+03
1.00000000e+22 2.19400000e+03
1.00000000e+22 2.19500000e+03
1.00000000e+22 2.19600000e+03
1.00000000e+22 2.19700000e+03
1.00000000e+22 2.19800000e+03
1.00000000e+22 2.19900000e+03
1.00000000e+22 2.20000000e+03
1.00000000e+22 2.20100000e+03
1.00000000e+22 2.20200000e+03
1.00000000e+22 2.20300000e+03
1.00000000e+22 2.20400000e+03
1.00000000e+22 2.20500000e+03
1.00000000e+22 2.20600000e+03
1.00000000e+22 2.20700000e+03
1.00000000e+22 2.20800000e+03
1.00000000e+22 2.20900000e+03
1.00000000e+22 2.21000000e+03
1.00000000e+22 2.21100000e+03
1.00000000e+22 2.21200000e+03
1.00000000e+22 2.21300000e+03
1.00000000e+22 2.21400000e+03
1.00000000e+22 2.21500000e+03
1.00000000e+22 2.21600000e+03
1.00000000e+22 2.21700000e+03
1.00000000e+22 2.21800000e+03
1.00000000e+22 2.21900000e+03
1.00000000e+22 2.22000000e+03
1.00000000e+22 2.22100000e+03
1.00000000e+22 2.22200000e+03
1.00000000e+22 2.22300000e+03
1.00000000e+22 2.22400000e+03
1.00000000e+22 2.22500000e+03
1.00000000e+22 2.22600000e+03
1.00000000e+22 2.22700000e+03
1.00000000e+22 2.22800000e+03
1.00000000e+22 2.22900000e+03
1.00000000e+22 2.23000000e+03
1.00000000e+22 2.23100000e+03
1.00000000e+22 2.23200000e+03
1.00000000e+22 2.23300000e+03
1.00000000e+22 2.23400000e+03
1.00000000e+22 2.23500000e+03
1.00000000e+22 2.23600000e+03
1.00000000e+22 2.23700000e+03
1.00000000e+22 2.23800000e+03
1.00000000e+22 2.23900000e+03
1.00000000e+22 2.24000000e+03
1.00000000e+22 2.24100000e+03
1.00000000e+22 2.24200000e+03
1.00000000e+22 2.24300000e+03
1.00000000e+22 2.24400000e+03
1.00000000e+22 2.24500000e+03
1.00000000e+22 2.24600000e+03
1.00000000e+22 2.24700000e+03
1.00000000e+22 2.24800000e+03
1.00000000e+22 2.24900000e+03
1.00000000e+22 2.25000000e+03
1.00000000e+22 2.25100000e+03
1.00000000e+22 2.25200000e+03
1.00000000e+22 2.25300000e+03
1.00000000e+22 2.25400000e+03
1.00000000e+22 2.25500000e+03
1.00000000e+22 2.25600000e+03
1.00000000e+22 2.25700000e+03
1.00000000e+22 2.25800000e+03
1.00000000e+22 2.25900000e+03
1.00000000e+22 2.26000000e+03
1.00000000e+22 2.26100000e+03
1.00000000e+22 2.26200000e+03
1.00000000e+22 2.26300000e+03
1.00000000e+22 2.26400000e+03
1.00000000e+22 2.26500000e+03
1.00000000e+22 2.26600000e+03
1.00000000e+22 2.26700000e+03
1.00000000e+22 2.26800000e+03
1.00000000e+22 2.26900000e+03
1.00000000e+22 2.27000000e+03
1.00000000e+22 2.27100000e+03
1.00000000e+22 2.27200000e+03
1.00000000e+22 2.27300000e+03
1.00000000e+22 2.27400000e+03
1.00000000e+22 2.27500000e+03
1.00000000e+22 2.27600000e+03
1.00000000e+22 2.27700000e+03
1.00000000e+22 2.27800000e+03
1.00000000e+22 2.27900000e+03
1.00000000e+22 2.28000000e+03
1.00000000e+22 2.28100000e+03
1.00000000e+22 2.28200000e+03
1.00000000e+22 2.28300000e+03
1.00000000e+22 2.28400000e+03
1.00000000e+22 2.28500000e+03
1.00000000e+22 2.28600000e+03
1.00000000e+22 2.28700000e+03
1.00000000e+22 2.28800000e+03
1.00000000e+22 2.28900000e+03
1.00000000e+22 2.29000000e+03
1.00000000e+22 2.29100000e+03
1.00000000e+22 2.29200000e+03
1.00000000e+22 2.29300000e+03
1.00000000e+22 2.29400000e+03
1.00000000e+22 2.29500000e+03
1.00000000e+22 2.29600000e+03
1.00000000e+22 2.29700000e+03
1.00000000e+22 2.29800000e+03
1.00000000e+22 2.29900000e+03
1.00000000e+22 2.30000000e+03
1.00000000e+22 2.30100000e+03
1.00000000e+22 2.30200000e+03
1.00000000e+22 2.30300000e+03
1.00000000e+22 2.30400000e+03
1.00000000e+22 2.30500000e+03
1.00000000e+22 2.30600000e+03
1.00000000e+22 2.30700000e+03
1.00000000e+22 2.30800000e+03
1.00000000e+22 2.30900000e+03
1.00000000e+22 2.31000000e+03
1.00000000e+22 2.31100000e+03
1.00000000e+22 2.31200000e+03
1.00000000e+22 2.31300000e+03
1.00000000e+22 2.31400000e+03
1.00000000e+22 2.31500000e+03
1.00000000e+22 2.31600000e+03
1.00000000e+22 2.31700000e+03
1.00000000e+22 2.31800000e+03
1.00000000e+22 2.31900000e+03
1.00000000e+22 2.32000000e+03
1.00000000e+22 2.32100000e+03
1.00000000e+22 2.32200000e+03
1.00000000e+22 2.32300000e+03
1.00000000e+22 2.32400000e+03
1.00000000e+22 2.32500000e+03
1.00000000e+22 2.32600000e+03
1.00000000e+22 2.32700000e+03
1.00000000e+22 2.32800000e+03
1.00000000e+22 2.32900000e+03
1.00000000e+22 2.33000000e+03
1.00000000e+22 2.33100000e+03
1.00000000e+22 2.33200000e+03
1.00000000e+22 2.33300000e+03
1.00000000e+22 2.33400000e+03
1.00000000e+22 2.33500000e+03
1.00000000e+22 2.33600000e+03
1.00000000e+22 2.33700000e+03
1.00000000e+22 2.33800000e+03
1.00000000e+22 2.33900000e+03
1.00000000e+22 2.34000000e+03
1.00000000e+22 2.34100000e+03
1.00000000e+22 2.34200000e+03
1.00000000e+22 2.34300000e+03
1.00000000e+22 2.34400000e+03
1.00000000e+22 2.34500000e+03
1.00000000e+22 2.34600000e+03
1.00000000e+22 2.34700000e+03
1.00000000e+22 2.34800000e+03
1.00000000e+22 2.34900000e+03
1.00000000e+22 2.35000000e+03
1.00000000e+22 2.35100000e+03
1.00000000e+22 2.35200000e+03
1.00000000e+22 2.35300000e+03
1.00000000e+22 2.35400000e+03
1.00000000e+22 2.35500000e+03
1.00000000e+22 2.35600000e+03
1.00000000e+22 2.35700000e+03
1.00000000e+22 2.35800000e+03
1.00000000e+22 2.35900000e+03
1.00000000e+22 2.36000000e+03
1.00000000e+22 2.36100000e+03
1.00000000e+22 2.36200000e+03
1.00000000e+22 2.36300000e+03
1.00000000e+22 2.36400000e+03
1.00000000e+22 2.36500000e+03
1.00000000e+22 2.36600000e+03
1.00000000e+22 2.36700000e+03
1.00000000e+22 2.36800000e+03
1.00000000e+22 2.36900000e+03
1.00000000e+22 2.37000000e+03
1.00000000e+22 2.37100000e+03
1.00000000e+22 2.37200000e+03
1.00000000e+22 2.37300000e+03
1.00000000e+22 2.37400000e+03
1.00000000e+22 2.37500000e+03
1.00000000e+22 2.37600000e+03
1.00000000e+22 2.37700000e+03
1.00000000e+22 2.37800000e+03
1.00000000e+22 2.37900000e+03
1.00000000e+22 2.38000000e+03
1.00000000e+22 2.38100000e+03
1.00000000e+22 2.38200000e+03
1.00000000e+22 2.38300000e+03
1.00000000e+22 2.38400000e+03
1.00000000e+22 2.38500000e+03
1.00000000e+22 2.38600000e+03
1.00000000e+22 2.38700000e+03
1.00000000e+22 2.38800000e+03
1.00000000e+22 2.38900000e+03
1.00000000e+22 2.39000000e+03
1.00000000e+22 2.39100000e+03
1.00000000e+22 2.39200000e+03
1.00000000e+22 2.39300000e+03
1.00000000e+22 2.39400000e+03
1.00000000e+22 2.39500000e+03
1.00000000e+22 2.39600000e+03
1.00000000e+22 2.39700000e+03
1.00000000e+22 2.39800000e+03
1.00000000e+22 2.39900000e+03
1.00000000e+22 2.40000000e+03
1.00000000e+22 2.40100000e+03
1.00000000e+22 2.40200000e+03
1.00000000e+22 2.40300000e+03
1.00000000e+22 2.40400000e+03
1.00000000e+22 2.40500000e+03
1.00000000e+22 2.40600000e+03
1.00000000e+22 2.40700000e+03
1.00000000e+22 2.40800000e+03
1.00000000e+22 2.40900000e+03
1.00000000e+22 2.41000000e+03
1.00000000e+22 2.41100000e+03
1.00000000e+22 2.41200000e+03
1.00000000e+22 2.41300000e+03
1.00000000e+22 2.41400000e+03
1.00000000e+22 2.41500000e+03
1.00000000e+22 2.41600000e+03
1.00000000e+22 2.41700000e+03
1.00000000e+22 2.41800000e+03
1.00000000e+22 2.41900000e+03
1.00000000e+22 2.42000000e+03
1.00000000e+22 2.42100000e+03
1.00000000e+22 2.42200000e+03
1.00000000e+22 2.42300000e+03
1.00000000e+22 2.42400000e+03
1.00000000e+22 2.42500000e+03
1.00000000e+22 2.42600000e+03
1.00000000e+22 2.42700000e+03
1.00000000e+22 2.42800000e+03
1.00000000e+22 2.42900000e+03
1.00000000e+22 2.43000000e+03
1.00000000e+22 2.43100000e+03
1.00000000e+22 2.43200000e+03
1.00000000e+22 2.43300000e+03
1.00000000e+22 2.43400000e+03
1.00000000e+22 2.43500000e+03
1.00000000e+22 2.43600000e+03
1.00000000e+22 2.43700000e+03
1.00000000e+22 2.43800000e+03
1.00000000e+22 2.43900000e+03
1.00000000e+22 2.44000000e+03
1.00000000e+22 2.44100000e+03
1.00000000e+22 2.44200000e+03
1.00000000e+22 2.44300000e+03
1.00000000e+22 2.44400000e+03
1.00000000e+22 2.44500000e+03
1.00000000e+22 2.44600000e+03
1.00000000e+22 2.44700000e+03
1.00000000e+22 2.44800000e+03
1.00000000e+22 2.44900000e+03
1.00000000e+22 2.45000000e+03
1.00000000e+22 2.45100000e+03
1.00000000e+22 2.45200000e+03
1.00000000e+22 2.45300000e+03
1.00000000e+22 2.45400000e+03
1.00000000e+22 2.45500000e+03
1.00000000e+22 2.45600000e+03
1.00000000e+22 2.45700000e+03
1.00000000e+22 2.45800000e+03
1.00000000e+22 2.45900000e+03
1.00000000e+22 2.46000000e+03
1.00000000e+22 2.46100000e+03
1.00000000e+22 2.46200000e+03
1.00000000e+22 2.46300000e+03
1.00000000e+22 2.46400000e+03
1.00000000e+22 2.46500000e+03
1.00000000e+22 2.46600000e+03
1.00000000e+22 2.46700000e+03
1.00000000e+22 2.46800000e+03
1.00000000e+22 2.46900000e+03
1.00000000e+22 2.47000000e+03
1.00000000e+22 2.47100000e+03
1.00000000e+22 2.47200000e+03
1.00000000e+22 2.47300000e+03
1.00000000e+22 2.47400000e+03
1.00000000e+22 2.47500000e+03
1.00000000e+22 2.47600000e+03
1.00000000e+22 2.47700000e+03
1.00000000e+22 2.47800000e+03
1.00000000e+22 2.47900000e+03
1.00000000e+22 2.48000000e+03
1.00000000e+22 2.48100000e+03
1.00000000e+22 2.48200000e+03
1.00000000e+22 2.48300000e+03
1.00000000e+22 2.48400000e+03
1.00000000e+22 2.48500000e+03
1.00000000e+22 2.48600000e+03
1.00000000e+22 2.48700000e+03
1.00000000e+22 2.48800000e+03
1.00000000e+22 2.48900000e+03
1.00000000e+22 2.49000000e+03
1.00000000e+22 2.49100000e+03
1.00000000e+22 2.49200000e+03
1.00000000e+22 2.49300000e+03
1.00000000e+22 2.49400000e+03
1.00000000e+22 2.49500000e+03
1.00000000e+22 2.49600000e+03
1.00000000e+22 2.49700000e+03
1.00000000e+22 2.49800000e+03
1.00000000e+22 2.49900000e+03
1.00000000e+22 2.50000000e+03
1.00000000e+22 2.50100000e+03
1.00000000e+22 2.50200000e+03
1.00000000e+22 2.50300000e+03
1.00000000e+22 2.50400000e+03
1.00000000e+22 2.50500000e+03
1.00000000e+22 2.50600000e+03
1.00000000e+22 2.50700000e+03
1.00000000e+22 2.50800000e+03
1.00000000e+22 2.50900000e+03
1.00000000e+22 2.51000000e+03
1.00000000e+22 2.51100000e+03
1.00000000e+22 2.51200000e+03
1.00000000e+22 2.51300000e+03
1.00000000e+22 2.51400000e+03
1.00000000e+22 2.51500000e+03
1.00000000e+22 2.51600000e+03
1.00000000e+22 2.51700000e+03
1.00000000e+22 2.51800000e+03
1.00000000e+22 2.51900000e+03
1.00000000e+22 2.52000000e+03
1.00000000e+22 2.52100000e+03
1.00000000e+22 2.52200000e+03
1.00000000e+22 2.52300000e+03
1.00000000e+22 2.52400000e+03
1.00000000e+22 2.52500000e+03
1.00000000e+22 2.52600000e+03
1.00000000e+22 2.52700000e+03
1.00000000e+22 2.52800000e+03
1.00000000e+22 2.52900000e+03
1.00000000e+22 2.53000000e+03
1.00000000e+22 2.53100000e+03
1.00000000e+22 2.53200000e+03
1.00000000e+22 2.53300000e+03
1.00000000e+22 2.53400000e+03
1.00000000e+22 2.53500000e+03
1.00000000e+22 2.53600000e+03
1.00000000e+22 2.53700000e+03
1.00000000e+22 2.53800000e+03
1.00000000e+22 2.53900000e+03
1.00000000e+22 2.54000000e+03
1.00000000e+22 2.54100000e+03
1.00000000e+22 2.54200000e+03
1.00000000e+22 2.54300000e+03
1.00000000e+22 2.54400000e+03
1.00000000e+22 2.54500000e+03
1.00000000e+22 2.54600000e+03
1.00000000e+22 2.54700000e+03
1.00000000e+22 2.54800000e+03
1.00000000e+22 2.54900000e+03
1.00000000e+22 2.55000000e+03
1.00000000e+22 2.55100000e+03
1.00000000e+22 2.55200000e+03
1.00000000e+22 2.55300000e+03
1.00000000e+22 2.55400000e+03
1.00000000e+22 2.55500000e+03
1.00000000e+22 2.55600000e+03
1.00000000e+22 2.55700000e+03
1.00000000e+22 2.55800000e+03
1.00000000e+22 2.55900000e+03
1.00000000e+22 2.56000000e+03
1.00000000e+22 2.56100000e+03
1.00000000e+22 2.56200000e+03
1.00000000e+22 2.56300000e+03
1.00000000e+22 2.56400000e+03
1.00000000e+22 2.56500000e+03
1.00000000e+22 2.56600000e+03
1.00000000e+22 2.56700000e+03
1.00000000e+22 2.56800000e+03
1.00000000e+22 2.56900000e+03
1.00000000e+22 2.57000000e+03
1.00000000e+22 2.57100000e+03
1.00000000e+22 2.57200000e+03
1.00000000e+22 2.57300000e+03
1.00000000e+22 2.57400000e+03
1.00000000e+22 2.57500000e+03
1.00000000e+22 2.57600000e+03
1.00000000e+22 2.57700000e+03
1.00000000e+22 2.57800000e+03
1.00000000e+22 2.57900000e+03
1.00000000e+22 2.58000000e+03
1.00000000e+22 2.58100000e+03
1.00000000e+22 2.58200000e+03
1.00000000e+22 2.58300000e+03
1.00000000e+22 2.58400000e+03
1.00000000e+22 2.58500000e+03
1.00000000e+22 2.58600000e+03
1.00000000e+22 2.58700000e+03
1.00000000e+22 2.58800000e+03
1.00000000e+22 2.58900000e+03
1.00000000e+22 2.59000000e+03
1.00000000e+22 2.59100000e+03
1.00000000e+22 2.59200000e+03
1.00000000e+22 2.59300000e+03
1.00000000e+22 2.59400000e+03
1.00000000e+22 2.59500000e+03
1.00000000e+22 2.59600000e+03
1.00000000e+22 2.59700000e+03
1.00000000e+22 2.59800000e+03
1.00000000e+22 2.59900000e+03
1.00000000e+22 2.60000000e+03
1.00000000e+22 2.60100000e+03
1.00000000e+22 2.60200000e+03
1.00000000e+22 2.60300000e+03
1.00000000e+22 2.60400000e+03
1.00000000e+22 2.60500000e+03
1.00000000e+22 2.60600000e+03
1.00000000e+22 2.60700000e+03
1.00000000e+22 2.60800000e+03
1.00000000e+22 2.60900000e+03
1.00000000e+22 2.61000000e+03
1.00000000e+22 2.61100000e+03
1.00000000e+22 2.61200000e+03
1.00000000e+22 2.61300000e+03
1.00000000e+22 2.61400000e+03
1.00000000e+22 2.61500000e+03
1.00000000e+22 2.61600000e+03
1.00000000e+22 2.61700000e+03
1.00000000e+22 2.61800000e+03
1.00000000e+22 2.61900000e+03
1.00000000e+22 2.62000000e+03
1.00000000e+22 2.62100000e+03
1.00000000e+22 2.62200000e+03
1.00000000e+22 2.62300000e+03
1.00000000e+22 2.62400000e+03
1.00000000e+22 2.62500000e+03
1.00000000e+22 2.62600000e+03
1.00000000e+22 2.62700000e+03
1.00000000e+22 2.62800000e+03
1.00000000e+22 2.62900000e+03
1.00000000e+22 2.63000000e+03
1.00000000e+22 2.63100000e+03
1.00000000e+22 2.63200000e+03
1.00000000e+22 2.63300000e+03
1.00000000e+22 2.63400000e+03
1.00000000e+22 2.63500000e+03
1.00000000e+22 2.63600000e+03
1.00000000e+22 2.63700000e+03
1.00000000e+22 2.63800000e+03
1.00000000e+22 2.63900000e+03
1.00000000e+22 2.64000000e+03
1.00000000e+22 2.64100000e+03
1.00000000e+22 2.64200000e+03
1.00000000e+22 2.64300000e+03
1.00000000e+22 2.64400000e+03
1.00000000e+22 2.64500000e+03
1.00000000e+22 2.64600000e+03
1.00000000e+22 2.64700000e+03
1.00000000e+22 2.64800000e+03
1.00000000e+22 2.64900000e+03
1.00000000e+22 2.65000000e+03
1.00000000e+22 2.65100000e+03
1.00000000e+22 2.65200000e+03
1.00000000e+22 2.65300000e+03
1.00000000e+22 2.65400000e+03
1.00000000e+22 2.65500000e+03
1.00000000e+22 2.65600000e+03
1.00000000e+22 2.65700000e+03
1.00000000e+22 2.65800000e+03
1.00000000e+22 2.65900000e+03
1.00000000e+22 2.66000000e+03
1.00000000e+22 2.66100000e+03
1.00000000e+22 2.66200000e+03
1.00000000e+22 2.66300000e+03
1.00000000e+22 2.66400000e+03
1.00000000e+22 2.66500000e+03
1.00000000e+22 2.66600000e+03
1.00000000e+22 2.66700000e+03
1.00000000e+22 2.66800000e+03
1.00000000e+22 2.66900000e+03
1.00000000e+22 2.67000000e+03
1.00000000e+22 2.67100000e+03
1.00000000e+22 2.67200000e+03
1.00000000e+22 2.67300000e+03
1.00000000e+22 2.67400000e+03
1.00000000e+22 2.67500000e+03
1.00000000e+22 2.67600000e+03
1.00000000e+22 2.67700000e+03
1.00000000e+22 2.67800000e+03
1.00000000e+22 2.67900000e+03
1.00000000e+22 2.68000000e+03
1.00000000e+22 2.68100000e+03
1.00000000e+22 2.68200000e+03
1.00000000e+22 2.68300000e+03
1.00000000e+22 2.68400000e+03
1.00000000e+22 2.68500000e+03
1.00000000e+22 2.68600000e+03
1.00000000e+22 2.68700000e+03
1.00000000e+22 2.68800000e+03
1.00000000e+22 2.68900000e+03
1.00000000e+22 2.69000000e+03
1.00000000e+22 2.69100000e+03
1.00000000e+22 2.69200000e+03
1.00000000e+22 2.69300000e+03
1.00000000e+22 2.69400000e+03
1.00000000e+22 2.69500000e+03
1.00000000e+22 2.69600000e+03
1.00000000e+22 2.69700000e+03
1.00000000e+22 2.69800000e+03
1.00000000e+22 2.69900000e+03
1.00000000e+22 2.70000000e+03
1.00000000e+22 2.70100000e+03
1.00000000e+22 2.70200000e+03
1.00000000e+22 2.70300000e+03
1.00000000e+22 2.70400000e+03
1.00000000e+22 2.70500000e+03
1.00000000e+22 2.70600000e+03
1.00000000e+22 2.70700000e+03
1.00000000e+22 2.70800000e+03
1.00000000e+22 2.70900000e+03
1.00000000e+22 2.71000000e+03
1.00000000e+22 2.71100000e+03
1.00000000e+22 2.71200000e+03
1.00000000e+22 2.71300000e+03
1.00000000e+22 2.71400000e+03
1.00000000e+22 2.71500000e+03
1.00000000e+22 2.71600000e+03
1.00000000e+22 2.71700000e+03
1.00000000e+22 2.71800000e+03
1.00000000e+22 2.71900000e+03
1.00000000e+22 2.72000000e+03
1.00000000e+22 2.72100000e+03
1.00000000e+22 2.72200000e+03
1.00000000e+22 2.72300000e+03
1.00000000e+22 2.72400000e+03
1.00000000e+22 2.72500000e+03
1.00000000e+22 2.72600000e+03
1.00000000e+22 2.72700000e+03
1.00000000e+22 2.72800000e+03
1.00000000e+22 2.72900000e+03
1.00000000e+22 2.73000000e+03
1.00000000e+22 2.73100000e+03
1.00000000e+22 2.73200000e+03
1.00000000e+22 2.73300000e+03
1.00000000e+22 2.73400000e+03
1.00000000e+22 2.73500000e+03
1.00000000e+22 2.73600000e+03
1.00000000e+22 2.73700000e+03
1.00000000e+22 2.73800000e+03
1.00000000e+22 2.73900000e+03
1.00000000e+22 2.74000000e+03
1.00000000e+22 2.74100000e+03
1.00000000e+22 2.74200000e+03
1.00000000e+22 2.74300000e+03
1.00000000e+22 2.74400000e+03
1.00000000e+22 2.74500000e+03
1.00000000e+22 2.74600000e+03
1.00000000e+22 2.74700000e+03
1.00000000e+22 2.74800000e+03
1.00000000e+22 2.74900000e+03
1.00000000e+22 2.75000000e+03
1.00000000e+22 2.75100000e+03
1.00000000e+22 2.75200000e+03
1.00000000e+22 2.75300000e+03
1.00000000e+22 2.75400000e+03
1.00000000e+22 2.75500000e+03
1.00000000e+22 2.75600000e+03
1.00000000e+22 2.75700000e+03
1.00000000e+22 2.75800000e+03
1.00000000e+22 2.75900000e+03
1.00000000e+22 2.76000000e+03
1.00000000e+22 2.76100000e+03
1.00000000e+22 2.76200000e+03
1.00000000e+22 2.76300000e+03
1.00000000e+22 2.76400000e+03
1.00000000e+22 2.76500000e+03
1.00000000e+22 2.76600000e+03
1.00000000e+22 2.76700000e+03
1.00000000e+22 2.76800000e+03
1.00000000e+22 2.76900000e+03
1.00000000e+22 2.77000000e+03
1.00000000e+22 2.77100000e+03
1.00000000e+22 2.77200000e+03
1.00000000e+22 2.77300000e+03
1.00000000e+22 2.77400000e+03
1.00000000e+22 2.77500000e+03
1.00000000e+22 2.77600000e+03
1.00000000e+22 2.77700000e+03
1.00000000e+22 2.77800000e+03
1.00000000e+22 2.77900000e+03
1.00000000e+22 2.78000000e+03
1.00000000e+22 2.78100000e+03
1.00000000e+22 2.78200000e+03
1.00000000e+22 2.78300000e+03
1.00000000e+22 2.78400000e+03
1.00000000e+22 2.78500000e+03
1.00000000e+22 2.78600000e+03
1.00000000e+22 2.78700000e+03
1.00000000e+22 2.78800000e+03
1.00000000e+22 2.78900000e+03
1.00000000e+22 2.79000000e+03
1.00000000e+22 2.79100000e+03
1.00000000e+22 2.79200000e+03
1.00000000e+22 2.79300000e+03
1.00000000e+22 2.79400000e+03
1.00000000e+22 2.79500000e+03
1.00000000e+22 2.79600000e+03
1.00000000e+22 2.79700000e+03
1.00000000e+22 2.79800000e+03
1.00000000e+22 2.79900000e+03
1.00000000e+22 2.80000000e+03
1.00000000e+22 2.80100000e+03
1.00000000e+22 2.80200000e+03
1.00000000e+22 2.80300000e+03
1.00000000e+22 2.80400000e+03
1.00000000e+22 2.80500000e+03
1.00000000e+22 2.80600000e+03
1.00000000e+22 2.80700000e+03
1.00000000e+22 2.80800000e+03
1.00000000e+22 2.80900000e+03
1.00000000e+22 2.81000000e+03
1.00000000e+22 2.81100000e+03
1.00000000e+22 2.81200000e+03
1.00000000e+22 2.81300000e+03
1.00000000e+22 2.81400000e+03
1.00000000e+22 2.81500000e+03
1.00000000e+22 2.81600000e+03
1.00000000e+22 2.81700000e+03
1.00000000e+22 2.81800000e+03
1.00000000e+22 2.81900000e+03
1.00000000e+22 2.82000000e+03
1.00000000e+22 2.82100000e+03
1.00000000e+22 2.82200000e+03
1.00000000e+22 2.82300000e+03
1.00000000e+22 2.82400000e+03
1.00000000e+22 2.82500000e+03
1.00000000e+22 2.82600000e+03
1.00000000e+22 2.82700000e+03
1.00000000e+22 2.82800000e+03
1.00000000e+22 2.82900000e+03
1.00000000e+22 2.83000000e+03
1.00000000e+22 2.83100000e+03
1.00000000e+22 2.83200000e+03
1.00000000e+22 2.83300000e+03
1.00000000e+22 2.83400000e+03
1.00000000e+22 2.83500000e+03
1.00000000e+22 2.83600000e+03
1.00000000e+22 2.83700000e+03
1.00000000e+22 2.83800000e+03
1.00000000e+22 2.83900000e+03
1.00000000e+22 2.84000000e+03
1.00000000e+22 2.84100000e+03
1.00000000e+22 2.84200000e+03
1.00000000e+22 2.84300000e+03
1.00000000e+22 2.84400000e+03
1.00000000e+22 2.84500000e+03
1.00000000e+22 2.84600000e+03
1.00000000e+22 2.84700000e+03
1.00000000e+22 2.84800000e+03
1.00000000e+22 2.84900000e+03
1.00000000e+22 2.85000000e+03
1.00000000e+22 2.85100000e+03
1.00000000e+22 2.85200000e+03
1.00000000e+22 2.85300000e+03
1.00000000e+22 2.85400000e+03
1.00000000e+22 2.85500000e+03
1.00000000e+22 2.85600000e+03
1.00000000e+22 2.85700000e+03
1.00000000e+22 2.85800000e+03
1.00000000e+22 2.85900000e+03
1.00000000e+22 2.86000000e+03
1.00000000e+22 2.86100000e+03
1.00000000e+22 2.86200000e+03
1.00000000e+22 2.86300000e+03
1.00000000e+22 2.86400000e+03
1.00000000e+22 2.86500000e+03
1.00000000e+22 2.86600000e+03
1.00000000e+22 2.86700000e+03
1.00000000e+22 2.86800000e+03
1.00000000e+22 2.86900000e+03
1.00000000e+22 2.87000000e+03
1.00000000e+22 2.87100000e+03
1.00000000e+22 2.87200000e+03
1.00000000e+22 2.87300000e+03
1.00000000e+22 2.87400000e+03
1.00000000e+22 2.87500000e+03
1.00000000e+22 2.87600000e+03
1.00000000e+22 2.87700000e+03
1.00000000e+22 2.87800000e+03
1.00000000e+22 2.87900000e+03
1.00000000e+22 2.88000000e+03
1.00000000e+22 2.88100000e+03
1.00000000e+22 2.88200000e+03
1.00000000e+22 2.88300000e+03
1.00000000e+22 2.88400000e+03
1.00000000e+22 2.88500000e+03
1.00000000e+22 2.88600000e+03
1.00000000e+22 2.88700000e+03
1.00000000e+22 2.88800000e+03
1.00000000e+22 2.88900000e+03
1.00000000e+22 2.89000000e+03
