8.44000000e+21 0.00000000e+00
8.44000000e+21 1.00000000e+00
8.44000000e+21 2.00000000e+00
8.44000000e+21 3.00000000e+00
8.44000000e+21 4.00000000e+00
8.44000000e+21 5.00000000e+00
8.44000000e+21 6.00000000e+00
8.44000000e+21 7.00000000e+00
8.44000000e+21 8.00000000e+00
8.44000000e+21 9.00000000e+00
8.44000000e+21 1.00000000e+01
8.44000000e+21 1.10000000e+01
8.44000000e+21 1.20000000e+01
8.44000000e+21 1.30000000e+01
8.44000000e+21 1.40000000e+01
8.44000000e+21 1.50000000e+01
8.44000000e+21 1.60000000e+01
8.44000000e+21 1.70000000e+01
8.44000000e+21 1.80000000e+01
8.44000000e+21 1.90000000e+01
8.44000000e+21 2.00000000e+01
8.44000000e+21 2.10000000e+01
8.44000000e+21 2.20000000e+01
8.44000000e+21 2.30000000e+01
8.44000000e+21 2.40000000e+01
8.44000000e+21 2.50000000e+01
8.44000000e+21 2.60000000e+01
8.44000000e+21 2.70000000e+01
8.44000000e+21 2.80000000e+01
8.44000000e+21 2.90000000e+01
8.44000000e+21 3.00000000e+01
8.44000000e+21 3.10000000e+01
8.44000000e+21 3.20000000e+01
8.44000000e+21 3.30000000e+01
8.44000000e+21 3.40000000e+01
8.44000000e+21 3.50000000e+01
8.44000000e+21 3.60000000e+01
8.44000000e+21 3.70000000e+01
8.44000000e+21 3.80000000e+01
8.44000000e+21 3.90000000e+01
8.44000000e+21 4.00000000e+01
8.44000000e+21 4.10000000e+01
8.44000000e+21 4.20000000e+01
8.44000000e+21 4.30000000e+01
8.44000000e+21 4.40000000e+01
8.44000000e+21 4.50000000e+01
8.44000000e+21 4.60000000e+01
8.44000000e+21 4.70000000e+01
8.44000000e+21 4.80000000e+01
8.44000000e+21 4.90000000e+01
8.44000000e+21 5.00000000e+01
8.44000000e+21 5.10000000e+01
8.44000000e+21 5.20000000e+01
8.44000000e+21 5.30000000e+01
8.44000000e+21 5.40000000e+01
8.44000000e+21 5.50000000e+01
8.44000000e+21 5.60000000e+01
8.44000000e+21 5.70000000e+01
8.44000000e+21 5.80000000e+01
8.44000000e+21 5.90000000e+01
8.44000000e+21 6.00000000e+01
8.44000000e+21 6.10000000e+01
8.44000000e+21 6.20000000e+01
8.44000000e+21 6.30000000e+01
8.44000000e+21 6.40000000e+01
8.44000000e+21 6.50000000e+01
8.44000000e+21 6.60000000e+01
8.44000000e+21 6.70000000e+01
8.44000000e+21 6.80000000e+01
8.44000000e+21 6.90000000e+01
8.44000000e+21 7.00000000e+01
8.44000000e+21 7.10000000e+01
8.44000000e+21 7.20000000e+01
8.44000000e+21 7.30000000e+01
8.44000000e+21 7.40000000e+01
8.44000000e+21 7.50000000e+01
8.44000000e+21 7.60000000e+01
8.44000000e+21 7.70000000e+01
8.44000000e+21 7.80000000e+01
8.44000000e+21 7.90000000e+01
8.44000000e+21 8.00000000e+01
8.44000000e+21 8.10000000e+01
8.44000000e+21 8.20000000e+01
8.44000000e+21 8.30000000e+01
8.44000000e+21 8.40000000e+01
8.44000000e+21 8.50000000e+01
8.44000000e+21 8.60000000e+01
8.44000000e+21 8.70000000e+01
8.44000000e+21 8.80000000e+01
8.44000000e+21 8.90000000e+01
8.44000000e+21 9.00000000e+01
8.44000000e+21 9.10000000e+01
8.44000000e+21 9.20000000e+01
8.44000000e+21 9.30000000e+01
8.44000000e+21 9.40000000e+01
8.44000000e+21 9.50000000e+01
8.44000000e+21 9.60000000e+01
8.44000000e+21 9.70000000e+01
8.44000000e+21 9.80000000e+01
8.44000000e+21 9.90000000e+01
8.44000000e+21 1.00000000e+02
8.44000000e+21 1.01000000e+02
8.44000000e+21 1.02000000e+02
8.44000000e+21 1.03000000e+02
8.44000000e+21 1.04000000e+02
8.44000000e+21 1.05000000e+02
8.44000000e+21 1.06000000e+02
8.44000000e+21 1.07000000e+02
8.44000000e+21 1.08000000e+02
8.44000000e+21 1.09000000e+02
8.44000000e+21 1.10000000e+02
8.44000000e+21 1.11000000e+02
8.44000000e+21 1.12000000e+02
8.44000000e+21 1.13000000e+02
8.44000000e+21 1.14000000e+02
8.44000000e+21 1.15000000e+02
8.44000000e+21 1.16000000e+02
8.44000000e+21 1.17000000e+02
8.44000000e+21 1.18000000e+02
8.44000000e+21 1.19000000e+02
8.44000000e+21 1.20000000e+02
8.44000000e+21 1.21000000e+02
8.44000000e+21 1.22000000e+02
8.44000000e+21 1.23000000e+02
8.44000000e+21 1.24000000e+02
8.44000000e+21 1.25000000e+02
8.44000000e+21 1.26000000e+02
8.44000000e+21 1.27000000e+02
8.44000000e+21 1.28000000e+02
8.44000000e+21 1.29000000e+02
8.44000000e+21 1.30000000e+02
8.44000000e+21 1.31000000e+02
8.44000000e+21 1.32000000e+02
8.44000000e+21 1.33000000e+02
8.44000000e+21 1.34000000e+02
8.44000000e+21 1.35000000e+02
8.44000000e+21 1.36000000e+02
8.44000000e+21 1.37000000e+02
8.44000000e+21 1.38000000e+02
8.44000000e+21 1.39000000e+02
8.44000000e+21 1.40000000e+02
8.44000000e+21 1.41000000e+02
8.44000000e+21 1.42000000e+02
8.44000000e+21 1.43000000e+02
8.44000000e+21 1.44000000e+02
8.44000000e+21 1.45000000e+02
8.44000000e+21 1.46000000e+02
8.44000000e+21 1.47000000e+02
8.44000000e+21 1.48000000e+02
8.44000000e+21 1.49000000e+02
8.44000000e+21 1.50000000e+02
8.44000000e+21 1.51000000e+02
8.44000000e+21 1.52000000e+02
8.44000000e+21 1.53000000e+02
8.44000000e+21 1.54000000e+02
8.44000000e+21 1.55000000e+02
8.44000000e+21 1.56000000e+02
8.44000000e+21 1.57000000e+02
8.44000000e+21 1.58000000e+02
8.44000000e+21 1.59000000e+02
8.44000000e+21 1.60000000e+02
8.44000000e+21 1.61000000e+02
8.44000000e+21 1.62000000e+02
8.44000000e+21 1.63000000e+02
8.44000000e+21 1.64000000e+02
8.44000000e+21 1.65000000e+02
8.44000000e+21 1.66000000e+02
8.44000000e+21 1.67000000e+02
8.44000000e+21 1.68000000e+02
8.44000000e+21 1.69000000e+02
8.44000000e+21 1.70000000e+02
8.44000000e+21 1.71000000e+02
8.44000000e+21 1.72000000e+02
8.44000000e+21 1.73000000e+02
8.44000000e+21 1.74000000e+02
8.44000000e+21 1.75000000e+02
8.44000000e+21 1.76000000e+02
8.44000000e+21 1.77000000e+02
8.44000000e+21 1.78000000e+02
8.44000000e+21 1.79000000e+02
8.44000000e+21 1.80000000e+02
8.44000000e+21 1.81000000e+02
8.44000000e+21 1.82000000e+02
8.44000000e+21 1.83000000e+02
8.44000000e+21 1.84000000e+02
8.44000000e+21 1.85000000e+02
8.44000000e+21 1.86000000e+02
8.44000000e+21 1.87000000e+02
8.44000000e+21 1.88000000e+02
8.44000000e+21 1.89000000e+02
8.44000000e+21 1.90000000e+02
8.44000000e+21 1.91000000e+02
8.44000000e+21 1.92000000e+02
8.44000000e+21 1.93000000e+02
8.44000000e+21 1.94000000e+02
8.44000000e+21 1.95000000e+02
8.44000000e+21 1.96000000e+02
8.44000000e+21 1.97000000e+02
8.44000000e+21 1.98000000e+02
8.44000000e+21 1.99000000e+02
8.44000000e+21 2.00000000e+02
8.44000000e+21 2.01000000e+02
8.44000000e+21 2.02000000e+02
8.44000000e+21 2.03000000e+02
8.44000000e+21 2.04000000e+02
8.44000000e+21 2.05000000e+02
8.44000000e+21 2.06000000e+02
8.44000000e+21 2.07000000e+02
8.44000000e+21 2.08000000e+02
8.44000000e+21 2.09000000e+02
8.44000000e+21 2.10000000e+02
8.44000000e+21 2.11000000e+02
8.44000000e+21 2.12000000e+02
8.44000000e+21 2.13000000e+02
8.44000000e+21 2.14000000e+02
8.44000000e+21 2.15000000e+02
8.44000000e+21 2.16000000e+02
8.44000000e+21 2.17000000e+02
8.44000000e+21 2.18000000e+02
8.44000000e+21 2.19000000e+02
8.44000000e+21 2.20000000e+02
8.44000000e+21 2.21000000e+02
8.44000000e+21 2.22000000e+02
8.44000000e+21 2.23000000e+02
8.44000000e+21 2.24000000e+02
8.44000000e+21 2.25000000e+02
8.44000000e+21 2.26000000e+02
8.44000000e+21 2.27000000e+02
8.44000000e+21 2.28000000e+02
8.44000000e+21 2.29000000e+02
8.44000000e+21 2.30000000e+02
8.44000000e+21 2.31000000e+02
8.44000000e+21 2.32000000e+02
8.44000000e+21 2.33000000e+02
8.44000000e+21 2.34000000e+02
8.44000000e+21 2.35000000e+02
8.44000000e+21 2.36000000e+02
8.44000000e+21 2.37000000e+02
8.44000000e+21 2.38000000e+02
8.44000000e+21 2.39000000e+02
8.44000000e+21 2.40000000e+02
8.44000000e+21 2.41000000e+02
8.44000000e+21 2.42000000e+02
8.44000000e+21 2.43000000e+02
8.44000000e+21 2.44000000e+02
8.44000000e+21 2.45000000e+02
8.44000000e+21 2.46000000e+02
8.44000000e+21 2.47000000e+02
8.44000000e+21 2.48000000e+02
8.44000000e+21 2.49000000e+02
8.44000000e+21 2.50000000e+02
8.44000000e+21 2.51000000e+02
8.44000000e+21 2.52000000e+02
8.44000000e+21 2.53000000e+02
8.44000000e+21 2.54000000e+02
8.44000000e+21 2.55000000e+02
8.44000000e+21 2.56000000e+02
8.44000000e+21 2.57000000e+02
8.44000000e+21 2.58000000e+02
8.44000000e+21 2.59000000e+02
8.44000000e+21 2.60000000e+02
8.44000000e+21 2.61000000e+02
8.44000000e+21 2.62000000e+02
8.44000000e+21 2.63000000e+02
8.44000000e+21 2.64000000e+02
8.44000000e+21 2.65000000e+02
8.44000000e+21 2.66000000e+02
8.44000000e+21 2.67000000e+02
8.44000000e+21 2.68000000e+02
8.44000000e+21 2.69000000e+02
8.44000000e+21 2.70000000e+02
8.44000000e+21 2.71000000e+02
8.44000000e+21 2.72000000e+02
8.44000000e+21 2.73000000e+02
8.44000000e+21 2.74000000e+02
8.44000000e+21 2.75000000e+02
8.44000000e+21 2.76000000e+02
8.44000000e+21 2.77000000e+02
8.44000000e+21 2.78000000e+02
8.44000000e+21 2.79000000e+02
8.44000000e+21 2.80000000e+02
8.44000000e+21 2.81000000e+02
8.44000000e+21 2.82000000e+02
8.44000000e+21 2.83000000e+02
8.44000000e+21 2.84000000e+02
8.44000000e+21 2.85000000e+02
8.44000000e+21 2.86000000e+02
8.44000000e+21 2.87000000e+02
8.44000000e+21 2.88000000e+02
8.44000000e+21 2.89000000e+02
8.44000000e+21 2.90000000e+02
8.44000000e+21 2.91000000e+02
8.44000000e+21 2.92000000e+02
8.44000000e+21 2.93000000e+02
8.44000000e+21 2.94000000e+02
8.44000000e+21 2.95000000e+02
8.44000000e+21 2.96000000e+02
8.44000000e+21 2.97000000e+02
8.44000000e+21 2.98000000e+02
8.44000000e+21 2.99000000e+02
8.44000000e+21 3.00000000e+02
8.44000000e+21 3.01000000e+02
8.44000000e+21 3.02000000e+02
8.44000000e+21 3.03000000e+02
8.44000000e+21 3.04000000e+02
8.44000000e+21 3.05000000e+02
8.44000000e+21 3.06000000e+02
8.44000000e+21 3.07000000e+02
8.44000000e+21 3.08000000e+02
8.44000000e+21 3.09000000e+02
8.44000000e+21 3.10000000e+02
8.44000000e+21 3.11000000e+02
8.44000000e+21 3.12000000e+02
8.44000000e+21 3.13000000e+02
8.44000000e+21 3.14000000e+02
8.44000000e+21 3.15000000e+02
8.44000000e+21 3.16000000e+02
8.44000000e+21 3.17000000e+02
8.44000000e+21 3.18000000e+02
8.44000000e+21 3.19000000e+02
8.44000000e+21 3.20000000e+02
8.44000000e+21 3.21000000e+02
8.44000000e+21 3.22000000e+02
8.44000000e+21 3.23000000e+02
8.44000000e+21 3.24000000e+02
8.44000000e+21 3.25000000e+02
8.44000000e+21 3.26000000e+02
8.44000000e+21 3.27000000e+02
8.44000000e+21 3.28000000e+02
8.44000000e+21 3.29000000e+02
8.44000000e+21 3.30000000e+02
8.44000000e+21 3.31000000e+02
8.44000000e+21 3.32000000e+02
8.44000000e+21 3.33000000e+02
8.44000000e+21 3.34000000e+02
8.44000000e+21 3.35000000e+02
8.44000000e+21 3.36000000e+02
8.44000000e+21 3.37000000e+02
8.44000000e+21 3.38000000e+02
8.44000000e+21 3.39000000e+02
8.44000000e+21 3.40000000e+02
8.44000000e+21 3.41000000e+02
8.44000000e+21 3.42000000e+02
8.44000000e+21 3.43000000e+02
8.44000000e+21 3.44000000e+02
8.44000000e+21 3.45000000e+02
8.44000000e+21 3.46000000e+02
8.44000000e+21 3.47000000e+02
8.44000000e+21 3.48000000e+02
8.44000000e+21 3.49000000e+02
8.44000000e+21 3.50000000e+02
8.44000000e+21 3.51000000e+02
8.44000000e+21 3.52000000e+02
8.44000000e+21 3.53000000e+02
8.44000000e+21 3.54000000e+02
8.44000000e+21 3.55000000e+02
8.44000000e+21 3.56000000e+02
8.44000000e+21 3.57000000e+02
8.44000000e+21 3.58000000e+02
8.44000000e+21 3.59000000e+02
8.44000000e+21 3.60000000e+02
8.44000000e+21 3.61000000e+02
8.44000000e+21 3.62000000e+02
8.44000000e+21 3.63000000e+02
8.44000000e+21 3.64000000e+02
8.44000000e+21 3.65000000e+02
8.44000000e+21 3.66000000e+02
8.44000000e+21 3.67000000e+02
8.44000000e+21 3.68000000e+02
8.44000000e+21 3.69000000e+02
8.44000000e+21 3.70000000e+02
8.44000000e+21 3.71000000e+02
8.44000000e+21 3.72000000e+02
8.44000000e+21 3.73000000e+02
8.44000000e+21 3.74000000e+02
8.44000000e+21 3.75000000e+02
8.44000000e+21 3.76000000e+02
8.44000000e+21 3.77000000e+02
8.44000000e+21 3.78000000e+02
8.44000000e+21 3.79000000e+02
8.44000000e+21 3.80000000e+02
8.44000000e+21 3.81000000e+02
8.44000000e+21 3.82000000e+02
8.44000000e+21 3.83000000e+02
8.44000000e+21 3.84000000e+02
8.44000000e+21 3.85000000e+02
8.44000000e+21 3.86000000e+02
8.44000000e+21 3.87000000e+02
8.44000000e+21 3.88000000e+02
8.44000000e+21 3.89000000e+02
8.44000000e+21 3.90000000e+02
8.44000000e+21 3.91000000e+02
8.44000000e+21 3.92000000e+02
8.44000000e+21 3.93000000e+02
8.44000000e+21 3.94000000e+02
8.44000000e+21 3.95000000e+02
8.44000000e+21 3.96000000e+02
8.44000000e+21 3.97000000e+02
8.44000000e+21 3.98000000e+02
8.44000000e+21 3.99000000e+02
8.44000000e+21 4.00000000e+02
8.44000000e+21 4.01000000e+02
8.44000000e+21 4.02000000e+02
8.44000000e+21 4.03000000e+02
8.44000000e+21 4.04000000e+02
8.44000000e+21 4.05000000e+02
8.44000000e+21 4.06000000e+02
8.44000000e+21 4.07000000e+02
8.44000000e+21 4.08000000e+02
8.44000000e+21 4.09000000e+02
8.44000000e+21 4.10000000e+02
8.44000000e+21 4.11000000e+02
8.44000000e+21 4.12000000e+02
8.44000000e+21 4.13000000e+02
8.44000000e+21 4.14000000e+02
8.44000000e+21 4.15000000e+02
8.44000000e+21 4.16000000e+02
8.44000000e+21 4.17000000e+02
8.44000000e+21 4.18000000e+02
8.44000000e+21 4.19000000e+02
8.44000000e+21 4.20000000e+02
8.44000000e+21 4.21000000e+02
8.44000000e+21 4.22000000e+02
8.44000000e+21 4.23000000e+02
8.44000000e+21 4.24000000e+02
8.44000000e+21 4.25000000e+02
8.44000000e+21 4.26000000e+02
8.44000000e+21 4.27000000e+02
8.44000000e+21 4.28000000e+02
8.44000000e+21 4.29000000e+02
8.44000000e+21 4.30000000e+02
8.44000000e+21 4.31000000e+02
8.44000000e+21 4.32000000e+02
8.44000000e+21 4.33000000e+02
8.44000000e+21 4.34000000e+02
8.44000000e+21 4.35000000e+02
8.44000000e+21 4.36000000e+02
8.44000000e+21 4.37000000e+02
8.44000000e+21 4.38000000e+02
8.44000000e+21 4.39000000e+02
8.44000000e+21 4.40000000e+02
8.44000000e+21 4.41000000e+02
8.44000000e+21 4.42000000e+02
8.44000000e+21 4.43000000e+02
8.44000000e+21 4.44000000e+02
8.44000000e+21 4.45000000e+02
8.44000000e+21 4.46000000e+02
8.44000000e+21 4.47000000e+02
8.44000000e+21 4.48000000e+02
8.44000000e+21 4.49000000e+02
8.44000000e+21 4.50000000e+02
8.44000000e+21 4.51000000e+02
8.44000000e+21 4.52000000e+02
8.44000000e+21 4.53000000e+02
8.44000000e+21 4.54000000e+02
8.44000000e+21 4.55000000e+02
8.44000000e+21 4.56000000e+02
8.44000000e+21 4.57000000e+02
8.44000000e+21 4.58000000e+02
8.44000000e+21 4.59000000e+02
8.44000000e+21 4.60000000e+02
8.44000000e+21 4.61000000e+02
8.44000000e+21 4.62000000e+02
8.44000000e+21 4.63000000e+02
8.44000000e+21 4.64000000e+02
8.44000000e+21 4.65000000e+02
8.44000000e+21 4.66000000e+02
8.44000000e+21 4.67000000e+02
8.44000000e+21 4.68000000e+02
8.44000000e+21 4.69000000e+02
8.44000000e+21 4.70000000e+02
8.44000000e+21 4.71000000e+02
8.44000000e+21 4.72000000e+02
8.44000000e+21 4.73000000e+02
8.44000000e+21 4.74000000e+02
8.44000000e+21 4.75000000e+02
8.44000000e+21 4.76000000e+02
8.44000000e+21 4.77000000e+02
8.44000000e+21 4.78000000e+02
8.44000000e+21 4.79000000e+02
8.44000000e+21 4.80000000e+02
8.44000000e+21 4.81000000e+02
8.44000000e+21 4.82000000e+02
8.44000000e+21 4.83000000e+02
8.44000000e+21 4.84000000e+02
8.44000000e+21 4.85000000e+02
8.44000000e+21 4.86000000e+02
8.44000000e+21 4.87000000e+02
8.44000000e+21 4.88000000e+02
8.44000000e+21 4.89000000e+02
8.44000000e+21 4.90000000e+02
8.44000000e+21 4.91000000e+02
8.44000000e+21 4.92000000e+02
8.44000000e+21 4.93000000e+02
8.44000000e+21 4.94000000e+02
8.44000000e+21 4.95000000e+02
8.44000000e+21 4.96000000e+02
8.44000000e+21 4.97000000e+02
8.44000000e+21 4.98000000e+02
8.44000000e+21 4.99000000e+02
8.44000000e+21 5.00000000e+02
8.44000000e+21 5.01000000e+02
8.44000000e+21 5.02000000e+02
8.44000000e+21 5.03000000e+02
8.44000000e+21 5.04000000e+02
8.44000000e+21 5.05000000e+02
8.44000000e+21 5.06000000e+02
8.44000000e+21 5.07000000e+02
8.44000000e+21 5.08000000e+02
8.44000000e+21 5.09000000e+02
8.44000000e+21 5.10000000e+02
8.44000000e+21 5.11000000e+02
8.44000000e+21 5.12000000e+02
8.44000000e+21 5.13000000e+02
8.44000000e+21 5.14000000e+02
8.44000000e+21 5.15000000e+02
8.44000000e+21 5.16000000e+02
8.44000000e+21 5.17000000e+02
8.44000000e+21 5.18000000e+02
8.44000000e+21 5.19000000e+02
8.44000000e+21 5.20000000e+02
8.44000000e+21 5.21000000e+02
8.44000000e+21 5.22000000e+02
8.44000000e+21 5.23000000e+02
8.44000000e+21 5.24000000e+02
8.44000000e+21 5.25000000e+02
8.44000000e+21 5.26000000e+02
8.44000000e+21 5.27000000e+02
8.44000000e+21 5.28000000e+02
8.44000000e+21 5.29000000e+02
8.44000000e+21 5.30000000e+02
8.44000000e+21 5.31000000e+02
8.44000000e+21 5.32000000e+02
8.44000000e+21 5.33000000e+02
8.44000000e+21 5.34000000e+02
8.44000000e+21 5.35000000e+02
8.44000000e+21 5.36000000e+02
8.44000000e+21 5.37000000e+02
8.44000000e+21 5.38000000e+02
8.44000000e+21 5.39000000e+02
8.44000000e+21 5.40000000e+02
8.44000000e+21 5.41000000e+02
8.44000000e+21 5.42000000e+02
8.44000000e+21 5.43000000e+02
8.44000000e+21 5.44000000e+02
8.44000000e+21 5.45000000e+02
8.44000000e+21 5.46000000e+02
8.44000000e+21 5.47000000e+02
8.44000000e+21 5.48000000e+02
8.44000000e+21 5.49000000e+02
8.44000000e+21 5.50000000e+02
8.44000000e+21 5.51000000e+02
8.44000000e+21 5.52000000e+02
8.44000000e+21 5.53000000e+02
8.44000000e+21 5.54000000e+02
8.44000000e+21 5.55000000e+02
8.44000000e+21 5.56000000e+02
8.44000000e+21 5.57000000e+02
8.44000000e+21 5.58000000e+02
8.44000000e+21 5.59000000e+02
8.44000000e+21 5.60000000e+02
8.44000000e+21 5.61000000e+02
8.44000000e+21 5.62000000e+02
8.44000000e+21 5.63000000e+02
8.44000000e+21 5.64000000e+02
8.44000000e+21 5.65000000e+02
8.44000000e+21 5.66000000e+02
8.44000000e+21 5.67000000e+02
8.44000000e+21 5.68000000e+02
8.44000000e+21 5.69000000e+02
8.44000000e+21 5.70000000e+02
8.44000000e+21 5.71000000e+02
8.44000000e+21 5.72000000e+02
8.44000000e+21 5.73000000e+02
8.44000000e+21 5.74000000e+02
8.44000000e+21 5.75000000e+02
8.44000000e+21 5.76000000e+02
8.44000000e+21 5.77000000e+02
8.44000000e+21 5.78000000e+02
8.44000000e+21 5.79000000e+02
8.44000000e+21 5.80000000e+02
8.44000000e+21 5.81000000e+02
8.44000000e+21 5.82000000e+02
8.44000000e+21 5.83000000e+02
8.44000000e+21 5.84000000e+02
8.44000000e+21 5.85000000e+02
8.44000000e+21 5.86000000e+02
8.44000000e+21 5.87000000e+02
8.44000000e+21 5.88000000e+02
8.44000000e+21 5.89000000e+02
8.44000000e+21 5.90000000e+02
8.44000000e+21 5.91000000e+02
8.44000000e+21 5.92000000e+02
8.44000000e+21 5.93000000e+02
8.44000000e+21 5.94000000e+02
8.44000000e+21 5.95000000e+02
8.44000000e+21 5.96000000e+02
8.44000000e+21 5.97000000e+02
8.44000000e+21 5.98000000e+02
8.44000000e+21 5.99000000e+02
8.44000000e+21 6.00000000e+02
8.44000000e+21 6.01000000e+02
8.44000000e+21 6.02000000e+02
8.44000000e+21 6.03000000e+02
8.44000000e+21 6.04000000e+02
8.44000000e+21 6.05000000e+02
8.44000000e+21 6.06000000e+02
8.44000000e+21 6.07000000e+02
8.44000000e+21 6.08000000e+02
8.44000000e+21 6.09000000e+02
8.44000000e+21 6.10000000e+02
8.44000000e+21 6.11000000e+02
8.44000000e+21 6.12000000e+02
8.44000000e+21 6.13000000e+02
8.44000000e+21 6.14000000e+02
8.44000000e+21 6.15000000e+02
8.44000000e+21 6.16000000e+02
8.44000000e+21 6.17000000e+02
8.44000000e+21 6.18000000e+02
8.44000000e+21 6.19000000e+02
8.44000000e+21 6.20000000e+02
8.44000000e+21 6.21000000e+02
8.44000000e+21 6.22000000e+02
8.44000000e+21 6.23000000e+02
8.44000000e+21 6.24000000e+02
8.44000000e+21 6.25000000e+02
8.44000000e+21 6.26000000e+02
8.44000000e+21 6.27000000e+02
8.44000000e+21 6.28000000e+02
8.44000000e+21 6.29000000e+02
8.44000000e+21 6.30000000e+02
8.44000000e+21 6.31000000e+02
8.44000000e+21 6.32000000e+02
8.44000000e+21 6.33000000e+02
8.44000000e+21 6.34000000e+02
8.44000000e+21 6.35000000e+02
8.44000000e+21 6.36000000e+02
8.44000000e+21 6.37000000e+02
8.44000000e+21 6.38000000e+02
8.44000000e+21 6.39000000e+02
8.44000000e+21 6.40000000e+02
8.44000000e+21 6.41000000e+02
8.44000000e+21 6.42000000e+02
8.44000000e+21 6.43000000e+02
8.44000000e+21 6.44000000e+02
8.44000000e+21 6.45000000e+02
8.44000000e+21 6.46000000e+02
8.44000000e+21 6.47000000e+02
8.44000000e+21 6.48000000e+02
8.44000000e+21 6.49000000e+02
8.44000000e+21 6.50000000e+02
8.44000000e+21 6.51000000e+02
8.44000000e+21 6.52000000e+02
8.44000000e+21 6.53000000e+02
8.44000000e+21 6.54000000e+02
8.44000000e+21 6.55000000e+02
8.44000000e+21 6.56000000e+02
8.44000000e+21 6.57000000e+02
8.44000000e+21 6.58000000e+02
8.44000000e+21 6.59000000e+02
8.44000000e+21 6.60000000e+02
8.44000000e+21 6.61000000e+02
8.44000000e+21 6.62000000e+02
8.44000000e+21 6.63000000e+02
8.44000000e+21 6.64000000e+02
8.44000000e+21 6.65000000e+02
8.44000000e+21 6.66000000e+02
8.44000000e+21 6.67000000e+02
8.44000000e+21 6.68000000e+02
8.44000000e+21 6.69000000e+02
8.44000000e+21 6.70000000e+02
8.44000000e+21 6.71000000e+02
8.44000000e+21 6.72000000e+02
8.44000000e+21 6.73000000e+02
8.44000000e+21 6.74000000e+02
8.44000000e+21 6.75000000e+02
8.44000000e+21 6.76000000e+02
8.44000000e+21 6.77000000e+02
8.44000000e+21 6.78000000e+02
8.44000000e+21 6.79000000e+02
8.44000000e+21 6.80000000e+02
8.44000000e+21 6.81000000e+02
8.44000000e+21 6.82000000e+02
8.44000000e+21 6.83000000e+02
8.44000000e+21 6.84000000e+02
8.44000000e+21 6.85000000e+02
8.44000000e+21 6.86000000e+02
8.44000000e+21 6.87000000e+02
8.44000000e+21 6.88000000e+02
8.44000000e+21 6.89000000e+02
8.44000000e+21 6.90000000e+02
8.44000000e+21 6.91000000e+02
8.44000000e+21 6.92000000e+02
8.44000000e+21 6.93000000e+02
8.44000000e+21 6.94000000e+02
8.44000000e+21 6.95000000e+02
8.44000000e+21 6.96000000e+02
8.44000000e+21 6.97000000e+02
8.44000000e+21 6.98000000e+02
8.44000000e+21 6.99000000e+02
8.44000000e+21 7.00000000e+02
8.44000000e+21 7.01000000e+02
8.44000000e+21 7.02000000e+02
8.44000000e+21 7.03000000e+02
8.44000000e+21 7.04000000e+02
8.44000000e+21 7.05000000e+02
8.44000000e+21 7.06000000e+02
8.44000000e+21 7.07000000e+02
8.44000000e+21 7.08000000e+02
8.44000000e+21 7.09000000e+02
8.44000000e+21 7.10000000e+02
8.44000000e+21 7.11000000e+02
8.44000000e+21 7.12000000e+02
8.44000000e+21 7.13000000e+02
8.44000000e+21 7.14000000e+02
8.44000000e+21 7.15000000e+02
8.44000000e+21 7.16000000e+02
8.44000000e+21 7.17000000e+02
8.44000000e+21 7.18000000e+02
8.44000000e+21 7.19000000e+02
8.44000000e+21 7.20000000e+02
8.44000000e+21 7.21000000e+02
8.44000000e+21 7.22000000e+02
8.44000000e+21 7.23000000e+02
8.44000000e+21 7.24000000e+02
8.44000000e+21 7.25000000e+02
8.44000000e+21 7.26000000e+02
8.44000000e+21 7.27000000e+02
8.44000000e+21 7.28000000e+02
8.44000000e+21 7.29000000e+02
8.44000000e+21 7.30000000e+02
8.44000000e+21 7.31000000e+02
8.44000000e+21 7.32000000e+02
8.44000000e+21 7.33000000e+02
8.44000000e+21 7.34000000e+02
8.44000000e+21 7.35000000e+02
8.44000000e+21 7.36000000e+02
8.44000000e+21 7.37000000e+02
8.44000000e+21 7.38000000e+02
8.44000000e+21 7.39000000e+02
8.44000000e+21 7.40000000e+02
8.44000000e+21 7.41000000e+02
8.44000000e+21 7.42000000e+02
8.44000000e+21 7.43000000e+02
8.44000000e+21 7.44000000e+02
8.44000000e+21 7.45000000e+02
8.44000000e+21 7.46000000e+02
8.44000000e+21 7.47000000e+02
8.44000000e+21 7.48000000e+02
8.44000000e+21 7.49000000e+02
8.44000000e+21 7.50000000e+02
8.44000000e+21 7.51000000e+02
8.44000000e+21 7.52000000e+02
8.44000000e+21 7.53000000e+02
8.44000000e+21 7.54000000e+02
8.44000000e+21 7.55000000e+02
8.44000000e+21 7.56000000e+02
8.44000000e+21 7.57000000e+02
8.44000000e+21 7.58000000e+02
8.44000000e+21 7.59000000e+02
8.44000000e+21 7.60000000e+02
8.44000000e+21 7.61000000e+02
8.44000000e+21 7.62000000e+02
8.44000000e+21 7.63000000e+02
8.44000000e+21 7.64000000e+02
8.44000000e+21 7.65000000e+02
8.44000000e+21 7.66000000e+02
8.44000000e+21 7.67000000e+02
8.44000000e+21 7.68000000e+02
8.44000000e+21 7.69000000e+02
8.44000000e+21 7.70000000e+02
8.44000000e+21 7.71000000e+02
8.44000000e+21 7.72000000e+02
8.44000000e+21 7.73000000e+02
8.44000000e+21 7.74000000e+02
8.44000000e+21 7.75000000e+02
8.44000000e+21 7.76000000e+02
8.44000000e+21 7.77000000e+02
8.44000000e+21 7.78000000e+02
8.44000000e+21 7.79000000e+02
8.44000000e+21 7.80000000e+02
8.44000000e+21 7.81000000e+02
8.44000000e+21 7.82000000e+02
8.44000000e+21 7.83000000e+02
8.44000000e+21 7.84000000e+02
8.44000000e+21 7.85000000e+02
8.44000000e+21 7.86000000e+02
8.44000000e+21 7.87000000e+02
8.44000000e+21 7.88000000e+02
8.44000000e+21 7.89000000e+02
8.44000000e+21 7.90000000e+02
8.44000000e+21 7.91000000e+02
8.44000000e+21 7.92000000e+02
8.44000000e+21 7.93000000e+02
8.44000000e+21 7.94000000e+02
8.44000000e+21 7.95000000e+02
8.44000000e+21 7.96000000e+02
8.44000000e+21 7.97000000e+02
8.44000000e+21 7.98000000e+02
8.44000000e+21 7.99000000e+02
8.44000000e+21 8.00000000e+02
8.44000000e+21 8.01000000e+02
8.44000000e+21 8.02000000e+02
8.44000000e+21 8.03000000e+02
8.44000000e+21 8.04000000e+02
8.44000000e+21 8.05000000e+02
8.44000000e+21 8.06000000e+02
8.44000000e+21 8.07000000e+02
8.44000000e+21 8.08000000e+02
8.44000000e+21 8.09000000e+02
8.44000000e+21 8.10000000e+02
8.44000000e+21 8.11000000e+02
8.44000000e+21 8.12000000e+02
8.44000000e+21 8.13000000e+02
8.44000000e+21 8.14000000e+02
8.44000000e+21 8.15000000e+02
8.44000000e+21 8.16000000e+02
8.44000000e+21 8.17000000e+02
8.44000000e+21 8.18000000e+02
8.44000000e+21 8.19000000e+02
8.44000000e+21 8.20000000e+02
8.44000000e+21 8.21000000e+02
8.44000000e+21 8.22000000e+02
8.44000000e+21 8.23000000e+02
8.44000000e+21 8.24000000e+02
8.44000000e+21 8.25000000e+02
8.44000000e+21 8.26000000e+02
8.44000000e+21 8.27000000e+02
8.44000000e+21 8.28000000e+02
8.44000000e+21 8.29000000e+02
8.44000000e+21 8.30000000e+02
8.44000000e+21 8.31000000e+02
8.44000000e+21 8.32000000e+02
8.44000000e+21 8.33000000e+02
8.44000000e+21 8.34000000e+02
8.44000000e+21 8.35000000e+02
8.44000000e+21 8.36000000e+02
8.44000000e+21 8.37000000e+02
8.44000000e+21 8.38000000e+02
8.44000000e+21 8.39000000e+02
8.44000000e+21 8.40000000e+02
8.44000000e+21 8.41000000e+02
8.44000000e+21 8.42000000e+02
8.44000000e+21 8.43000000e+02
8.44000000e+21 8.44000000e+02
8.44000000e+21 8.45000000e+02
8.44000000e+21 8.46000000e+02
8.44000000e+21 8.47000000e+02
8.44000000e+21 8.48000000e+02
8.44000000e+21 8.49000000e+02
8.44000000e+21 8.50000000e+02
8.44000000e+21 8.51000000e+02
8.44000000e+21 8.52000000e+02
8.44000000e+21 8.53000000e+02
8.44000000e+21 8.54000000e+02
8.44000000e+21 8.55000000e+02
8.44000000e+21 8.56000000e+02
8.44000000e+21 8.57000000e+02
8.44000000e+21 8.58000000e+02
8.44000000e+21 8.59000000e+02
8.44000000e+21 8.60000000e+02
8.44000000e+21 8.61000000e+02
8.44000000e+21 8.62000000e+02
8.44000000e+21 8.63000000e+02
8.44000000e+21 8.64000000e+02
8.44000000e+21 8.65000000e+02
8.44000000e+21 8.66000000e+02
8.44000000e+21 8.67000000e+02
8.44000000e+21 8.68000000e+02
8.44000000e+21 8.69000000e+02
8.44000000e+21 8.70000000e+02
8.44000000e+21 8.71000000e+02
8.44000000e+21 8.72000000e+02
8.44000000e+21 8.73000000e+02
8.44000000e+21 8.74000000e+02
8.44000000e+21 8.75000000e+02
8.44000000e+21 8.76000000e+02
8.44000000e+21 8.77000000e+02
8.44000000e+21 8.78000000e+02
8.44000000e+21 8.79000000e+02
8.44000000e+21 8.80000000e+02
8.44000000e+21 8.81000000e+02
8.44000000e+21 8.82000000e+02
8.44000000e+21 8.83000000e+02
8.44000000e+21 8.84000000e+02
8.44000000e+21 8.85000000e+02
8.44000000e+21 8.86000000e+02
8.44000000e+21 8.87000000e+02
8.44000000e+21 8.88000000e+02
8.44000000e+21 8.89000000e+02
8.44000000e+21 8.90000000e+02
8.44000000e+21 8.91000000e+02
8.44000000e+21 8.92000000e+02
8.44000000e+21 8.93000000e+02
8.44000000e+21 8.94000000e+02
8.44000000e+21 8.95000000e+02
8.44000000e+21 8.96000000e+02
8.44000000e+21 8.97000000e+02
8.44000000e+21 8.98000000e+02
8.44000000e+21 8.99000000e+02
8.44000000e+21 9.00000000e+02
8.44000000e+21 9.01000000e+02
8.44000000e+21 9.02000000e+02
8.44000000e+21 9.03000000e+02
8.44000000e+21 9.04000000e+02
8.44000000e+21 9.05000000e+02
8.44000000e+21 9.06000000e+02
8.44000000e+21 9.07000000e+02
8.44000000e+21 9.08000000e+02
8.44000000e+21 9.09000000e+02
8.44000000e+21 9.10000000e+02
8.44000000e+21 9.11000000e+02
8.44000000e+21 9.12000000e+02
8.44000000e+21 9.13000000e+02
8.44000000e+21 9.14000000e+02
8.44000000e+21 9.15000000e+02
8.44000000e+21 9.16000000e+02
8.44000000e+21 9.17000000e+02
8.44000000e+21 9.18000000e+02
8.44000000e+21 9.19000000e+02
8.44000000e+21 9.20000000e+02
8.44000000e+21 9.21000000e+02
8.44000000e+21 9.22000000e+02
8.44000000e+21 9.23000000e+02
8.44000000e+21 9.24000000e+02
8.44000000e+21 9.25000000e+02
8.44000000e+21 9.26000000e+02
8.44000000e+21 9.27000000e+02
8.44000000e+21 9.28000000e+02
8.44000000e+21 9.29000000e+02
8.44000000e+21 9.30000000e+02
8.44000000e+21 9.31000000e+02
8.44000000e+21 9.32000000e+02
8.44000000e+21 9.33000000e+02
8.44000000e+21 9.34000000e+02
8.44000000e+21 9.35000000e+02
8.44000000e+21 9.36000000e+02
8.44000000e+21 9.37000000e+02
8.44000000e+21 9.38000000e+02
8.44000000e+21 9.39000000e+02
8.44000000e+21 9.40000000e+02
8.44000000e+21 9.41000000e+02
8.44000000e+21 9.42000000e+02
8.44000000e+21 9.43000000e+02
8.44000000e+21 9.44000000e+02
8.44000000e+21 9.45000000e+02
8.44000000e+21 9.46000000e+02
8.44000000e+21 9.47000000e+02
8.44000000e+21 9.48000000e+02
8.44000000e+21 9.49000000e+02
8.44000000e+21 9.50000000e+02
8.44000000e+21 9.51000000e+02
8.44000000e+21 9.52000000e+02
8.44000000e+21 9.53000000e+02
8.44000000e+21 9.54000000e+02
8.44000000e+21 9.55000000e+02
8.44000000e+21 9.56000000e+02
8.44000000e+21 9.57000000e+02
8.44000000e+21 9.58000000e+02
8.44000000e+21 9.59000000e+02
8.44000000e+21 9.60000000e+02
8.44000000e+21 9.61000000e+02
8.44000000e+21 9.62000000e+02
8.44000000e+21 9.63000000e+02
8.44000000e+21 9.64000000e+02
8.44000000e+21 9.65000000e+02
8.44000000e+21 9.66000000e+02
8.44000000e+21 9.67000000e+02
8.44000000e+21 9.68000000e+02
8.44000000e+21 9.69000000e+02
8.44000000e+21 9.70000000e+02
8.44000000e+21 9.71000000e+02
8.44000000e+21 9.72000000e+02
8.44000000e+21 9.73000000e+02
8.44000000e+21 9.74000000e+02
8.44000000e+21 9.75000000e+02
8.44000000e+21 9.76000000e+02
8.44000000e+21 9.77000000e+02
8.44000000e+21 9.78000000e+02
8.44000000e+21 9.79000000e+02
8.44000000e+21 9.80000000e+02
8.44000000e+21 9.81000000e+02
8.44000000e+21 9.82000000e+02
8.44000000e+21 9.83000000e+02
8.44000000e+21 9.84000000e+02
8.44000000e+21 9.85000000e+02
8.44000000e+21 9.86000000e+02
8.44000000e+21 9.87000000e+02
8.44000000e+21 9.88000000e+02
8.44000000e+21 9.89000000e+02
8.44000000e+21 9.90000000e+02
8.44000000e+21 9.91000000e+02
8.44000000e+21 9.92000000e+02
8.44000000e+21 9.93000000e+02
8.44000000e+21 9.94000000e+02
8.44000000e+21 9.95000000e+02
8.44000000e+21 9.96000000e+02
8.44000000e+21 9.97000000e+02
8.44000000e+21 9.98000000e+02
8.44000000e+21 9.99000000e+02
8.44000000e+21 1.00000000e+03
