1.63854418e+23 0.00000000e+00
1.63854418e+23 1.45276410e+01
1.63854418e+23 2.90552820e+01
1.63854418e+23 4.35829220e+01
1.63854418e+23 5.81105630e+01
1.52888090e+23 7.26382040e+01
1.50211179e+23 8.71658450e+01
1.45880000e+23 1.01693486e+02
1.86968548e+23 1.16221127e+02
1.69467395e+23 1.30748767e+02
1.52230213e+23 1.45276408e+02
4.28218672e+21 1.59804049e+02
2.66107613e+21 1.74331690e+02
2.06752229e+21 1.88859331e+02
1.76407807e+21 2.03386972e+02
1.53125987e+21 2.17914612e+02
1.21956623e+21 2.32442253e+02
1.00000000e+21 2.46969894e+02
9.50086178e+20 2.61497535e+02
8.44185834e+20 2.76025176e+02
7.55893133e+20 2.90552817e+02
6.56227763e+20 3.05080457e+02
6.32643864e+20 3.19608098e+02
6.21938297e+20 3.34135739e+02
6.13815004e+20 3.48663380e+02
6.14925779e+20 3.63191021e+02
6.01887883e+20 3.77718662e+02
6.01051659e+20 3.92246302e+02
5.83693289e+20 4.06773943e+02
5.73227214e+20 4.21301584e+02
5.68911221e+20 4.35829225e+02
5.56088098e+20 4.50356866e+02
5.50313795e+20 4.64884507e+02
5.47040777e+20 4.79412147e+02
5.45859157e+20 4.93939788e+02
5.43692572e+20 5.08467429e+02
5.45206845e+20 5.22995070e+02
5.51095037e+20 5.37522711e+02
5.44029563e+20 5.52050352e+02
5.43423356e+20 5.66577992e+02
5.41424744e+20 5.81105633e+02
5.57855218e+20 5.95633274e+02
5.77724519e+20 6.10160915e+02
5.76237079e+20 6.24688556e+02
6.87230143e+20 6.39216196e+02
7.08836871e+20 6.53743837e+02
7.98162740e+20 6.68271478e+02
8.72093581e+20 6.82799119e+02
9.93236066e+20 6.97326760e+02
1.15779135e+21 7.11854401e+02
1.17930883e+21 7.26382041e+02
1.19521854e+21 7.40909682e+02
1.24987531e+21 7.55437323e+02
1.46742968e+21 7.69964964e+02
1.65436906e+21 7.84492605e+02
2.07028435e+21 7.99020246e+02
2.20967601e+21 8.13547886e+02
2.43250365e+21 8.28075527e+02
2.66538777e+21 8.42603168e+02
3.24858175e+21 8.57130809e+02
3.80266003e+21 8.71658450e+02
4.39705603e+21 8.86186091e+02
5.21571317e+21 9.00713731e+02
6.34619628e+21 9.15241372e+02
8.07845295e+21 9.29769013e+02
1.04939502e+22 9.44296654e+02
1.33360127e+22 9.58824295e+02
1.88133875e+22 9.73351936e+02
2.25185281e+22 9.87879576e+02
2.70450632e+22 1.00240722e+03
3.47767505e+22 1.01693486e+03
4.56672647e+22 1.03146250e+03
4.89144303e+22 1.04599014e+03
5.62841355e+22 1.06051778e+03
6.15121632e+22 1.07504542e+03
6.74413104e+22 1.08957306e+03
7.69514841e+22 1.10410070e+03
9.18599067e+22 1.11862834e+03
9.86808769e+22 1.13315599e+03
1.06295285e+23 1.14768363e+03
1.13157671e+23 1.16221127e+03
1.25846169e+23 1.17673891e+03
1.36034793e+23 1.19126655e+03
1.37271064e+23 1.20579419e+03
1.35677865e+23 1.22032183e+03
1.41963926e+23 1.23484947e+03
1.43394007e+23 1.24937711e+03
1.44029018e+23 1.26390475e+03
1.29979242e+23 1.27843239e+03
1.21064831e+23 1.29296003e+03
1.15303104e+23 1.30748768e+03
1.15354091e+23 1.32201532e+03
1.05938300e+23 1.33654296e+03
1.02762817e+23 1.35107060e+03
9.23710754e+22 1.36559824e+03
8.08928245e+22 1.38012588e+03
7.46398916e+22 1.39465352e+03
6.92095459e+22 1.40918116e+03
6.33985025e+22 1.42370880e+03
6.44969236e+22 1.43823644e+03
6.15739479e+22 1.45276408e+03
5.94795946e+22 1.46729172e+03
5.92932151e+22 1.48181937e+03
5.70478130e+22 1.49634701e+03
5.37077551e+22 1.51087465e+03
5.23838000e+22 1.52540229e+03
4.22126872e+22 1.53992993e+03
2.90281929e+22 1.55445757e+03
2.70071651e+22 1.56898521e+03
2.14694046e+22 1.58351285e+03
1.96924613e+22 1.59804049e+03
1.85927659e+22 1.61256813e+03
1.72959731e+22 1.62709577e+03
1.51671506e+22 1.64162341e+03
1.47509163e+22 1.65615106e+03
1.42648431e+22 1.67067870e+03
1.42056137e+22 1.68520634e+03
1.30281575e+22 1.69973398e+03
1.09958549e+22 1.71426162e+03
1.02983821e+22 1.72878926e+03
9.87354250e+21 1.74331690e+03
8.51466959e+21 1.75784454e+03
8.52102030e+21 1.77237218e+03
7.50048419e+21 1.78689982e+03
6.92042235e+21 1.80142746e+03
6.64696665e+21 1.81595510e+03
6.30580592e+21 1.83048274e+03
6.08921768e+21 1.84501039e+03
5.98835309e+21 1.85953803e+03
6.10357239e+21 1.87406567e+03
5.95502378e+21 1.88859331e+03
5.80673090e+21 1.90312095e+03
5.51653274e+21 1.91764859e+03
5.60416354e+21 1.93217623e+03
5.57515954e+21 1.94670387e+03
5.49705776e+21 1.96123151e+03
5.45448058e+21 1.97575915e+03
5.37889665e+21 1.99028679e+03
5.14012996e+21 2.00481443e+03
5.12999332e+21 2.01934208e+03
5.14960953e+21 2.03386972e+03
4.95780910e+21 2.04839736e+03
4.57770076e+21 2.06292500e+03
4.34889878e+21 2.07745264e+03
4.11383814e+21 2.09198028e+03
4.00818077e+21 2.10650792e+03
3.92263140e+21 2.12103556e+03
3.87723925e+21 2.13556320e+03
3.72762229e+21 2.15009084e+03
3.76132015e+21 2.16461848e+03
3.69176544e+21 2.17914612e+03
3.71357672e+21 2.19367377e+03
3.58259240e+21 2.20820141e+03
3.53514311e+21 2.22272905e+03
3.47035737e+21 2.23725669e+03
3.43622585e+21 2.25178433e+03
3.29494902e+21 2.26631197e+03
3.24571065e+21 2.28083961e+03
3.19635421e+21 2.29536725e+03
3.16289227e+21 2.30989489e+03
3.15821942e+21 2.32442253e+03
3.15052115e+21 2.33895017e+03
3.12780810e+21 2.35347781e+03
3.04832874e+21 2.36800545e+03
2.94748905e+21 2.38253310e+03
2.92654159e+21 2.39706074e+03
2.86285268e+21 2.41158838e+03
2.81892681e+21 2.42611602e+03
2.67545346e+21 2.44064366e+03
2.46556354e+21 2.45517130e+03
2.42411043e+21 2.46969894e+03
2.43834470e+21 2.48422658e+03
2.40071884e+21 2.49875422e+03
2.35610152e+21 2.51328186e+03
2.31747789e+21 2.52780950e+03
2.27823752e+21 2.54233714e+03
2.24083975e+21 2.55686479e+03
2.21945018e+21 2.57139243e+03
2.24137230e+21 2.58592007e+03
2.31249232e+21 2.60044771e+03
2.33076560e+21 2.61497535e+03
2.35558945e+21 2.62950299e+03
2.34640243e+21 2.64403063e+03
2.36727003e+21 2.65855827e+03
2.35688070e+21 2.67308591e+03
2.35824053e+21 2.68761355e+03
2.39083112e+21 2.70214119e+03
2.41401742e+21 2.71666883e+03
2.48493538e+21 2.73119648e+03
2.50893725e+21 2.74572412e+03
2.55255201e+21 2.76025176e+03
2.57779810e+21 2.77477940e+03
2.63280564e+21 2.78930704e+03
2.66538163e+21 2.80383468e+03
2.82252892e+21 2.81836232e+03
2.85363748e+21 2.83288996e+03
3.04468943e+21 2.84741760e+03
3.04468943e+21 2.86194524e+03
3.04468943e+21 2.87647288e+03
3.04468943e+21 2.89100052e+03
