1.01207397e+24 0.00000000e+00
1.01207397e+24 1.45276410e+04
1.01207397e+24 2.90552820e+04
1.01207397e+24 4.35829220e+04
1.01207397e+24 5.81105630e+04
1.02749864e+24 7.26382040e+04
7.85279490e+23 8.71658450e+04
4.36439706e+23 1.01693486e+05
1.59019856e+23 1.16221127e+05
7.65030861e+22 1.30748767e+05
4.69706375e+22 1.45276408e+05
1.23500604e+21 1.59804049e+05
1.02752302e+21 1.74331690e+05
1.03093012e+21 1.88859331e+05
1.00994416e+21 2.03386972e+05
1.06956588e+21 2.17914612e+05
9.93657514e+20 2.32442253e+05
1.00000000e+21 2.46969894e+05
9.89751647e+20 2.61497535e+05
1.08281616e+21 2.76025176e+05
1.22650505e+21 2.90552817e+05
1.30192270e+21 3.05080457e+05
1.37926146e+21 3.19608098e+05
1.35417409e+21 3.34135739e+05
1.36440908e+21 3.48663380e+05
1.40748540e+21 3.63191021e+05
1.41499824e+21 3.77718662e+05
1.47923236e+21 3.92246302e+05
1.52275102e+21 4.06773943e+05
1.50650647e+21 4.21301584e+05
1.54838587e+21 4.35829225e+05
1.54493958e+21 4.50356866e+05
1.54005702e+21 4.64884507e+05
1.53193804e+21 4.79412147e+05
1.52935814e+21 4.93939788e+05
1.53416298e+21 5.08467429e+05
1.53619872e+21 5.22995070e+05
1.49167840e+21 5.37522711e+05
1.49170862e+21 5.52050352e+05
1.43883038e+21 5.66577992e+05
1.41610514e+21 5.81105633e+05
1.30529748e+21 5.95633274e+05
1.28702327e+21 6.10160915e+05
1.24916492e+21 6.24688556e+05
1.13349769e+21 6.39216196e+05
1.05384794e+21 6.53743837e+05
9.85708170e+20 6.68271478e+05
9.08456507e+20 6.82799119e+05
8.06624261e+20 6.97326760e+05
7.31683733e+20 7.11854401e+05
6.19431661e+20 7.26382041e+05
6.29023542e+20 7.40909682e+05
5.94840185e+20 7.55437323e+05
6.67637312e+20 7.69964964e+05
6.56625584e+20 7.84492605e+05
7.15298312e+20 7.99020246e+05
7.38906692e+20 8.13547886e+05
7.89812313e+20 8.28075527e+05
9.53001513e+20 8.42603168e+05
1.26146121e+21 8.57130809e+05
1.50916839e+21 8.71658450e+05
1.68746743e+21 8.86186091e+05
1.79550410e+21 9.00713731e+05
2.06740994e+21 9.15241372e+05
2.50279397e+21 9.29769013e+05
3.01759395e+21 9.44296654e+05
3.51446077e+21 9.58824295e+05
4.41061246e+21 9.73351936e+05
4.71419562e+21 9.87879576e+05
5.27904057e+21 1.00240722e+06
5.58110380e+21 1.01693486e+06
7.66403183e+21 1.03146250e+06
9.66848216e+21 1.04599014e+06
1.14197869e+22 1.06051778e+06
1.41853808e+22 1.07504542e+06
1.57351903e+22 1.08957306e+06
2.33411366e+22 1.10410070e+06
2.87484213e+22 1.11862834e+06
4.13210168e+22 1.13315599e+06
5.06171863e+22 1.14768363e+06
6.35632361e+22 1.16221127e+06
9.22535315e+22 1.17673891e+06
1.21568204e+23 1.19126655e+06
1.28107336e+23 1.20579419e+06
1.33988646e+23 1.22032183e+06
1.41953466e+23 1.23484947e+06
1.51720407e+23 1.24937711e+06
1.65700188e+23 1.26390475e+06
1.84290098e+23 1.27843239e+06
1.79904903e+23 1.29296003e+06
1.58229334e+23 1.30748768e+06
1.49166741e+23 1.32201532e+06
1.01789739e+23 1.33654296e+06
8.70714947e+22 1.35107060e+06
6.48679241e+22 1.36559824e+06
5.32904024e+22 1.38012588e+06
4.13706172e+22 1.39465352e+06
2.66350183e+22 1.40918116e+06
2.25189948e+22 1.42370880e+06
1.84758318e+22 1.43823644e+06
1.57413871e+22 1.45276408e+06
1.36556067e+22 1.46729172e+06
1.23057192e+22 1.48181936e+06
9.40005295e+21 1.49634701e+06
8.52787842e+21 1.51087465e+06
8.05250309e+21 1.52540229e+06
7.97438501e+21 1.53992993e+06
7.86095120e+21 1.55445757e+06
7.04355159e+21 1.56898521e+06
6.74721890e+21 1.58351285e+06
6.50805029e+21 1.59804049e+06
6.26907117e+21 1.61256813e+06
5.51805595e+21 1.62709577e+06
4.33278461e+21 1.64162341e+06
4.08095964e+21 1.65615105e+06
3.84353464e+21 1.67067870e+06
3.37005509e+21 1.68520634e+06
2.90552221e+21 1.69973398e+06
2.74876112e+21 1.71426162e+06
2.71722061e+21 1.72878926e+06
3.27329012e+21 1.74331690e+06
3.30575376e+21 1.75784454e+06
2.87594317e+21 1.77237218e+06
2.97937795e+21 1.78689982e+06
3.01357150e+21 1.80142746e+06
2.69334942e+21 1.81595510e+06
2.10974759e+21 1.83048274e+06
1.88105762e+21 1.84501039e+06
1.76931965e+21 1.85953803e+06
1.50239905e+21 1.87406567e+06
1.43034236e+21 1.88859331e+06
1.33484672e+21 1.90312095e+06
1.35740299e+21 1.91764859e+06
1.30343296e+21 1.93217623e+06
9.86591828e+20 1.94670387e+06
7.21470038e+20 1.96123151e+06
7.11732176e+20 1.97575915e+06
6.85665503e+20 1.99028679e+06
6.39594617e+20 2.00481443e+06
6.23997141e+20 2.01934207e+06
6.28290365e+20 2.03386972e+06
6.79664990e+20 2.04839736e+06
8.92956042e+20 2.06292500e+06
9.00075644e+20 2.07745264e+06
8.94686656e+20 2.09198028e+06
8.83931051e+20 2.10650792e+06
8.67931599e+20 2.12103556e+06
8.02565580e+20 2.13556320e+06
8.03784801e+20 2.15009084e+06
8.78388174e+20 2.16461848e+06
9.01701620e+20 2.17914612e+06
9.12413432e+20 2.19367377e+06
9.76916062e+20 2.20820141e+06
1.00835759e+21 2.22272905e+06
1.03102772e+21 2.23725669e+06
1.13869460e+21 2.25178433e+06
1.20059447e+21 2.26631197e+06
1.23695209e+21 2.28083961e+06
1.44964479e+21 2.29536725e+06
2.90763173e+21 2.30989489e+06
3.33492599e+21 2.32442253e+06
3.67708357e+21 2.33895017e+06
5.05538691e+21 2.35347781e+06
5.76944184e+21 2.36800546e+06
6.39043762e+21 2.38253310e+06
6.73124503e+21 2.39706074e+06
7.04890407e+21 2.41158838e+06
7.93529726e+21 2.42611602e+06
8.23423770e+21 2.44064366e+06
9.52923418e+21 2.45517130e+06
1.01156781e+22 2.46969894e+06
1.07374956e+22 2.48422658e+06
1.15332047e+22 2.49875422e+06
1.19706022e+22 2.51328186e+06
1.26693986e+22 2.52780950e+06
1.35510516e+22 2.54233715e+06
1.41250502e+22 2.55686479e+06
1.61783788e+22 2.57139243e+06
1.83052220e+22 2.58592007e+06
1.94887507e+22 2.60044771e+06
2.19447178e+22 2.61497535e+06
2.30987777e+22 2.62950299e+06
2.50881132e+22 2.64403063e+06
2.60368236e+22 2.65855827e+06
2.63540885e+22 2.67308591e+06
2.71960606e+22 2.68761355e+06
2.84997467e+22 2.70214119e+06
2.92945614e+22 2.71666883e+06
3.03808556e+22 2.73119648e+06
2.90322035e+22 2.74572412e+06
2.89945919e+22 2.76025176e+06
2.86235832e+22 2.77477940e+06
2.75571944e+22 2.78930704e+06
2.61000897e+22 2.80383468e+06
2.47150219e+22 2.81836232e+06
2.41209829e+22 2.83288996e+06
2.28072540e+22 2.84741760e+06
2.28072540e+22 2.86194524e+06
2.28072540e+22 2.87647288e+06
2.28072540e+22 2.89100052e+06
