3.00000000e+21 0.00000000e+00
2.92941222e+21 1.00000000e+00
2.86094094e+21 2.00000000e+00
2.79451513e+21 3.00000000e+00
2.73006638e+21 4.00000000e+00
2.66752880e+21 5.00000000e+00
2.60683892e+21 6.00000000e+00
2.54793559e+21 7.00000000e+00
2.49075989e+21 8.00000000e+00
2.43525503e+21 9.00000000e+00
2.38136631e+21 1.00000000e+01
2.32904097e+21 1.10000000e+01
2.27822820e+21 1.20000000e+01
2.22887896e+21 1.30000000e+01
2.18094602e+21 1.40000000e+01
2.13438381e+21 1.50000000e+01
2.08914838e+21 1.60000000e+01
2.04519737e+21 1.70000000e+01
2.00248989e+21 1.80000000e+01
1.96098652e+21 1.90000000e+01
1.92064922e+21 2.00000000e+01
1.88144128e+21 2.10000000e+01
1.84332729e+21 2.20000000e+01
1.80627306e+21 2.30000000e+01
1.77024561e+21 2.40000000e+01
1.73521310e+21 2.50000000e+01
1.70114478e+21 2.60000000e+01
1.66801098e+21 2.70000000e+01
1.63578305e+21 2.80000000e+01
1.60443331e+21 2.90000000e+01
1.57393504e+21 3.00000000e+01
1.54426244e+21 3.10000000e+01
1.51539058e+21 3.20000000e+01
1.48729537e+21 3.30000000e+01
1.45995354e+21 3.40000000e+01
1.43334263e+21 3.50000000e+01
1.40744090e+21 3.60000000e+01
1.38222736e+21 3.70000000e+01
1.35768173e+21 3.80000000e+01
1.33378439e+21 3.90000000e+01
1.31051638e+21 4.00000000e+01
1.28785939e+21 4.10000000e+01
1.26579569e+21 4.20000000e+01
1.24430815e+21 4.30000000e+01
1.22338020e+21 4.40000000e+01
1.20299582e+21 4.50000000e+01
1.18313951e+21 4.60000000e+01
1.16379628e+21 4.70000000e+01
1.14495164e+21 4.80000000e+01
1.12659155e+21 4.90000000e+01
1.10870244e+21 5.00000000e+01
1.09127119e+21 5.10000000e+01
1.07428508e+21 5.20000000e+01
1.05773181e+21 5.30000000e+01
1.04159948e+21 5.40000000e+01
1.02587658e+21 5.50000000e+01
1.01055195e+21 5.60000000e+01
9.95614803e+20 5.70000000e+01
9.81054677e+20 5.80000000e+01
9.66861460e+20 5.90000000e+01
9.53025354e+20 6.00000000e+01
9.39536873e+20 6.10000000e+01
9.26386830e+20 6.20000000e+01
9.13566330e+20 6.30000000e+01
9.01066755e+20 6.40000000e+01
8.88879759e+20 6.50000000e+01
8.76997260e+20 6.60000000e+01
8.65411426e+20 6.70000000e+01
8.54114672e+20 6.80000000e+01
8.43099650e+20 6.90000000e+01
8.32359239e+20 7.00000000e+01
8.21886542e+20 7.10000000e+01
8.11674874e+20 7.20000000e+01
8.01717761e+20 7.30000000e+01
7.92008927e+20 7.40000000e+01
7.82542290e+20 7.50000000e+01
7.73311959e+20 7.60000000e+01
7.64312223e+20 7.70000000e+01
7.55537548e+20 7.80000000e+01
7.46982571e+20 7.90000000e+01
7.38642095e+20 8.00000000e+01
7.30511082e+20 8.10000000e+01
7.22584651e+20 8.20000000e+01
7.14858071e+20 8.30000000e+01
7.07326756e+20 8.40000000e+01
6.99986263e+20 8.50000000e+01
6.92832284e+20 8.60000000e+01
6.85860647e+20 8.70000000e+01
6.79067307e+20 8.80000000e+01
6.72448345e+20 8.90000000e+01
6.65999962e+20 9.00000000e+01
6.59718479e+20 9.10000000e+01
6.53600329e+20 9.20000000e+01
6.47642059e+20 9.30000000e+01
6.41840321e+20 9.40000000e+01
6.36191873e+20 9.50000000e+01
6.30693574e+20 9.60000000e+01
6.25342384e+20 9.70000000e+01
6.20135356e+20 9.80000000e+01
6.15069637e+20 9.90000000e+01
6.10142468e+20 1.00000000e+02
6.05351174e+20 1.01000000e+02
6.00693168e+20 1.02000000e+02
5.96165946e+20 1.03000000e+02
5.91767086e+20 1.04000000e+02
5.87494245e+20 1.05000000e+02
5.83345157e+20 1.06000000e+02
5.79317629e+20 1.07000000e+02
5.75409546e+20 1.08000000e+02
5.71618859e+20 1.09000000e+02
5.67943593e+20 1.10000000e+02
5.64381837e+20 1.11000000e+02
5.60931749e+20 1.12000000e+02
5.57591552e+20 1.13000000e+02
5.54359528e+20 1.14000000e+02
5.51234025e+20 1.15000000e+02
5.48213450e+20 1.16000000e+02
5.45296267e+20 1.17000000e+02
5.42481001e+20 1.18000000e+02
5.39766229e+20 1.19000000e+02
5.37150587e+20 1.20000000e+02
5.34632762e+20 1.21000000e+02
5.32211497e+20 1.22000000e+02
5.29885585e+20 1.23000000e+02
5.27653868e+20 1.24000000e+02
5.25515242e+20 1.25000000e+02
5.23468649e+20 1.26000000e+02
5.21513079e+20 1.27000000e+02
5.19647572e+20 1.28000000e+02
5.17871211e+20 1.29000000e+02
5.16183127e+20 1.30000000e+02
5.14582496e+20 1.31000000e+02
5.13068536e+20 1.32000000e+02
5.11640512e+20 1.33000000e+02
5.10297730e+20 1.34000000e+02
5.09039539e+20 1.35000000e+02
5.07865330e+20 1.36000000e+02
5.06774536e+20 1.37000000e+02
5.05766631e+20 1.38000000e+02
5.04841128e+20 1.39000000e+02
5.03997584e+20 1.40000000e+02
5.03235591e+20 1.41000000e+02
5.02554785e+20 1.42000000e+02
5.01954838e+20 1.43000000e+02
5.01435464e+20 1.44000000e+02
5.00996413e+20 1.45000000e+02
5.00637476e+20 1.46000000e+02
5.00358480e+20 1.47000000e+02
5.00159293e+20 1.48000000e+02
5.00039818e+20 1.49000000e+02
5.00000000e+20 1.50000000e+02
5.02945635e+20 1.51000000e+02
5.05908624e+20 1.52000000e+02
5.08889069e+20 1.53000000e+02
5.11887072e+20 1.54000000e+02
5.14902737e+20 1.55000000e+02
5.17936168e+20 1.56000000e+02
5.20987470e+20 1.57000000e+02
5.24056749e+20 1.58000000e+02
5.27144109e+20 1.59000000e+02
5.30249657e+20 1.60000000e+02
5.33373501e+20 1.61000000e+02
5.36515749e+20 1.62000000e+02
5.39676508e+20 1.63000000e+02
5.42855889e+20 1.64000000e+02
5.46054000e+20 1.65000000e+02
5.49270951e+20 1.66000000e+02
5.52506855e+20 1.67000000e+02
5.55761823e+20 1.68000000e+02
5.59035966e+20 1.69000000e+02
5.62329398e+20 1.70000000e+02
5.65642232e+20 1.71000000e+02
5.68974584e+20 1.72000000e+02
5.72326567e+20 1.73000000e+02
5.75698298e+20 1.74000000e+02
5.79089892e+20 1.75000000e+02
5.82501467e+20 1.76000000e+02
5.85933141e+20 1.77000000e+02
5.89385032e+20 1.78000000e+02
5.92857258e+20 1.79000000e+02
5.96349941e+20 1.80000000e+02
5.99863200e+20 1.81000000e+02
6.03397156e+20 1.82000000e+02
6.06951932e+20 1.83000000e+02
6.10527650e+20 1.84000000e+02
6.14124434e+20 1.85000000e+02
6.17742407e+20 1.86000000e+02
6.21381694e+20 1.87000000e+02
6.25042422e+20 1.88000000e+02
6.28724716e+20 1.89000000e+02
6.32428703e+20 1.90000000e+02
6.36154512e+20 1.91000000e+02
6.39902270e+20 1.92000000e+02
6.43672108e+20 1.93000000e+02
6.47464154e+20 1.94000000e+02
6.51278541e+20 1.95000000e+02
6.55115399e+20 1.96000000e+02
6.58974861e+20 1.97000000e+02
6.62857060e+20 1.98000000e+02
6.66762130e+20 1.99000000e+02
6.70690206e+20 2.00000000e+02
6.74641424e+20 2.01000000e+02
6.78615919e+20 2.02000000e+02
6.82613829e+20 2.03000000e+02
6.86635292e+20 2.04000000e+02
6.90680446e+20 2.05000000e+02
6.94749431e+20 2.06000000e+02
6.98842388e+20 2.07000000e+02
7.02959458e+20 2.08000000e+02
7.07100782e+20 2.09000000e+02
7.11266504e+20 2.10000000e+02
7.15456767e+20 2.11000000e+02
7.19671717e+20 2.12000000e+02
7.23911498e+20 2.13000000e+02
7.28176256e+20 2.14000000e+02
7.32466139e+20 2.15000000e+02
7.36781296e+20 2.16000000e+02
7.41121873e+20 2.17000000e+02
7.45488023e+20 2.18000000e+02
7.49879895e+20 2.19000000e+02
7.54297640e+20 2.20000000e+02
7.58741411e+20 2.21000000e+02
7.63211362e+20 2.22000000e+02
7.67707647e+20 2.23000000e+02
7.72230420e+20 2.24000000e+02
7.76779839e+20 2.25000000e+02
7.81356059e+20 2.26000000e+02
7.85959239e+20 2.27000000e+02
7.90589537e+20 2.28000000e+02
7.95247114e+20 2.29000000e+02
7.99932130e+20 2.30000000e+02
8.04644746e+20 2.31000000e+02
8.09385126e+20 2.32000000e+02
8.14153433e+20 2.33000000e+02
8.18949831e+20 2.34000000e+02
8.23774486e+20 2.35000000e+02
8.28627565e+20 2.36000000e+02
8.33509234e+20 2.37000000e+02
8.38419662e+20 2.38000000e+02
8.43359019e+20 2.39000000e+02
8.48327475e+20 2.40000000e+02
8.53325202e+20 2.41000000e+02
8.58352372e+20 2.42000000e+02
8.63409158e+20 2.43000000e+02
8.68495735e+20 2.44000000e+02
8.73612278e+20 2.45000000e+02
8.78758964e+20 2.46000000e+02
8.83935971e+20 2.47000000e+02
8.89143477e+20 2.48000000e+02
8.94381662e+20 2.49000000e+02
8.99650706e+20 2.50000000e+02
9.04950792e+20 2.51000000e+02
9.10282102e+20 2.52000000e+02
9.15644820e+20 2.53000000e+02
9.21039131e+20 2.54000000e+02
9.26465222e+20 2.55000000e+02
9.31923279e+20 2.56000000e+02
9.37413491e+20 2.57000000e+02
9.42936048e+20 2.58000000e+02
9.48491139e+20 2.59000000e+02
9.54078957e+20 2.60000000e+02
9.59699694e+20 2.61000000e+02
9.65353545e+20 2.62000000e+02
9.71040703e+20 2.63000000e+02
9.76761367e+20 2.64000000e+02
9.82515732e+20 2.65000000e+02
9.88303998e+20 2.66000000e+02
9.94126365e+20 2.67000000e+02
9.99983032e+20 2.68000000e+02
1.00587420e+21 2.69000000e+02
1.01180008e+21 2.70000000e+02
1.01776087e+21 2.71000000e+02
1.02375677e+21 2.72000000e+02
1.02978800e+21 2.73000000e+02
1.03585476e+21 2.74000000e+02
1.04195726e+21 2.75000000e+02
1.04809571e+21 2.76000000e+02
1.05427033e+21 2.77000000e+02
1.06048132e+21 2.78000000e+02
1.06672890e+21 2.79000000e+02
1.07301329e+21 2.80000000e+02
1.07933470e+21 2.81000000e+02
1.08569335e+21 2.82000000e+02
1.09208947e+21 2.83000000e+02
1.09852326e+21 2.84000000e+02
1.10499496e+21 2.85000000e+02
1.11150478e+21 2.86000000e+02
1.11805296e+21 2.87000000e+02
1.12463971e+21 2.88000000e+02
1.13126527e+21 2.89000000e+02
1.13792986e+21 2.90000000e+02
1.14463371e+21 2.91000000e+02
1.15137706e+21 2.92000000e+02
1.15816013e+21 2.93000000e+02
1.16498317e+21 2.94000000e+02
1.17184640e+21 2.95000000e+02
1.17875006e+21 2.96000000e+02
1.18569440e+21 2.97000000e+02
1.19267964e+21 2.98000000e+02
1.19970604e+21 2.99000000e+02
1.20677384e+21 3.00000000e+02
1.21388327e+21 3.01000000e+02
1.22103458e+21 3.02000000e+02
1.22822803e+21 3.03000000e+02
1.23546385e+21 3.04000000e+02
1.24274230e+21 3.05000000e+02
1.25006363e+21 3.06000000e+02
1.25742810e+21 3.07000000e+02
1.26483594e+21 3.08000000e+02
1.27228744e+21 3.09000000e+02
1.27978282e+21 3.10000000e+02
1.28732237e+21 3.11000000e+02
1.29490634e+21 3.12000000e+02
1.30253498e+21 3.13000000e+02
1.31020857e+21 3.14000000e+02
1.31792736e+21 3.15000000e+02
1.32569163e+21 3.16000000e+02
1.33350163e+21 3.17000000e+02
1.34135765e+21 3.18000000e+02
1.34925995e+21 3.19000000e+02
1.35720881e+21 3.20000000e+02
1.36520449e+21 3.21000000e+02
1.37324728e+21 3.22000000e+02
1.38133745e+21 3.23000000e+02
1.38947529e+21 3.24000000e+02
1.39766106e+21 3.25000000e+02
1.40589506e+21 3.26000000e+02
1.41417757e+21 3.27000000e+02
1.42250887e+21 3.28000000e+02
1.43088925e+21 3.29000000e+02
1.43931901e+21 3.30000000e+02
1.44779843e+21 3.31000000e+02
1.45632780e+21 3.32000000e+02
1.46490742e+21 3.33000000e+02
1.47353759e+21 3.34000000e+02
1.48221860e+21 3.35000000e+02
1.49095075e+21 3.36000000e+02
1.49973434e+21 3.37000000e+02
1.50856968e+21 3.38000000e+02
1.51745707e+21 3.39000000e+02
1.52639682e+21 3.40000000e+02
1.53538924e+21 3.41000000e+02
1.54443463e+21 3.42000000e+02
1.55353332e+21 3.43000000e+02
1.56268560e+21 3.44000000e+02
1.57189180e+21 3.45000000e+02
1.58115224e+21 3.46000000e+02
1.59046724e+21 3.47000000e+02
1.59983711e+21 3.48000000e+02
1.60926219e+21 3.49000000e+02
1.61874279e+21 3.50000000e+02
1.62827924e+21 3.51000000e+02
1.63787187e+21 3.52000000e+02
1.64752102e+21 3.53000000e+02
1.65722701e+21 3.54000000e+02
1.66699018e+21 3.55000000e+02
1.67681087e+21 3.56000000e+02
1.68668942e+21 3.57000000e+02
1.69662616e+21 3.58000000e+02
1.70662145e+21 3.59000000e+02
1.71667561e+21 3.60000000e+02
1.72678901e+21 3.61000000e+02
1.73696200e+21 3.62000000e+02
1.74719491e+21 3.63000000e+02
1.75748811e+21 3.64000000e+02
1.76784194e+21 3.65000000e+02
1.77825678e+21 3.66000000e+02
1.78873297e+21 3.67000000e+02
1.79927088e+21 3.68000000e+02
1.80987087e+21 3.69000000e+02
1.82053331e+21 3.70000000e+02
1.83125857e+21 3.71000000e+02
1.84204701e+21 3.72000000e+02
1.85289900e+21 3.73000000e+02
1.86381493e+21 3.74000000e+02
1.87479517e+21 3.75000000e+02
1.88584010e+21 3.76000000e+02
1.89695009e+21 3.77000000e+02
1.90812554e+21 3.78000000e+02
1.91936682e+21 3.79000000e+02
1.93067433e+21 3.80000000e+02
1.94204845e+21 3.81000000e+02
1.95348959e+21 3.82000000e+02
1.96499812e+21 3.83000000e+02
1.97657446e+21 3.84000000e+02
1.98821899e+21 3.85000000e+02
1.99993213e+21 3.86000000e+02
2.01171427e+21 3.87000000e+02
2.02356582e+21 3.88000000e+02
2.03548720e+21 3.89000000e+02
2.04747880e+21 3.90000000e+02
2.05954105e+21 3.91000000e+02
2.07167437e+21 3.92000000e+02
2.08387916e+21 3.93000000e+02
2.09615586e+21 3.94000000e+02
2.10850488e+21 3.95000000e+02
2.12092665e+21 3.96000000e+02
2.13342160e+21 3.97000000e+02
2.14599017e+21 3.98000000e+02
2.15863278e+21 3.99000000e+02
2.17134987e+21 4.00000000e+02
2.18414187e+21 4.01000000e+02
2.19700925e+21 4.02000000e+02
2.20995242e+21 4.03000000e+02
2.22297185e+21 4.04000000e+02
2.23606798e+21 4.05000000e+02
2.24924126e+21 4.06000000e+02
2.26249215e+21 4.07000000e+02
2.27582110e+21 4.08000000e+02
2.28922858e+21 4.09000000e+02
2.30271504e+21 4.10000000e+02
2.31628096e+21 4.11000000e+02
2.32992680e+21 4.12000000e+02
2.34365303e+21 4.13000000e+02
2.35746012e+21 4.14000000e+02
2.37134856e+21 4.15000000e+02
2.38531881e+21 4.16000000e+02
2.39937137e+21 4.17000000e+02
2.41350672e+21 4.18000000e+02
2.42772534e+21 4.19000000e+02
2.44202772e+21 4.20000000e+02
2.45641437e+21 4.21000000e+02
2.47088577e+21 4.22000000e+02
2.48544243e+21 4.23000000e+02
2.50008484e+21 4.24000000e+02
2.51481352e+21 4.25000000e+02
2.52962897e+21 4.26000000e+02
2.54453169e+21 4.27000000e+02
2.55952222e+21 4.28000000e+02
2.57460106e+21 4.29000000e+02
2.58976873e+21 4.30000000e+02
2.60502576e+21 4.31000000e+02
2.62037267e+21 4.32000000e+02
2.63580999e+21 4.33000000e+02
2.65133826e+21 4.34000000e+02
2.66695801e+21 4.35000000e+02
2.68266978e+21 4.36000000e+02
2.69847412e+21 4.37000000e+02
2.71437156e+21 4.38000000e+02
2.73036266e+21 4.39000000e+02
2.74644796e+21 4.40000000e+02
2.76262803e+21 4.41000000e+02
2.77890342e+21 4.42000000e+02
2.79527469e+21 4.43000000e+02
2.81174241e+21 4.44000000e+02
2.82830714e+21 4.45000000e+02
2.84496947e+21 4.46000000e+02
2.86172995e+21 4.47000000e+02
2.87858918e+21 4.48000000e+02
2.89554772e+21 4.49000000e+02
2.91260618e+21 4.50000000e+02
2.92976513e+21 4.51000000e+02
2.94702517e+21 4.52000000e+02
2.96438689e+21 4.53000000e+02
2.98185090e+21 4.54000000e+02
2.99941779e+21 4.55000000e+02
3.01708817e+21 4.56000000e+02
3.03486265e+21 4.57000000e+02
3.05274185e+21 4.58000000e+02
3.07072638e+21 4.59000000e+02
3.08881686e+21 4.60000000e+02
3.10701391e+21 4.61000000e+02
3.12531817e+21 4.62000000e+02
3.14373027e+21 4.63000000e+02
3.16225083e+21 4.64000000e+02
3.18088051e+21 4.65000000e+02
3.19961993e+21 4.66000000e+02
3.21846976e+21 4.67000000e+02
3.23743064e+21 4.68000000e+02
3.25650322e+21 4.69000000e+02
3.27568816e+21 4.70000000e+02
3.29498612e+21 4.71000000e+02
3.31439778e+21 4.72000000e+02
3.33392379e+21 4.73000000e+02
3.35356484e+21 4.74000000e+02
3.37332160e+21 4.75000000e+02
3.39319475e+21 4.76000000e+02
3.41318497e+21 4.77000000e+02
3.43329297e+21 4.78000000e+02
3.45351943e+21 4.79000000e+02
3.47386505e+21 4.80000000e+02
3.49433052e+21 4.81000000e+02
3.51491657e+21 4.82000000e+02
3.53562389e+21 4.83000000e+02
3.55645321e+21 4.84000000e+02
3.57740524e+21 4.85000000e+02
3.59848070e+21 4.86000000e+02
3.61968032e+21 4.87000000e+02
3.64100484e+21 4.88000000e+02
3.66245499e+21 4.89000000e+02
3.68403150e+21 4.90000000e+02
3.70573512e+21 4.91000000e+02
3.72756661e+21 4.92000000e+02
3.74952672e+21 4.93000000e+02
3.77161619e+21 4.94000000e+02
3.79383580e+21 4.95000000e+02
3.81618632e+21 4.96000000e+02
3.83866850e+21 4.97000000e+02
3.86128314e+21 4.98000000e+02
3.88403100e+21 4.99000000e+02
3.90691288e+21 5.00000000e+02
3.92992956e+21 5.01000000e+02
3.95308184e+21 5.02000000e+02
3.97637051e+21 5.03000000e+02
3.99979639e+21 5.04000000e+02
4.02336027e+21 5.05000000e+02
4.04706297e+21 5.06000000e+02
4.07090532e+21 5.07000000e+02
4.09488812e+21 5.08000000e+02
4.11901221e+21 5.09000000e+02
4.14327843e+21 5.10000000e+02
4.16768760e+21 5.11000000e+02
4.19224058e+21 5.12000000e+02
4.21693820e+21 5.13000000e+02
4.24178133e+21 5.14000000e+02
4.26677081e+21 5.15000000e+02
4.29190751e+21 5.16000000e+02
4.31719230e+21 5.17000000e+02
4.34262604e+21 5.18000000e+02
4.36820963e+21 5.19000000e+02
4.39394393e+21 5.20000000e+02
4.41982985e+21 5.21000000e+02
4.44586826e+21 5.22000000e+02
4.47206007e+21 5.23000000e+02
4.49840619e+21 5.24000000e+02
4.52490751e+21 5.25000000e+02
4.55156497e+21 5.26000000e+02
4.57837947e+21 5.27000000e+02
4.60535194e+21 5.28000000e+02
4.63248332e+21 5.29000000e+02
4.65977453e+21 5.30000000e+02
4.68722652e+21 5.31000000e+02
4.71484024e+21 5.32000000e+02
4.74261664e+21 5.33000000e+02
4.77055668e+21 5.34000000e+02
4.79866132e+21 5.35000000e+02
4.82693153e+21 5.36000000e+02
4.85536829e+21 5.37000000e+02
4.88397258e+21 5.38000000e+02
4.91274538e+21 5.39000000e+02
4.94168769e+21 5.40000000e+02
4.97080051e+21 5.41000000e+02
5.00008484e+21 5.42000000e+02
5.02954169e+21 5.43000000e+02
5.05917209e+21 5.44000000e+02
5.08897704e+21 5.45000000e+02
5.11895758e+21 5.46000000e+02
5.14911474e+21 5.47000000e+02
5.17944957e+21 5.48000000e+02
5.20996311e+21 5.49000000e+02
5.24065641e+21 5.50000000e+02
5.27153053e+21 5.51000000e+02
5.30258655e+21 5.52000000e+02
5.33382552e+21 5.53000000e+02
5.36524853e+21 5.54000000e+02
5.39685666e+21 5.55000000e+02
5.42865100e+21 5.56000000e+02
5.46063265e+21 5.57000000e+02
5.49280272e+21 5.58000000e+02
5.52516230e+21 5.59000000e+02
5.55771253e+21 5.60000000e+02
5.59045452e+21 5.61000000e+02
5.62338940e+21 5.62000000e+02
5.65651831e+21 5.63000000e+02
5.68984238e+21 5.64000000e+02
5.72336279e+21 5.65000000e+02
5.75708066e+21 5.66000000e+02
5.79099718e+21 5.67000000e+02
5.82511351e+21 5.68000000e+02
5.85943083e+21 5.69000000e+02
5.89395033e+21 5.70000000e+02
5.92867318e+21 5.71000000e+02
5.96360060e+21 5.72000000e+02
5.99873378e+21 5.73000000e+02
6.03407395e+21 5.74000000e+02
6.06962231e+21 5.75000000e+02
6.10538010e+21 5.76000000e+02
6.14134854e+21 5.77000000e+02
6.17752889e+21 5.78000000e+02
6.21392238e+21 5.79000000e+02
6.25053028e+21 5.80000000e+02
6.28735385e+21 5.81000000e+02
6.32439435e+21 5.82000000e+02
6.36165307e+21 5.83000000e+02
6.39913128e+21 5.84000000e+02
6.43683030e+21 5.85000000e+02
6.47475141e+21 5.86000000e+02
6.51289592e+21 5.87000000e+02
6.55126515e+21 5.88000000e+02
6.58986043e+21 5.89000000e+02
6.62868308e+21 5.90000000e+02
6.66773444e+21 5.91000000e+02
6.70701587e+21 5.92000000e+02
6.74652871e+21 5.93000000e+02
6.78627434e+21 5.94000000e+02
6.82625412e+21 5.95000000e+02
6.86646943e+21 5.96000000e+02
6.90692166e+21 5.97000000e+02
6.94761220e+21 5.98000000e+02
6.98854246e+21 5.99000000e+02
7.02971386e+21 6.00000000e+02
7.07112780e+21 6.01000000e+02
7.11278573e+21 6.02000000e+02
7.15468908e+21 6.03000000e+02
7.19683928e+21 6.04000000e+02
7.23923781e+21 6.05000000e+02
7.28188612e+21 6.06000000e+02
7.32478568e+21 6.07000000e+02
7.36793798e+21 6.08000000e+02
7.41134449e+21 6.09000000e+02
7.45500673e+21 6.10000000e+02
7.49892619e+21 6.11000000e+02
7.54310439e+21 6.12000000e+02
7.58754286e+21 6.13000000e+02
7.63224313e+21 6.14000000e+02
7.67720674e+21 6.15000000e+02
7.72243524e+21 6.16000000e+02
7.76793019e+21 6.17000000e+02
7.81369317e+21 6.18000000e+02
7.85972575e+21 6.19000000e+02
7.90602952e+21 6.20000000e+02
7.95260608e+21 6.21000000e+02
7.99945703e+21 6.22000000e+02
8.04658400e+21 6.23000000e+02
8.09398860e+21 6.24000000e+02
8.14167248e+21 6.25000000e+02
8.18963727e+21 6.26000000e+02
8.23788464e+21 6.27000000e+02
8.28641625e+21 6.28000000e+02
8.33523377e+21 6.29000000e+02
8.38433889e+21 6.30000000e+02
8.43373330e+21 6.31000000e+02
8.48341870e+21 6.32000000e+02
8.53339681e+21 6.33000000e+02
8.58366936e+21 6.34000000e+02
8.63423808e+21 6.35000000e+02
8.68510471e+21 6.36000000e+02
8.73627102e+21 6.37000000e+02
8.78773875e+21 6.38000000e+02
8.83950970e+21 6.39000000e+02
8.89158564e+21 6.40000000e+02
8.94396838e+21 6.41000000e+02
8.99665972e+21 6.42000000e+02
9.04966147e+21 6.43000000e+02
9.10297548e+21 6.44000000e+02
9.15660357e+21 6.45000000e+02
9.21054760e+21 6.46000000e+02
9.26480942e+21 6.47000000e+02
9.31939092e+21 6.48000000e+02
9.37429397e+21 6.49000000e+02
9.47767664e+21 6.50000000e+02
1.00130464e+22 6.51000000e+02
1.06286203e+22 6.52000000e+02
1.13158619e+22 6.53000000e+02
1.20672672e+22 6.54000000e+02
1.28763494e+22 6.55000000e+02
1.37378110e+22 6.56000000e+02
1.46478262e+22 6.57000000e+02
1.56043592e+22 6.58000000e+02
1.66074650e+22 6.59000000e+02
1.76595319e+22 6.60000000e+02
1.87654276e+22 6.61000000e+02
1.99325233e+22 6.62000000e+02
2.11705812e+22 6.63000000e+02
2.24914871e+22 6.64000000e+02
2.39087901e+22 6.65000000e+02
2.54370081e+22 6.66000000e+02
2.70906448e+22 6.67000000e+02
2.88827882e+22 6.68000000e+02
3.08231981e+22 6.69000000e+02
3.29156969e+22 6.70000000e+02
3.51547263e+22 6.71000000e+02
3.75209499e+22 6.72000000e+02
3.99758650e+22 6.73000000e+02
4.24556878e+22 6.74000000e+02
4.48650490e+22 6.75000000e+02
4.70717458e+22 6.76000000e+02
4.89044301e+22 6.77000000e+02
5.01559930e+22 6.78000000e+02
5.05959015e+22 6.79000000e+02
4.99944638e+22 6.80000000e+02
5.00000000e+22 6.81000000e+02
5.00000000e+22 6.82000000e+02
5.00000000e+22 6.83000000e+02
5.00000000e+22 6.84000000e+02
5.00000000e+22 6.85000000e+02
5.00000000e+22 6.86000000e+02
5.00000000e+22 6.87000000e+02
5.00000000e+22 6.88000000e+02
5.00000000e+22 6.89000000e+02
5.00000000e+22 6.90000000e+02
5.00000000e+22 6.91000000e+02
5.00000000e+22 6.92000000e+02
5.00000000e+22 6.93000000e+02
5.00000000e+22 6.94000000e+02
5.00000000e+22 6.95000000e+02
5.00000000e+22 6.96000000e+02
5.00000000e+22 6.97000000e+02
5.00000000e+22 6.98000000e+02
5.00000000e+22 6.99000000e+02
5.00000000e+22 7.00000000e+02
5.00000000e+22 7.01000000e+02
5.00000000e+22 7.02000000e+02
5.00000000e+22 7.03000000e+02
5.00000000e+22 7.04000000e+02
5.00000000e+22 7.05000000e+02
5.00000000e+22 7.06000000e+02
5.00000000e+22 7.07000000e+02
5.00000000e+22 7.08000000e+02
5.00000000e+22 7.09000000e+02
5.00000000e+22 7.10000000e+02
5.00000000e+22 7.11000000e+02
5.00000000e+22 7.12000000e+02
5.00000000e+22 7.13000000e+02
5.00000000e+22 7.14000000e+02
5.00000000e+22 7.15000000e+02
5.00000000e+22 7.16000000e+02
5.00000000e+22 7.17000000e+02
5.00000000e+22 7.18000000e+02
5.00000000e+22 7.19000000e+02
5.00000000e+22 7.20000000e+02
5.00000000e+22 7.21000000e+02
5.00000000e+22 7.22000000e+02
5.00000000e+22 7.23000000e+02
5.00000000e+22 7.24000000e+02
5.00000000e+22 7.25000000e+02
5.00000000e+22 7.26000000e+02
5.00000000e+22 7.27000000e+02
5.00000000e+22 7.28000000e+02
5.00000000e+22 7.29000000e+02
5.00000000e+22 7.30000000e+02
5.00000000e+22 7.31000000e+02
5.00000000e+22 7.32000000e+02
5.00000000e+22 7.33000000e+02
5.00000000e+22 7.34000000e+02
5.00000000e+22 7.35000000e+02
5.00000000e+22 7.36000000e+02
5.00000000e+22 7.37000000e+02
5.00000000e+22 7.38000000e+02
5.00000000e+22 7.39000000e+02
5.00000000e+22 7.40000000e+02
5.00000000e+22 7.41000000e+02
5.00000000e+22 7.42000000e+02
5.00000000e+22 7.43000000e+02
5.00000000e+22 7.44000000e+02
5.00000000e+22 7.45000000e+02
5.00000000e+22 7.46000000e+02
5.00000000e+22 7.47000000e+02
5.00000000e+22 7.48000000e+02
5.00000000e+22 7.49000000e+02
5.00000000e+22 7.50000000e+02
5.00000000e+22 7.51000000e+02
5.00000000e+22 7.52000000e+02
5.00000000e+22 7.53000000e+02
5.00000000e+22 7.54000000e+02
5.00000000e+22 7.55000000e+02
5.00000000e+22 7.56000000e+02
5.00000000e+22 7.57000000e+02
5.00000000e+22 7.58000000e+02
5.00000000e+22 7.59000000e+02
5.00000000e+22 7.60000000e+02
5.00000000e+22 7.61000000e+02
5.00000000e+22 7.62000000e+02
5.00000000e+22 7.63000000e+02
5.00000000e+22 7.64000000e+02
5.00000000e+22 7.65000000e+02
5.00000000e+22 7.66000000e+02
5.00000000e+22 7.67000000e+02
5.00000000e+22 7.68000000e+02
5.00000000e+22 7.69000000e+02
5.00000000e+22 7.70000000e+02
5.00000000e+22 7.71000000e+02
5.00000000e+22 7.72000000e+02
5.00000000e+22 7.73000000e+02
5.00000000e+22 7.74000000e+02
5.00000000e+22 7.75000000e+02
5.00000000e+22 7.76000000e+02
5.00000000e+22 7.77000000e+02
5.00000000e+22 7.78000000e+02
5.00000000e+22 7.79000000e+02
5.00000000e+22 7.80000000e+02
5.00000000e+22 7.81000000e+02
5.00000000e+22 7.82000000e+02
5.00000000e+22 7.83000000e+02
5.00000000e+22 7.84000000e+02
5.00000000e+22 7.85000000e+02
5.00000000e+22 7.86000000e+02
5.00000000e+22 7.87000000e+02
5.00000000e+22 7.88000000e+02
5.00000000e+22 7.89000000e+02
5.00000000e+22 7.90000000e+02
5.00000000e+22 7.91000000e+02
5.00000000e+22 7.92000000e+02
5.00000000e+22 7.93000000e+02
5.00000000e+22 7.94000000e+02
5.00000000e+22 7.95000000e+02
5.00000000e+22 7.96000000e+02
5.00000000e+22 7.97000000e+02
5.00000000e+22 7.98000000e+02
5.00000000e+22 7.99000000e+02
5.00000000e+22 8.00000000e+02
5.00000000e+22 8.01000000e+02
5.00000000e+22 8.02000000e+02
5.00000000e+22 8.03000000e+02
5.00000000e+22 8.04000000e+02
5.00000000e+22 8.05000000e+02
5.00000000e+22 8.06000000e+02
5.00000000e+22 8.07000000e+02
5.00000000e+22 8.08000000e+02
5.00000000e+22 8.09000000e+02
5.00000000e+22 8.10000000e+02
5.00000000e+22 8.11000000e+02
5.00000000e+22 8.12000000e+02
5.00000000e+22 8.13000000e+02
5.00000000e+22 8.14000000e+02
5.00000000e+22 8.15000000e+02
5.00000000e+22 8.16000000e+02
5.00000000e+22 8.17000000e+02
5.00000000e+22 8.18000000e+02
5.00000000e+22 8.19000000e+02
5.00000000e+22 8.20000000e+02
5.00000000e+22 8.21000000e+02
5.00000000e+22 8.22000000e+02
5.00000000e+22 8.23000000e+02
5.00000000e+22 8.24000000e+02
5.00000000e+22 8.25000000e+02
5.00000000e+22 8.26000000e+02
5.00000000e+22 8.27000000e+02
5.00000000e+22 8.28000000e+02
5.00000000e+22 8.29000000e+02
5.00000000e+22 8.30000000e+02
5.00000000e+22 8.31000000e+02
5.00000000e+22 8.32000000e+02
5.00000000e+22 8.33000000e+02
5.00000000e+22 8.34000000e+02
5.00000000e+22 8.35000000e+02
5.00000000e+22 8.36000000e+02
5.00000000e+22 8.37000000e+02
5.00000000e+22 8.38000000e+02
5.00000000e+22 8.39000000e+02
5.00000000e+22 8.40000000e+02
5.00000000e+22 8.41000000e+02
5.00000000e+22 8.42000000e+02
5.00000000e+22 8.43000000e+02
5.00000000e+22 8.44000000e+02
5.00000000e+22 8.45000000e+02
5.00000000e+22 8.46000000e+02
5.00000000e+22 8.47000000e+02
5.00000000e+22 8.48000000e+02
5.00000000e+22 8.49000000e+02
5.00000000e+22 8.50000000e+02
5.00000000e+22 8.51000000e+02
5.00000000e+22 8.52000000e+02
5.00000000e+22 8.53000000e+02
5.00000000e+22 8.54000000e+02
5.00000000e+22 8.55000000e+02
5.00000000e+22 8.56000000e+02
5.00000000e+22 8.57000000e+02
5.00000000e+22 8.58000000e+02
5.00000000e+22 8.59000000e+02
5.00000000e+22 8.60000000e+02
5.00000000e+22 8.61000000e+02
5.00000000e+22 8.62000000e+02
5.00000000e+22 8.63000000e+02
5.00000000e+22 8.64000000e+02
5.00000000e+22 8.65000000e+02
5.00000000e+22 8.66000000e+02
5.00000000e+22 8.67000000e+02
5.00000000e+22 8.68000000e+02
5.00000000e+22 8.69000000e+02
5.00000000e+22 8.70000000e+02
5.00000000e+22 8.71000000e+02
5.00000000e+22 8.72000000e+02
5.00000000e+22 8.73000000e+02
5.00000000e+22 8.74000000e+02
5.00000000e+22 8.75000000e+02
5.00000000e+22 8.76000000e+02
5.00000000e+22 8.77000000e+02
5.00000000e+22 8.78000000e+02
5.00000000e+22 8.79000000e+02
5.00000000e+22 8.80000000e+02
5.00000000e+22 8.81000000e+02
5.00000000e+22 8.82000000e+02
5.00000000e+22 8.83000000e+02
5.00000000e+22 8.84000000e+02
5.00000000e+22 8.85000000e+02
5.00000000e+22 8.86000000e+02
5.00000000e+22 8.87000000e+02
5.00000000e+22 8.88000000e+02
5.00000000e+22 8.89000000e+02
5.00000000e+22 8.90000000e+02
5.00000000e+22 8.91000000e+02
5.00000000e+22 8.92000000e+02
5.00000000e+22 8.93000000e+02
5.00000000e+22 8.94000000e+02
5.00000000e+22 8.95000000e+02
5.00000000e+22 8.96000000e+02
5.00000000e+22 8.97000000e+02
5.00000000e+22 8.98000000e+02
5.00000000e+22 8.99000000e+02
5.00000000e+22 9.00000000e+02
5.00000000e+22 9.01000000e+02
5.00000000e+22 9.02000000e+02
5.00000000e+22 9.03000000e+02
5.00000000e+22 9.04000000e+02
5.00000000e+22 9.05000000e+02
5.00000000e+22 9.06000000e+02
5.00000000e+22 9.07000000e+02
5.00000000e+22 9.08000000e+02
5.00000000e+22 9.09000000e+02
5.00000000e+22 9.10000000e+02
5.00000000e+22 9.11000000e+02
5.00000000e+22 9.12000000e+02
5.00000000e+22 9.13000000e+02
5.00000000e+22 9.14000000e+02
5.00000000e+22 9.15000000e+02
5.00000000e+22 9.16000000e+02
5.00000000e+22 9.17000000e+02
5.00000000e+22 9.18000000e+02
5.00000000e+22 9.19000000e+02
5.00000000e+22 9.20000000e+02
5.00000000e+22 9.21000000e+02
5.00000000e+22 9.22000000e+02
5.00000000e+22 9.23000000e+02
5.00000000e+22 9.24000000e+02
5.00000000e+22 9.25000000e+02
5.00000000e+22 9.26000000e+02
5.00000000e+22 9.27000000e+02
5.00000000e+22 9.28000000e+02
5.00000000e+22 9.29000000e+02
5.00000000e+22 9.30000000e+02
5.00000000e+22 9.31000000e+02
5.00000000e+22 9.32000000e+02
5.00000000e+22 9.33000000e+02
5.00000000e+22 9.34000000e+02
5.00000000e+22 9.35000000e+02
5.00000000e+22 9.36000000e+02
5.00000000e+22 9.37000000e+02
5.00000000e+22 9.38000000e+02
5.00000000e+22 9.39000000e+02
5.00000000e+22 9.40000000e+02
5.00000000e+22 9.41000000e+02
5.00000000e+22 9.42000000e+02
5.00000000e+22 9.43000000e+02
5.00000000e+22 9.44000000e+02
5.00000000e+22 9.45000000e+02
5.00000000e+22 9.46000000e+02
5.00000000e+22 9.47000000e+02
5.00000000e+22 9.48000000e+02
5.00000000e+22 9.49000000e+02
5.00000000e+22 9.50000000e+02
5.00000000e+22 9.51000000e+02
5.00000000e+22 9.52000000e+02
5.00000000e+22 9.53000000e+02
5.00000000e+22 9.54000000e+02
5.00000000e+22 9.55000000e+02
5.00000000e+22 9.56000000e+02
5.00000000e+22 9.57000000e+02
5.00000000e+22 9.58000000e+02
5.00000000e+22 9.59000000e+02
5.00000000e+22 9.60000000e+02
5.00000000e+22 9.61000000e+02
5.00000000e+22 9.62000000e+02
5.00000000e+22 9.63000000e+02
5.00000000e+22 9.64000000e+02
5.00000000e+22 9.65000000e+02
5.00000000e+22 9.66000000e+02
5.00000000e+22 9.67000000e+02
5.00000000e+22 9.68000000e+02
5.00000000e+22 9.69000000e+02
5.00000000e+22 9.70000000e+02
5.00000000e+22 9.71000000e+02
5.00000000e+22 9.72000000e+02
5.00000000e+22 9.73000000e+02
5.00000000e+22 9.74000000e+02
5.00000000e+22 9.75000000e+02
5.00000000e+22 9.76000000e+02
5.00000000e+22 9.77000000e+02
5.00000000e+22 9.78000000e+02
5.00000000e+22 9.79000000e+02
5.00000000e+22 9.80000000e+02
5.00000000e+22 9.81000000e+02
5.00000000e+22 9.82000000e+02
5.00000000e+22 9.83000000e+02
5.00000000e+22 9.84000000e+02
5.00000000e+22 9.85000000e+02
5.00000000e+22 9.86000000e+02
5.00000000e+22 9.87000000e+02
5.00000000e+22 9.88000000e+02
5.00000000e+22 9.89000000e+02
5.00000000e+22 9.90000000e+02
5.00000000e+22 9.91000000e+02
5.00000000e+22 9.92000000e+02
5.00000000e+22 9.93000000e+02
5.00000000e+22 9.94000000e+02
5.00000000e+22 9.95000000e+02
5.00000000e+22 9.96000000e+02
5.00000000e+22 9.97000000e+02
5.00000000e+22 9.98000000e+02
5.00000000e+22 9.99000000e+02
5.00000000e+22 1.00000000e+03
5.00000000e+22 1.00100000e+03
5.00000000e+22 1.00200000e+03
5.00000000e+22 1.00300000e+03
5.00000000e+22 1.00400000e+03
5.00000000e+22 1.00500000e+03
5.00000000e+22 1.00600000e+03
5.00000000e+22 1.00700000e+03
5.00000000e+22 1.00800000e+03
5.00000000e+22 1.00900000e+03
5.00000000e+22 1.01000000e+03
5.00000000e+22 1.01100000e+03
5.00000000e+22 1.01200000e+03
5.00000000e+22 1.01300000e+03
5.00000000e+22 1.01400000e+03
5.00000000e+22 1.01500000e+03
5.00000000e+22 1.01600000e+03
5.00000000e+22 1.01700000e+03
5.00000000e+22 1.01800000e+03
5.00000000e+22 1.01900000e+03
5.00000000e+22 1.02000000e+03
5.00000000e+22 1.02100000e+03
5.00000000e+22 1.02200000e+03
5.00000000e+22 1.02300000e+03
5.00000000e+22 1.02400000e+03
5.00000000e+22 1.02500000e+03
5.00000000e+22 1.02600000e+03
5.00000000e+22 1.02700000e+03
5.00000000e+22 1.02800000e+03
5.00000000e+22 1.02900000e+03
5.00000000e+22 1.03000000e+03
5.00000000e+22 1.03100000e+03
5.00000000e+22 1.03200000e+03
5.00000000e+22 1.03300000e+03
5.00000000e+22 1.03400000e+03
5.00000000e+22 1.03500000e+03
5.00000000e+22 1.03600000e+03
5.00000000e+22 1.03700000e+03
5.00000000e+22 1.03800000e+03
5.00000000e+22 1.03900000e+03
5.00000000e+22 1.04000000e+03
5.00000000e+22 1.04100000e+03
5.00000000e+22 1.04200000e+03
5.00000000e+22 1.04300000e+03
5.00000000e+22 1.04400000e+03
5.00000000e+22 1.04500000e+03
5.00000000e+22 1.04600000e+03
5.00000000e+22 1.04700000e+03
5.00000000e+22 1.04800000e+03
5.00000000e+22 1.04900000e+03
5.00000000e+22 1.05000000e+03
5.00000000e+22 1.05100000e+03
5.00000000e+22 1.05200000e+03
5.00000000e+22 1.05300000e+03
5.00000000e+22 1.05400000e+03
5.00000000e+22 1.05500000e+03
5.00000000e+22 1.05600000e+03
5.00000000e+22 1.05700000e+03
5.00000000e+22 1.05800000e+03
5.00000000e+22 1.05900000e+03
5.00000000e+22 1.06000000e+03
5.00000000e+22 1.06100000e+03
5.00000000e+22 1.06200000e+03
5.00000000e+22 1.06300000e+03
5.00000000e+22 1.06400000e+03
5.00000000e+22 1.06500000e+03
5.00000000e+22 1.06600000e+03
5.00000000e+22 1.06700000e+03
5.00000000e+22 1.06800000e+03
5.00000000e+22 1.06900000e+03
5.00000000e+22 1.07000000e+03
5.00000000e+22 1.07100000e+03
5.00000000e+22 1.07200000e+03
5.00000000e+22 1.07300000e+03
5.00000000e+22 1.07400000e+03
5.00000000e+22 1.07500000e+03
5.00000000e+22 1.07600000e+03
5.00000000e+22 1.07700000e+03
5.00000000e+22 1.07800000e+03
5.00000000e+22 1.07900000e+03
5.00000000e+22 1.08000000e+03
5.00000000e+22 1.08100000e+03
5.00000000e+22 1.08200000e+03
5.00000000e+22 1.08300000e+03
5.00000000e+22 1.08400000e+03
5.00000000e+22 1.08500000e+03
5.00000000e+22 1.08600000e+03
5.00000000e+22 1.08700000e+03
5.00000000e+22 1.08800000e+03
5.00000000e+22 1.08900000e+03
5.00000000e+22 1.09000000e+03
5.00000000e+22 1.09100000e+03
5.00000000e+22 1.09200000e+03
5.00000000e+22 1.09300000e+03
5.00000000e+22 1.09400000e+03
5.00000000e+22 1.09500000e+03
5.00000000e+22 1.09600000e+03
5.00000000e+22 1.09700000e+03
5.00000000e+22 1.09800000e+03
5.00000000e+22 1.09900000e+03
5.00000000e+22 1.10000000e+03
5.00000000e+22 1.10100000e+03
5.00000000e+22 1.10200000e+03
5.00000000e+22 1.10300000e+03
5.00000000e+22 1.10400000e+03
5.00000000e+22 1.10500000e+03
5.00000000e+22 1.10600000e+03
5.00000000e+22 1.10700000e+03
5.00000000e+22 1.10800000e+03
5.00000000e+22 1.10900000e+03
5.00000000e+22 1.11000000e+03
5.00000000e+22 1.11100000e+03
5.00000000e+22 1.11200000e+03
5.00000000e+22 1.11300000e+03
5.00000000e+22 1.11400000e+03
5.00000000e+22 1.11500000e+03
5.00000000e+22 1.11600000e+03
5.00000000e+22 1.11700000e+03
5.00000000e+22 1.11800000e+03
5.00000000e+22 1.11900000e+03
5.00000000e+22 1.12000000e+03
5.00000000e+22 1.12100000e+03
5.00000000e+22 1.12200000e+03
5.00000000e+22 1.12300000e+03
5.00000000e+22 1.12400000e+03
5.00000000e+22 1.12500000e+03
5.00000000e+22 1.12600000e+03
5.00000000e+22 1.12700000e+03
5.00000000e+22 1.12800000e+03
5.00000000e+22 1.12900000e+03
5.00000000e+22 1.13000000e+03
5.00000000e+22 1.13100000e+03
5.00000000e+22 1.13200000e+03
5.00000000e+22 1.13300000e+03
5.00000000e+22 1.13400000e+03
5.00000000e+22 1.13500000e+03
5.00000000e+22 1.13600000e+03
5.00000000e+22 1.13700000e+03
5.00000000e+22 1.13800000e+03
5.00000000e+22 1.13900000e+03
5.00000000e+22 1.14000000e+03
5.00000000e+22 1.14100000e+03
5.00000000e+22 1.14200000e+03
5.00000000e+22 1.14300000e+03
5.00000000e+22 1.14400000e+03
5.00000000e+22 1.14500000e+03
5.00000000e+22 1.14600000e+03
5.00000000e+22 1.14700000e+03
5.00000000e+22 1.14800000e+03
5.00000000e+22 1.14900000e+03
5.00000000e+22 1.15000000e+03
5.00000000e+22 1.15100000e+03
5.00000000e+22 1.15200000e+03
5.00000000e+22 1.15300000e+03
5.00000000e+22 1.15400000e+03
5.00000000e+22 1.15500000e+03
5.00000000e+22 1.15600000e+03
5.00000000e+22 1.15700000e+03
5.00000000e+22 1.15800000e+03
5.00000000e+22 1.15900000e+03
5.00000000e+22 1.16000000e+03
5.00000000e+22 1.16100000e+03
5.00000000e+22 1.16200000e+03
5.00000000e+22 1.16300000e+03
5.00000000e+22 1.16400000e+03
5.00000000e+22 1.16500000e+03
5.00000000e+22 1.16600000e+03
5.00000000e+22 1.16700000e+03
5.00000000e+22 1.16800000e+03
5.00000000e+22 1.16900000e+03
5.00000000e+22 1.17000000e+03
5.00000000e+22 1.17100000e+03
5.00000000e+22 1.17200000e+03
5.00000000e+22 1.17300000e+03
5.00000000e+22 1.17400000e+03
5.00000000e+22 1.17500000e+03
5.00000000e+22 1.17600000e+03
5.00000000e+22 1.17700000e+03
5.00000000e+22 1.17800000e+03
5.00000000e+22 1.17900000e+03
5.00000000e+22 1.18000000e+03
5.00000000e+22 1.18100000e+03
5.00000000e+22 1.18200000e+03
5.00000000e+22 1.18300000e+03
5.00000000e+22 1.18400000e+03
5.00000000e+22 1.18500000e+03
5.00000000e+22 1.18600000e+03
5.00000000e+22 1.18700000e+03
5.00000000e+22 1.18800000e+03
5.00000000e+22 1.18900000e+03
5.00000000e+22 1.19000000e+03
5.00000000e+22 1.19100000e+03
5.00000000e+22 1.19200000e+03
5.00000000e+22 1.19300000e+03
5.00000000e+22 1.19400000e+03
5.00000000e+22 1.19500000e+03
5.00000000e+22 1.19600000e+03
5.00000000e+22 1.19700000e+03
5.00000000e+22 1.19800000e+03
5.00000000e+22 1.19900000e+03
5.00000000e+22 1.20000000e+03
5.00000000e+22 1.20100000e+03
5.00000000e+22 1.20200000e+03
5.00000000e+22 1.20300000e+03
5.00000000e+22 1.20400000e+03
5.00000000e+22 1.20500000e+03
5.00000000e+22 1.20600000e+03
5.00000000e+22 1.20700000e+03
5.00000000e+22 1.20800000e+03
5.00000000e+22 1.20900000e+03
5.00000000e+22 1.21000000e+03
5.00000000e+22 1.21100000e+03
5.00000000e+22 1.21200000e+03
5.00000000e+22 1.21300000e+03
5.00000000e+22 1.21400000e+03
5.00000000e+22 1.21500000e+03
5.00000000e+22 1.21600000e+03
5.00000000e+22 1.21700000e+03
5.00000000e+22 1.21800000e+03
5.00000000e+22 1.21900000e+03
5.00000000e+22 1.22000000e+03
5.00000000e+22 1.22100000e+03
5.00000000e+22 1.22200000e+03
5.00000000e+22 1.22300000e+03
5.00000000e+22 1.22400000e+03
5.00000000e+22 1.22500000e+03
5.00000000e+22 1.22600000e+03
5.00000000e+22 1.22700000e+03
5.00000000e+22 1.22800000e+03
5.00000000e+22 1.22900000e+03
5.00000000e+22 1.23000000e+03
5.00000000e+22 1.23100000e+03
5.00000000e+22 1.23200000e+03
5.00000000e+22 1.23300000e+03
5.00000000e+22 1.23400000e+03
5.00000000e+22 1.23500000e+03
5.00000000e+22 1.23600000e+03
5.00000000e+22 1.23700000e+03
5.00000000e+22 1.23800000e+03
5.00000000e+22 1.23900000e+03
5.00000000e+22 1.24000000e+03
5.00000000e+22 1.24100000e+03
5.00000000e+22 1.24200000e+03
5.00000000e+22 1.24300000e+03
5.00000000e+22 1.24400000e+03
5.00000000e+22 1.24500000e+03
5.00000000e+22 1.24600000e+03
5.00000000e+22 1.24700000e+03
5.00000000e+22 1.24800000e+03
5.00000000e+22 1.24900000e+03
5.00000000e+22 1.25000000e+03
5.00000000e+22 1.25100000e+03
5.00000000e+22 1.25200000e+03
5.00000000e+22 1.25300000e+03
5.00000000e+22 1.25400000e+03
5.00000000e+22 1.25500000e+03
5.00000000e+22 1.25600000e+03
5.00000000e+22 1.25700000e+03
5.00000000e+22 1.25800000e+03
5.00000000e+22 1.25900000e+03
5.00000000e+22 1.26000000e+03
5.00000000e+22 1.26100000e+03
5.00000000e+22 1.26200000e+03
5.00000000e+22 1.26300000e+03
5.00000000e+22 1.26400000e+03
5.00000000e+22 1.26500000e+03
5.00000000e+22 1.26600000e+03
5.00000000e+22 1.26700000e+03
5.00000000e+22 1.26800000e+03
5.00000000e+22 1.26900000e+03
5.00000000e+22 1.27000000e+03
5.00000000e+22 1.27100000e+03
5.00000000e+22 1.27200000e+03
5.00000000e+22 1.27300000e+03
5.00000000e+22 1.27400000e+03
5.00000000e+22 1.27500000e+03
5.00000000e+22 1.27600000e+03
5.00000000e+22 1.27700000e+03
5.00000000e+22 1.27800000e+03
5.00000000e+22 1.27900000e+03
5.00000000e+22 1.28000000e+03
5.00000000e+22 1.28100000e+03
5.00000000e+22 1.28200000e+03
5.00000000e+22 1.28300000e+03
5.00000000e+22 1.28400000e+03
5.00000000e+22 1.28500000e+03
5.00000000e+22 1.28600000e+03
5.00000000e+22 1.28700000e+03
5.00000000e+22 1.28800000e+03
5.00000000e+22 1.28900000e+03
5.00000000e+22 1.29000000e+03
5.00000000e+22 1.29100000e+03
5.00000000e+22 1.29200000e+03
5.00000000e+22 1.29300000e+03
5.00000000e+22 1.29400000e+03
5.00000000e+22 1.29500000e+03
5.00000000e+22 1.29600000e+03
5.00000000e+22 1.29700000e+03
5.00000000e+22 1.29800000e+03
5.00000000e+22 1.29900000e+03
5.00000000e+22 1.30000000e+03
5.00000000e+22 1.30100000e+03
5.00000000e+22 1.30200000e+03
5.00000000e+22 1.30300000e+03
5.00000000e+22 1.30400000e+03
5.00000000e+22 1.30500000e+03
5.00000000e+22 1.30600000e+03
5.00000000e+22 1.30700000e+03
5.00000000e+22 1.30800000e+03
5.00000000e+22 1.30900000e+03
5.00000000e+22 1.31000000e+03
5.00000000e+22 1.31100000e+03
5.00000000e+22 1.31200000e+03
5.00000000e+22 1.31300000e+03
5.00000000e+22 1.31400000e+03
5.00000000e+22 1.31500000e+03
5.00000000e+22 1.31600000e+03
5.00000000e+22 1.31700000e+03
5.00000000e+22 1.31800000e+03
5.00000000e+22 1.31900000e+03
5.00000000e+22 1.32000000e+03
5.00000000e+22 1.32100000e+03
5.00000000e+22 1.32200000e+03
5.00000000e+22 1.32300000e+03
5.00000000e+22 1.32400000e+03
5.00000000e+22 1.32500000e+03
5.00000000e+22 1.32600000e+03
5.00000000e+22 1.32700000e+03
5.00000000e+22 1.32800000e+03
5.00000000e+22 1.32900000e+03
5.00000000e+22 1.33000000e+03
5.00000000e+22 1.33100000e+03
5.00000000e+22 1.33200000e+03
5.00000000e+22 1.33300000e+03
5.00000000e+22 1.33400000e+03
5.00000000e+22 1.33500000e+03
5.00000000e+22 1.33600000e+03
5.00000000e+22 1.33700000e+03
5.00000000e+22 1.33800000e+03
5.00000000e+22 1.33900000e+03
5.00000000e+22 1.34000000e+03
5.00000000e+22 1.34100000e+03
5.00000000e+22 1.34200000e+03
5.00000000e+22 1.34300000e+03
5.00000000e+22 1.34400000e+03
5.00000000e+22 1.34500000e+03
5.00000000e+22 1.34600000e+03
5.00000000e+22 1.34700000e+03
5.00000000e+22 1.34800000e+03
5.00000000e+22 1.34900000e+03
5.00000000e+22 1.35000000e+03
5.00000000e+22 1.35100000e+03
5.00000000e+22 1.35200000e+03
5.00000000e+22 1.35300000e+03
5.00000000e+22 1.35400000e+03
5.00000000e+22 1.35500000e+03
5.00000000e+22 1.35600000e+03
5.00000000e+22 1.35700000e+03
5.00000000e+22 1.35800000e+03
5.00000000e+22 1.35900000e+03
5.00000000e+22 1.36000000e+03
5.00000000e+22 1.36100000e+03
5.00000000e+22 1.36200000e+03
5.00000000e+22 1.36300000e+03
5.00000000e+22 1.36400000e+03
5.00000000e+22 1.36500000e+03
5.00000000e+22 1.36600000e+03
5.00000000e+22 1.36700000e+03
5.00000000e+22 1.36800000e+03
5.00000000e+22 1.36900000e+03
5.00000000e+22 1.37000000e+03
5.00000000e+22 1.37100000e+03
5.00000000e+22 1.37200000e+03
5.00000000e+22 1.37300000e+03
5.00000000e+22 1.37400000e+03
5.00000000e+22 1.37500000e+03
5.00000000e+22 1.37600000e+03
5.00000000e+22 1.37700000e+03
5.00000000e+22 1.37800000e+03
5.00000000e+22 1.37900000e+03
5.00000000e+22 1.38000000e+03
5.00000000e+22 1.38100000e+03
5.00000000e+22 1.38200000e+03
5.00000000e+22 1.38300000e+03
5.00000000e+22 1.38400000e+03
5.00000000e+22 1.38500000e+03
5.00000000e+22 1.38600000e+03
5.00000000e+22 1.38700000e+03
5.00000000e+22 1.38800000e+03
5.00000000e+22 1.38900000e+03
5.00000000e+22 1.39000000e+03
5.00000000e+22 1.39100000e+03
5.00000000e+22 1.39200000e+03
5.00000000e+22 1.39300000e+03
5.00000000e+22 1.39400000e+03
5.00000000e+22 1.39500000e+03
5.00000000e+22 1.39600000e+03
5.00000000e+22 1.39700000e+03
5.00000000e+22 1.39800000e+03
5.00000000e+22 1.39900000e+03
5.00000000e+22 1.40000000e+03
5.00000000e+22 1.40100000e+03
5.00000000e+22 1.40200000e+03
5.00000000e+22 1.40300000e+03
5.00000000e+22 1.40400000e+03
5.00000000e+22 1.40500000e+03
5.00000000e+22 1.40600000e+03
5.00000000e+22 1.40700000e+03
5.00000000e+22 1.40800000e+03
5.00000000e+22 1.40900000e+03
5.00000000e+22 1.41000000e+03
5.00000000e+22 1.41100000e+03
5.00000000e+22 1.41200000e+03
5.00000000e+22 1.41300000e+03
5.00000000e+22 1.41400000e+03
5.00000000e+22 1.41500000e+03
5.00000000e+22 1.41600000e+03
5.00000000e+22 1.41700000e+03
5.00000000e+22 1.41800000e+03
5.00000000e+22 1.41900000e+03
5.00000000e+22 1.42000000e+03
5.00000000e+22 1.42100000e+03
5.00000000e+22 1.42200000e+03
5.00000000e+22 1.42300000e+03
5.00000000e+22 1.42400000e+03
5.00000000e+22 1.42500000e+03
5.00000000e+22 1.42600000e+03
5.00000000e+22 1.42700000e+03
5.00000000e+22 1.42800000e+03
5.00000000e+22 1.42900000e+03
5.00000000e+22 1.43000000e+03
5.00000000e+22 1.43100000e+03
5.00000000e+22 1.43200000e+03
5.00000000e+22 1.43300000e+03
5.00000000e+22 1.43400000e+03
5.00000000e+22 1.43500000e+03
5.00000000e+22 1.43600000e+03
5.00000000e+22 1.43700000e+03
5.00000000e+22 1.43800000e+03
5.00000000e+22 1.43900000e+03
5.00000000e+22 1.44000000e+03
5.00000000e+22 1.44100000e+03
5.00000000e+22 1.44200000e+03
5.00000000e+22 1.44300000e+03
5.00000000e+22 1.44400000e+03
5.00000000e+22 1.44500000e+03
5.00000000e+22 1.44600000e+03
5.00000000e+22 1.44700000e+03
5.00000000e+22 1.44800000e+03
5.00000000e+22 1.44900000e+03
5.00000000e+22 1.45000000e+03
5.00000000e+22 1.45100000e+03
5.00000000e+22 1.45200000e+03
5.00000000e+22 1.45300000e+03
5.00000000e+22 1.45400000e+03
5.00000000e+22 1.45500000e+03
5.00000000e+22 1.45600000e+03
5.00000000e+22 1.45700000e+03
5.00000000e+22 1.45800000e+03
5.00000000e+22 1.45900000e+03
5.00000000e+22 1.46000000e+03
5.00000000e+22 1.46100000e+03
5.00000000e+22 1.46200000e+03
5.00000000e+22 1.46300000e+03
5.00000000e+22 1.46400000e+03
5.00000000e+22 1.46500000e+03
5.00000000e+22 1.46600000e+03
5.00000000e+22 1.46700000e+03
5.00000000e+22 1.46800000e+03
5.00000000e+22 1.46900000e+03
5.00000000e+22 1.47000000e+03
5.00000000e+22 1.47100000e+03
5.00000000e+22 1.47200000e+03
5.00000000e+22 1.47300000e+03
5.00000000e+22 1.47400000e+03
5.00000000e+22 1.47500000e+03
5.00000000e+22 1.47600000e+03
5.00000000e+22 1.47700000e+03
5.00000000e+22 1.47800000e+03
5.00000000e+22 1.47900000e+03
5.00000000e+22 1.48000000e+03
5.00000000e+22 1.48100000e+03
5.00000000e+22 1.48200000e+03
5.00000000e+22 1.48300000e+03
5.00000000e+22 1.48400000e+03
5.00000000e+22 1.48500000e+03
5.00000000e+22 1.48600000e+03
5.00000000e+22 1.48700000e+03
5.00000000e+22 1.48800000e+03
5.00000000e+22 1.48900000e+03
5.00000000e+22 1.49000000e+03
5.00000000e+22 1.49100000e+03
5.00000000e+22 1.49200000e+03
5.00000000e+22 1.49300000e+03
5.00000000e+22 1.49400000e+03
5.00000000e+22 1.49500000e+03
5.00000000e+22 1.49600000e+03
5.00000000e+22 1.49700000e+03
5.00000000e+22 1.49800000e+03
5.00000000e+22 1.49900000e+03
5.00000000e+22 1.50000000e+03
5.00000000e+22 1.50100000e+03
5.00000000e+22 1.50200000e+03
5.00000000e+22 1.50300000e+03
5.00000000e+22 1.50400000e+03
5.00000000e+22 1.50500000e+03
5.00000000e+22 1.50600000e+03
5.00000000e+22 1.50700000e+03
5.00000000e+22 1.50800000e+03
5.00000000e+22 1.50900000e+03
5.00000000e+22 1.51000000e+03
5.00000000e+22 1.51100000e+03
5.00000000e+22 1.51200000e+03
5.00000000e+22 1.51300000e+03
5.00000000e+22 1.51400000e+03
5.00000000e+22 1.51500000e+03
5.00000000e+22 1.51600000e+03
5.00000000e+22 1.51700000e+03
5.00000000e+22 1.51800000e+03
5.00000000e+22 1.51900000e+03
5.00000000e+22 1.52000000e+03
5.00000000e+22 1.52100000e+03
5.00000000e+22 1.52200000e+03
5.00000000e+22 1.52300000e+03
5.00000000e+22 1.52400000e+03
5.00000000e+22 1.52500000e+03
5.00000000e+22 1.52600000e+03
5.00000000e+22 1.52700000e+03
5.00000000e+22 1.52800000e+03
5.00000000e+22 1.52900000e+03
5.00000000e+22 1.53000000e+03
5.00000000e+22 1.53100000e+03
5.00000000e+22 1.53200000e+03
5.00000000e+22 1.53300000e+03
5.00000000e+22 1.53400000e+03
5.00000000e+22 1.53500000e+03
5.00000000e+22 1.53600000e+03
5.00000000e+22 1.53700000e+03
5.00000000e+22 1.53800000e+03
5.00000000e+22 1.53900000e+03
5.00000000e+22 1.54000000e+03
5.00000000e+22 1.54100000e+03
5.00000000e+22 1.54200000e+03
5.00000000e+22 1.54300000e+03
5.00000000e+22 1.54400000e+03
5.00000000e+22 1.54500000e+03
5.00000000e+22 1.54600000e+03
5.00000000e+22 1.54700000e+03
5.00000000e+22 1.54800000e+03
5.00000000e+22 1.54900000e+03
5.00000000e+22 1.55000000e+03
5.00000000e+22 1.55100000e+03
5.00000000e+22 1.55200000e+03
5.00000000e+22 1.55300000e+03
5.00000000e+22 1.55400000e+03
5.00000000e+22 1.55500000e+03
5.00000000e+22 1.55600000e+03
5.00000000e+22 1.55700000e+03
5.00000000e+22 1.55800000e+03
5.00000000e+22 1.55900000e+03
5.00000000e+22 1.56000000e+03
5.00000000e+22 1.56100000e+03
5.00000000e+22 1.56200000e+03
5.00000000e+22 1.56300000e+03
5.00000000e+22 1.56400000e+03
5.00000000e+22 1.56500000e+03
5.00000000e+22 1.56600000e+03
5.00000000e+22 1.56700000e+03
5.00000000e+22 1.56800000e+03
5.00000000e+22 1.56900000e+03
5.00000000e+22 1.57000000e+03
5.00000000e+22 1.57100000e+03
5.00000000e+22 1.57200000e+03
5.00000000e+22 1.57300000e+03
5.00000000e+22 1.57400000e+03
5.00000000e+22 1.57500000e+03
5.00000000e+22 1.57600000e+03
5.00000000e+22 1.57700000e+03
5.00000000e+22 1.57800000e+03
5.00000000e+22 1.57900000e+03
5.00000000e+22 1.58000000e+03
5.00000000e+22 1.58100000e+03
5.00000000e+22 1.58200000e+03
5.00000000e+22 1.58300000e+03
5.00000000e+22 1.58400000e+03
5.00000000e+22 1.58500000e+03
5.00000000e+22 1.58600000e+03
5.00000000e+22 1.58700000e+03
5.00000000e+22 1.58800000e+03
5.00000000e+22 1.58900000e+03
5.00000000e+22 1.59000000e+03
5.00000000e+22 1.59100000e+03
5.00000000e+22 1.59200000e+03
5.00000000e+22 1.59300000e+03
5.00000000e+22 1.59400000e+03
5.00000000e+22 1.59500000e+03
5.00000000e+22 1.59600000e+03
5.00000000e+22 1.59700000e+03
5.00000000e+22 1.59800000e+03
5.00000000e+22 1.59900000e+03
5.00000000e+22 1.60000000e+03
5.00000000e+22 1.60100000e+03
5.00000000e+22 1.60200000e+03
5.00000000e+22 1.60300000e+03
5.00000000e+22 1.60400000e+03
5.00000000e+22 1.60500000e+03
5.00000000e+22 1.60600000e+03
5.00000000e+22 1.60700000e+03
5.00000000e+22 1.60800000e+03
5.00000000e+22 1.60900000e+03
5.00000000e+22 1.61000000e+03
5.00000000e+22 1.61100000e+03
5.00000000e+22 1.61200000e+03
5.00000000e+22 1.61300000e+03
5.00000000e+22 1.61400000e+03
5.00000000e+22 1.61500000e+03
5.00000000e+22 1.61600000e+03
5.00000000e+22 1.61700000e+03
5.00000000e+22 1.61800000e+03
5.00000000e+22 1.61900000e+03
5.00000000e+22 1.62000000e+03
5.00000000e+22 1.62100000e+03
5.00000000e+22 1.62200000e+03
5.00000000e+22 1.62300000e+03
5.00000000e+22 1.62400000e+03
5.00000000e+22 1.62500000e+03
5.00000000e+22 1.62600000e+03
5.00000000e+22 1.62700000e+03
5.00000000e+22 1.62800000e+03
5.00000000e+22 1.62900000e+03
5.00000000e+22 1.63000000e+03
5.00000000e+22 1.63100000e+03
5.00000000e+22 1.63200000e+03
5.00000000e+22 1.63300000e+03
5.00000000e+22 1.63400000e+03
5.00000000e+22 1.63500000e+03
5.00000000e+22 1.63600000e+03
5.00000000e+22 1.63700000e+03
5.00000000e+22 1.63800000e+03
5.00000000e+22 1.63900000e+03
5.00000000e+22 1.64000000e+03
5.00000000e+22 1.64100000e+03
5.00000000e+22 1.64200000e+03
5.00000000e+22 1.64300000e+03
5.00000000e+22 1.64400000e+03
5.00000000e+22 1.64500000e+03
5.00000000e+22 1.64600000e+03
5.00000000e+22 1.64700000e+03
5.00000000e+22 1.64800000e+03
5.00000000e+22 1.64900000e+03
5.00000000e+22 1.65000000e+03
5.00000000e+22 1.65100000e+03
5.00000000e+22 1.65200000e+03
5.00000000e+22 1.65300000e+03
5.00000000e+22 1.65400000e+03
5.00000000e+22 1.65500000e+03
5.00000000e+22 1.65600000e+03
5.00000000e+22 1.65700000e+03
5.00000000e+22 1.65800000e+03
5.00000000e+22 1.65900000e+03
5.00000000e+22 1.66000000e+03
5.00000000e+22 1.66100000e+03
5.00000000e+22 1.66200000e+03
5.00000000e+22 1.66300000e+03
5.00000000e+22 1.66400000e+03
5.00000000e+22 1.66500000e+03
5.00000000e+22 1.66600000e+03
5.00000000e+22 1.66700000e+03
5.00000000e+22 1.66800000e+03
5.00000000e+22 1.66900000e+03
5.00000000e+22 1.67000000e+03
5.00000000e+22 1.67100000e+03
5.00000000e+22 1.67200000e+03
5.00000000e+22 1.67300000e+03
5.00000000e+22 1.67400000e+03
5.00000000e+22 1.67500000e+03
5.00000000e+22 1.67600000e+03
5.00000000e+22 1.67700000e+03
5.00000000e+22 1.67800000e+03
5.00000000e+22 1.67900000e+03
5.00000000e+22 1.68000000e+03
5.00000000e+22 1.68100000e+03
5.00000000e+22 1.68200000e+03
5.00000000e+22 1.68300000e+03
5.00000000e+22 1.68400000e+03
5.00000000e+22 1.68500000e+03
5.00000000e+22 1.68600000e+03
5.00000000e+22 1.68700000e+03
5.00000000e+22 1.68800000e+03
5.00000000e+22 1.68900000e+03
5.00000000e+22 1.69000000e+03
5.00000000e+22 1.69100000e+03
5.00000000e+22 1.69200000e+03
5.00000000e+22 1.69300000e+03
5.00000000e+22 1.69400000e+03
5.00000000e+22 1.69500000e+03
5.00000000e+22 1.69600000e+03
5.00000000e+22 1.69700000e+03
5.00000000e+22 1.69800000e+03
5.00000000e+22 1.69900000e+03
5.00000000e+22 1.70000000e+03
5.00000000e+22 1.70100000e+03
5.00000000e+22 1.70200000e+03
5.00000000e+22 1.70300000e+03
5.00000000e+22 1.70400000e+03
5.00000000e+22 1.70500000e+03
5.00000000e+22 1.70600000e+03
5.00000000e+22 1.70700000e+03
5.00000000e+22 1.70800000e+03
5.00000000e+22 1.70900000e+03
5.00000000e+22 1.71000000e+03
5.00000000e+22 1.71100000e+03
5.00000000e+22 1.71200000e+03
5.00000000e+22 1.71300000e+03
5.00000000e+22 1.71400000e+03
5.00000000e+22 1.71500000e+03
5.00000000e+22 1.71600000e+03
5.00000000e+22 1.71700000e+03
5.00000000e+22 1.71800000e+03
5.00000000e+22 1.71900000e+03
5.00000000e+22 1.72000000e+03
5.00000000e+22 1.72100000e+03
5.00000000e+22 1.72200000e+03
5.00000000e+22 1.72300000e+03
5.00000000e+22 1.72400000e+03
5.00000000e+22 1.72500000e+03
5.00000000e+22 1.72600000e+03
5.00000000e+22 1.72700000e+03
5.00000000e+22 1.72800000e+03
5.00000000e+22 1.72900000e+03
5.00000000e+22 1.73000000e+03
5.00000000e+22 1.73100000e+03
5.00000000e+22 1.73200000e+03
5.00000000e+22 1.73300000e+03
5.00000000e+22 1.73400000e+03
5.00000000e+22 1.73500000e+03
5.00000000e+22 1.73600000e+03
5.00000000e+22 1.73700000e+03
5.00000000e+22 1.73800000e+03
5.00000000e+22 1.73900000e+03
5.00000000e+22 1.74000000e+03
5.00000000e+22 1.74100000e+03
5.00000000e+22 1.74200000e+03
5.00000000e+22 1.74300000e+03
5.00000000e+22 1.74400000e+03
5.00000000e+22 1.74500000e+03
5.00000000e+22 1.74600000e+03
5.00000000e+22 1.74700000e+03
5.00000000e+22 1.74800000e+03
5.00000000e+22 1.74900000e+03
5.00000000e+22 1.75000000e+03
5.00000000e+22 1.75100000e+03
5.00000000e+22 1.75200000e+03
5.00000000e+22 1.75300000e+03
5.00000000e+22 1.75400000e+03
5.00000000e+22 1.75500000e+03
5.00000000e+22 1.75600000e+03
5.00000000e+22 1.75700000e+03
5.00000000e+22 1.75800000e+03
5.00000000e+22 1.75900000e+03
5.00000000e+22 1.76000000e+03
5.00000000e+22 1.76100000e+03
5.00000000e+22 1.76200000e+03
5.00000000e+22 1.76300000e+03
5.00000000e+22 1.76400000e+03
5.00000000e+22 1.76500000e+03
5.00000000e+22 1.76600000e+03
5.00000000e+22 1.76700000e+03
5.00000000e+22 1.76800000e+03
5.00000000e+22 1.76900000e+03
5.00000000e+22 1.77000000e+03
5.00000000e+22 1.77100000e+03
5.00000000e+22 1.77200000e+03
5.00000000e+22 1.77300000e+03
5.00000000e+22 1.77400000e+03
5.00000000e+22 1.77500000e+03
5.00000000e+22 1.77600000e+03
5.00000000e+22 1.77700000e+03
5.00000000e+22 1.77800000e+03
5.00000000e+22 1.77900000e+03
5.00000000e+22 1.78000000e+03
5.00000000e+22 1.78100000e+03
5.00000000e+22 1.78200000e+03
5.00000000e+22 1.78300000e+03
5.00000000e+22 1.78400000e+03
5.00000000e+22 1.78500000e+03
5.00000000e+22 1.78600000e+03
5.00000000e+22 1.78700000e+03
5.00000000e+22 1.78800000e+03
5.00000000e+22 1.78900000e+03
5.00000000e+22 1.79000000e+03
5.00000000e+22 1.79100000e+03
5.00000000e+22 1.79200000e+03
5.00000000e+22 1.79300000e+03
5.00000000e+22 1.79400000e+03
5.00000000e+22 1.79500000e+03
5.00000000e+22 1.79600000e+03
5.00000000e+22 1.79700000e+03
5.00000000e+22 1.79800000e+03
5.00000000e+22 1.79900000e+03
5.00000000e+22 1.80000000e+03
5.00000000e+22 1.80100000e+03
5.00000000e+22 1.80200000e+03
5.00000000e+22 1.80300000e+03
5.00000000e+22 1.80400000e+03
5.00000000e+22 1.80500000e+03
5.00000000e+22 1.80600000e+03
5.00000000e+22 1.80700000e+03
5.00000000e+22 1.80800000e+03
5.00000000e+22 1.80900000e+03
5.00000000e+22 1.81000000e+03
5.00000000e+22 1.81100000e+03
5.00000000e+22 1.81200000e+03
5.00000000e+22 1.81300000e+03
5.00000000e+22 1.81400000e+03
5.00000000e+22 1.81500000e+03
5.00000000e+22 1.81600000e+03
5.00000000e+22 1.81700000e+03
5.00000000e+22 1.81800000e+03
5.00000000e+22 1.81900000e+03
5.00000000e+22 1.82000000e+03
5.00000000e+22 1.82100000e+03
5.00000000e+22 1.82200000e+03
5.00000000e+22 1.82300000e+03
5.00000000e+22 1.82400000e+03
5.00000000e+22 1.82500000e+03
5.00000000e+22 1.82600000e+03
5.00000000e+22 1.82700000e+03
5.00000000e+22 1.82800000e+03
5.00000000e+22 1.82900000e+03
5.00000000e+22 1.83000000e+03
5.00000000e+22 1.83100000e+03
5.00000000e+22 1.83200000e+03
5.00000000e+22 1.83300000e+03
5.00000000e+22 1.83400000e+03
5.00000000e+22 1.83500000e+03
5.00000000e+22 1.83600000e+03
5.00000000e+22 1.83700000e+03
5.00000000e+22 1.83800000e+03
5.00000000e+22 1.83900000e+03
5.00000000e+22 1.84000000e+03
5.00000000e+22 1.84100000e+03
5.00000000e+22 1.84200000e+03
5.00000000e+22 1.84300000e+03
5.00000000e+22 1.84400000e+03
5.00000000e+22 1.84500000e+03
5.00000000e+22 1.84600000e+03
5.00000000e+22 1.84700000e+03
5.00000000e+22 1.84800000e+03
5.00000000e+22 1.84900000e+03
5.00000000e+22 1.85000000e+03
5.00000000e+22 1.85100000e+03
5.00000000e+22 1.85200000e+03
5.00000000e+22 1.85300000e+03
5.00000000e+22 1.85400000e+03
5.00000000e+22 1.85500000e+03
5.00000000e+22 1.85600000e+03
5.00000000e+22 1.85700000e+03
5.00000000e+22 1.85800000e+03
5.00000000e+22 1.85900000e+03
5.00000000e+22 1.86000000e+03
5.00000000e+22 1.86100000e+03
5.00000000e+22 1.86200000e+03
5.00000000e+22 1.86300000e+03
5.00000000e+22 1.86400000e+03
5.00000000e+22 1.86500000e+03
5.00000000e+22 1.86600000e+03
5.00000000e+22 1.86700000e+03
5.00000000e+22 1.86800000e+03
5.00000000e+22 1.86900000e+03
5.00000000e+22 1.87000000e+03
5.00000000e+22 1.87100000e+03
5.00000000e+22 1.87200000e+03
5.00000000e+22 1.87300000e+03
5.00000000e+22 1.87400000e+03
5.00000000e+22 1.87500000e+03
5.00000000e+22 1.87600000e+03
5.00000000e+22 1.87700000e+03
5.00000000e+22 1.87800000e+03
5.00000000e+22 1.87900000e+03
5.00000000e+22 1.88000000e+03
5.00000000e+22 1.88100000e+03
5.00000000e+22 1.88200000e+03
5.00000000e+22 1.88300000e+03
5.00000000e+22 1.88400000e+03
5.00000000e+22 1.88500000e+03
5.00000000e+22 1.88600000e+03
5.00000000e+22 1.88700000e+03
5.00000000e+22 1.88800000e+03
5.00000000e+22 1.88900000e+03
5.00000000e+22 1.89000000e+03
5.00000000e+22 1.89100000e+03
5.00000000e+22 1.89200000e+03
5.00000000e+22 1.89300000e+03
5.00000000e+22 1.89400000e+03
5.00000000e+22 1.89500000e+03
5.00000000e+22 1.89600000e+03
5.00000000e+22 1.89700000e+03
5.00000000e+22 1.89800000e+03
5.00000000e+22 1.89900000e+03
5.00000000e+22 1.90000000e+03
5.00000000e+22 1.90100000e+03
5.00000000e+22 1.90200000e+03
5.00000000e+22 1.90300000e+03
5.00000000e+22 1.90400000e+03
5.00000000e+22 1.90500000e+03
5.00000000e+22 1.90600000e+03
5.00000000e+22 1.90700000e+03
5.00000000e+22 1.90800000e+03
5.00000000e+22 1.90900000e+03
5.00000000e+22 1.91000000e+03
5.00000000e+22 1.91100000e+03
5.00000000e+22 1.91200000e+03
5.00000000e+22 1.91300000e+03
5.00000000e+22 1.91400000e+03
5.00000000e+22 1.91500000e+03
5.00000000e+22 1.91600000e+03
5.00000000e+22 1.91700000e+03
5.00000000e+22 1.91800000e+03
5.00000000e+22 1.91900000e+03
5.00000000e+22 1.92000000e+03
5.00000000e+22 1.92100000e+03
5.00000000e+22 1.92200000e+03
5.00000000e+22 1.92300000e+03
5.00000000e+22 1.92400000e+03
5.00000000e+22 1.92500000e+03
5.00000000e+22 1.92600000e+03
5.00000000e+22 1.92700000e+03
5.00000000e+22 1.92800000e+03
5.00000000e+22 1.92900000e+03
5.00000000e+22 1.93000000e+03
5.00000000e+22 1.93100000e+03
5.00000000e+22 1.93200000e+03
5.00000000e+22 1.93300000e+03
5.00000000e+22 1.93400000e+03
5.00000000e+22 1.93500000e+03
5.00000000e+22 1.93600000e+03
5.00000000e+22 1.93700000e+03
5.00000000e+22 1.93800000e+03
5.00000000e+22 1.93900000e+03
5.00000000e+22 1.94000000e+03
5.00000000e+22 1.94100000e+03
5.00000000e+22 1.94200000e+03
5.00000000e+22 1.94300000e+03
5.00000000e+22 1.94400000e+03
5.00000000e+22 1.94500000e+03
5.00000000e+22 1.94600000e+03
5.00000000e+22 1.94700000e+03
5.00000000e+22 1.94800000e+03
5.00000000e+22 1.94900000e+03
5.00000000e+22 1.95000000e+03
5.00000000e+22 1.95100000e+03
5.00000000e+22 1.95200000e+03
5.00000000e+22 1.95300000e+03
5.00000000e+22 1.95400000e+03
5.00000000e+22 1.95500000e+03
5.00000000e+22 1.95600000e+03
5.00000000e+22 1.95700000e+03
5.00000000e+22 1.95800000e+03
5.00000000e+22 1.95900000e+03
5.00000000e+22 1.96000000e+03
5.00000000e+22 1.96100000e+03
5.00000000e+22 1.96200000e+03
5.00000000e+22 1.96300000e+03
5.00000000e+22 1.96400000e+03
5.00000000e+22 1.96500000e+03
5.00000000e+22 1.96600000e+03
5.00000000e+22 1.96700000e+03
5.00000000e+22 1.96800000e+03
5.00000000e+22 1.96900000e+03
5.00000000e+22 1.97000000e+03
5.00000000e+22 1.97100000e+03
5.00000000e+22 1.97200000e+03
5.00000000e+22 1.97300000e+03
5.00000000e+22 1.97400000e+03
5.00000000e+22 1.97500000e+03
5.00000000e+22 1.97600000e+03
5.00000000e+22 1.97700000e+03
5.00000000e+22 1.97800000e+03
5.00000000e+22 1.97900000e+03
5.00000000e+22 1.98000000e+03
5.00000000e+22 1.98100000e+03
5.00000000e+22 1.98200000e+03
5.00000000e+22 1.98300000e+03
5.00000000e+22 1.98400000e+03
5.00000000e+22 1.98500000e+03
5.00000000e+22 1.98600000e+03
5.00000000e+22 1.98700000e+03
5.00000000e+22 1.98800000e+03
5.00000000e+22 1.98900000e+03
5.00000000e+22 1.99000000e+03
5.00000000e+22 1.99100000e+03
5.00000000e+22 1.99200000e+03
5.00000000e+22 1.99300000e+03
5.00000000e+22 1.99400000e+03
5.00000000e+22 1.99500000e+03
5.00000000e+22 1.99600000e+03
5.00000000e+22 1.99700000e+03
5.00000000e+22 1.99800000e+03
5.00000000e+22 1.99900000e+03
5.00000000e+22 2.00000000e+03
5.00000000e+22 2.00100000e+03
5.00000000e+22 2.00200000e+03
5.00000000e+22 2.00300000e+03
5.00000000e+22 2.00400000e+03
5.00000000e+22 2.00500000e+03
5.00000000e+22 2.00600000e+03
5.00000000e+22 2.00700000e+03
5.00000000e+22 2.00800000e+03
5.00000000e+22 2.00900000e+03
5.00000000e+22 2.01000000e+03
5.00000000e+22 2.01100000e+03
5.00000000e+22 2.01200000e+03
5.00000000e+22 2.01300000e+03
5.00000000e+22 2.01400000e+03
5.00000000e+22 2.01500000e+03
5.00000000e+22 2.01600000e+03
5.00000000e+22 2.01700000e+03
5.00000000e+22 2.01800000e+03
5.00000000e+22 2.01900000e+03
5.00000000e+22 2.02000000e+03
5.00000000e+22 2.02100000e+03
5.00000000e+22 2.02200000e+03
5.00000000e+22 2.02300000e+03
5.00000000e+22 2.02400000e+03
5.00000000e+22 2.02500000e+03
5.00000000e+22 2.02600000e+03
5.00000000e+22 2.02700000e+03
5.00000000e+22 2.02800000e+03
5.00000000e+22 2.02900000e+03
5.00000000e+22 2.03000000e+03
5.00000000e+22 2.03100000e+03
5.00000000e+22 2.03200000e+03
5.00000000e+22 2.03300000e+03
5.00000000e+22 2.03400000e+03
5.00000000e+22 2.03500000e+03
5.00000000e+22 2.03600000e+03
5.00000000e+22 2.03700000e+03
5.00000000e+22 2.03800000e+03
5.00000000e+22 2.03900000e+03
5.00000000e+22 2.04000000e+03
5.00000000e+22 2.04100000e+03
5.00000000e+22 2.04200000e+03
5.00000000e+22 2.04300000e+03
5.00000000e+22 2.04400000e+03
5.00000000e+22 2.04500000e+03
5.00000000e+22 2.04600000e+03
5.00000000e+22 2.04700000e+03
5.00000000e+22 2.04800000e+03
5.00000000e+22 2.04900000e+03
5.00000000e+22 2.05000000e+03
5.00000000e+22 2.05100000e+03
5.00000000e+22 2.05200000e+03
5.00000000e+22 2.05300000e+03
5.00000000e+22 2.05400000e+03
5.00000000e+22 2.05500000e+03
5.00000000e+22 2.05600000e+03
5.00000000e+22 2.05700000e+03
5.00000000e+22 2.05800000e+03
5.00000000e+22 2.05900000e+03
5.00000000e+22 2.06000000e+03
5.00000000e+22 2.06100000e+03
5.00000000e+22 2.06200000e+03
5.00000000e+22 2.06300000e+03
5.00000000e+22 2.06400000e+03
5.00000000e+22 2.06500000e+03
5.00000000e+22 2.06600000e+03
5.00000000e+22 2.06700000e+03
5.00000000e+22 2.06800000e+03
5.00000000e+22 2.06900000e+03
5.00000000e+22 2.07000000e+03
5.00000000e+22 2.07100000e+03
5.00000000e+22 2.07200000e+03
5.00000000e+22 2.07300000e+03
5.00000000e+22 2.07400000e+03
5.00000000e+22 2.07500000e+03
5.00000000e+22 2.07600000e+03
5.00000000e+22 2.07700000e+03
5.00000000e+22 2.07800000e+03
5.00000000e+22 2.07900000e+03
5.00000000e+22 2.08000000e+03
5.00000000e+22 2.08100000e+03
5.00000000e+22 2.08200000e+03
5.00000000e+22 2.08300000e+03
5.00000000e+22 2.08400000e+03
5.00000000e+22 2.08500000e+03
5.00000000e+22 2.08600000e+03
5.00000000e+22 2.08700000e+03
5.00000000e+22 2.08800000e+03
5.00000000e+22 2.08900000e+03
5.00000000e+22 2.09000000e+03
5.00000000e+22 2.09100000e+03
5.00000000e+22 2.09200000e+03
5.00000000e+22 2.09300000e+03
5.00000000e+22 2.09400000e+03
5.00000000e+22 2.09500000e+03
5.00000000e+22 2.09600000e+03
5.00000000e+22 2.09700000e+03
5.00000000e+22 2.09800000e+03
5.00000000e+22 2.09900000e+03
5.00000000e+22 2.10000000e+03
5.00000000e+22 2.10100000e+03
5.00000000e+22 2.10200000e+03
5.00000000e+22 2.10300000e+03
5.00000000e+22 2.10400000e+03
5.00000000e+22 2.10500000e+03
5.00000000e+22 2.10600000e+03
5.00000000e+22 2.10700000e+03
5.00000000e+22 2.10800000e+03
5.00000000e+22 2.10900000e+03
5.00000000e+22 2.11000000e+03
5.00000000e+22 2.11100000e+03
5.00000000e+22 2.11200000e+03
5.00000000e+22 2.11300000e+03
5.00000000e+22 2.11400000e+03
5.00000000e+22 2.11500000e+03
5.00000000e+22 2.11600000e+03
5.00000000e+22 2.11700000e+03
5.00000000e+22 2.11800000e+03
5.00000000e+22 2.11900000e+03
5.00000000e+22 2.12000000e+03
5.00000000e+22 2.12100000e+03
5.00000000e+22 2.12200000e+03
5.00000000e+22 2.12300000e+03
5.00000000e+22 2.12400000e+03
5.00000000e+22 2.12500000e+03
5.00000000e+22 2.12600000e+03
5.00000000e+22 2.12700000e+03
5.00000000e+22 2.12800000e+03
5.00000000e+22 2.12900000e+03
5.00000000e+22 2.13000000e+03
5.00000000e+22 2.13100000e+03
5.00000000e+22 2.13200000e+03
5.00000000e+22 2.13300000e+03
5.00000000e+22 2.13400000e+03
5.00000000e+22 2.13500000e+03
5.00000000e+22 2.13600000e+03
5.00000000e+22 2.13700000e+03
5.00000000e+22 2.13800000e+03
5.00000000e+22 2.13900000e+03
5.00000000e+22 2.14000000e+03
5.00000000e+22 2.14100000e+03
5.00000000e+22 2.14200000e+03
5.00000000e+22 2.14300000e+03
5.00000000e+22 2.14400000e+03
5.00000000e+22 2.14500000e+03
5.00000000e+22 2.14600000e+03
5.00000000e+22 2.14700000e+03
5.00000000e+22 2.14800000e+03
5.00000000e+22 2.14900000e+03
5.00000000e+22 2.15000000e+03
5.00000000e+22 2.15100000e+03
5.00000000e+22 2.15200000e+03
5.00000000e+22 2.15300000e+03
5.00000000e+22 2.15400000e+03
5.00000000e+22 2.15500000e+03
5.00000000e+22 2.15600000e+03
5.00000000e+22 2.15700000e+03
5.00000000e+22 2.15800000e+03
5.00000000e+22 2.15900000e+03
5.00000000e+22 2.16000000e+03
5.00000000e+22 2.16100000e+03
5.00000000e+22 2.16200000e+03
5.00000000e+22 2.16300000e+03
5.00000000e+22 2.16400000e+03
5.00000000e+22 2.16500000e+03
5.00000000e+22 2.16600000e+03
5.00000000e+22 2.16700000e+03
5.00000000e+22 2.16800000e+03
5.00000000e+22 2.16900000e+03
5.00000000e+22 2.17000000e+03
5.00000000e+22 2.17100000e+03
5.00000000e+22 2.17200000e+03
5.00000000e+22 2.17300000e+03
5.00000000e+22 2.17400000e+03
5.00000000e+22 2.17500000e+03
5.00000000e+22 2.17600000e+03
5.00000000e+22 2.17700000e+03
5.00000000e+22 2.17800000e+03
5.00000000e+22 2.17900000e+03
5.00000000e+22 2.18000000e+03
5.00000000e+22 2.18100000e+03
5.00000000e+22 2.18200000e+03
5.00000000e+22 2.18300000e+03
5.00000000e+22 2.18400000e+03
5.00000000e+22 2.18500000e+03
5.00000000e+22 2.18600000e+03
5.00000000e+22 2.18700000e+03
5.00000000e+22 2.18800000e+03
5.00000000e+22 2.18900000e+03
5.00000000e+22 2.19000000e+03
5.00000000e+22 2.19100000e+03
5.00000000e+22 2.19200000e+03
5.00000000e+22 2.19300000e+03
5.00000000e+22 2.19400000e+03
5.00000000e+22 2.19500000e+03
5.00000000e+22 2.19600000e+03
5.00000000e+22 2.19700000e+03
5.00000000e+22 2.19800000e+03
5.00000000e+22 2.19900000e+03
5.00000000e+22 2.20000000e+03
5.00000000e+22 2.20100000e+03
5.00000000e+22 2.20200000e+03
5.00000000e+22 2.20300000e+03
5.00000000e+22 2.20400000e+03
5.00000000e+22 2.20500000e+03
5.00000000e+22 2.20600000e+03
5.00000000e+22 2.20700000e+03
5.00000000e+22 2.20800000e+03
5.00000000e+22 2.20900000e+03
5.00000000e+22 2.21000000e+03
5.00000000e+22 2.21100000e+03
5.00000000e+22 2.21200000e+03
5.00000000e+22 2.21300000e+03
5.00000000e+22 2.21400000e+03
5.00000000e+22 2.21500000e+03
5.00000000e+22 2.21600000e+03
5.00000000e+22 2.21700000e+03
5.00000000e+22 2.21800000e+03
5.00000000e+22 2.21900000e+03
5.00000000e+22 2.22000000e+03
5.00000000e+22 2.22100000e+03
5.00000000e+22 2.22200000e+03
5.00000000e+22 2.22300000e+03
5.00000000e+22 2.22400000e+03
5.00000000e+22 2.22500000e+03
5.00000000e+22 2.22600000e+03
5.00000000e+22 2.22700000e+03
5.00000000e+22 2.22800000e+03
5.00000000e+22 2.22900000e+03
5.00000000e+22 2.23000000e+03
5.00000000e+22 2.23100000e+03
5.00000000e+22 2.23200000e+03
5.00000000e+22 2.23300000e+03
5.00000000e+22 2.23400000e+03
5.00000000e+22 2.23500000e+03
5.00000000e+22 2.23600000e+03
5.00000000e+22 2.23700000e+03
5.00000000e+22 2.23800000e+03
5.00000000e+22 2.23900000e+03
5.00000000e+22 2.24000000e+03
5.00000000e+22 2.24100000e+03
5.00000000e+22 2.24200000e+03
5.00000000e+22 2.24300000e+03
5.00000000e+22 2.24400000e+03
5.00000000e+22 2.24500000e+03
5.00000000e+22 2.24600000e+03
5.00000000e+22 2.24700000e+03
5.00000000e+22 2.24800000e+03
5.00000000e+22 2.24900000e+03
5.00000000e+22 2.25000000e+03
5.00000000e+22 2.25100000e+03
5.00000000e+22 2.25200000e+03
5.00000000e+22 2.25300000e+03
5.00000000e+22 2.25400000e+03
5.00000000e+22 2.25500000e+03
5.00000000e+22 2.25600000e+03
5.00000000e+22 2.25700000e+03
5.00000000e+22 2.25800000e+03
5.00000000e+22 2.25900000e+03
5.00000000e+22 2.26000000e+03
5.00000000e+22 2.26100000e+03
5.00000000e+22 2.26200000e+03
5.00000000e+22 2.26300000e+03
5.00000000e+22 2.26400000e+03
5.00000000e+22 2.26500000e+03
5.00000000e+22 2.26600000e+03
5.00000000e+22 2.26700000e+03
5.00000000e+22 2.26800000e+03
5.00000000e+22 2.26900000e+03
5.00000000e+22 2.27000000e+03
5.00000000e+22 2.27100000e+03
5.00000000e+22 2.27200000e+03
5.00000000e+22 2.27300000e+03
5.00000000e+22 2.27400000e+03
5.00000000e+22 2.27500000e+03
5.00000000e+22 2.27600000e+03
5.00000000e+22 2.27700000e+03
5.00000000e+22 2.27800000e+03
5.00000000e+22 2.27900000e+03
5.00000000e+22 2.28000000e+03
5.00000000e+22 2.28100000e+03
5.00000000e+22 2.28200000e+03
5.00000000e+22 2.28300000e+03
5.00000000e+22 2.28400000e+03
5.00000000e+22 2.28500000e+03
5.00000000e+22 2.28600000e+03
5.00000000e+22 2.28700000e+03
5.00000000e+22 2.28800000e+03
5.00000000e+22 2.28900000e+03
5.00000000e+22 2.29000000e+03
5.00000000e+22 2.29100000e+03
5.00000000e+22 2.29200000e+03
5.00000000e+22 2.29300000e+03
5.00000000e+22 2.29400000e+03
5.00000000e+22 2.29500000e+03
5.00000000e+22 2.29600000e+03
5.00000000e+22 2.29700000e+03
5.00000000e+22 2.29800000e+03
5.00000000e+22 2.29900000e+03
5.00000000e+22 2.30000000e+03
5.00000000e+22 2.30100000e+03
5.00000000e+22 2.30200000e+03
5.00000000e+22 2.30300000e+03
5.00000000e+22 2.30400000e+03
5.00000000e+22 2.30500000e+03
5.00000000e+22 2.30600000e+03
5.00000000e+22 2.30700000e+03
5.00000000e+22 2.30800000e+03
5.00000000e+22 2.30900000e+03
5.00000000e+22 2.31000000e+03
5.00000000e+22 2.31100000e+03
5.00000000e+22 2.31200000e+03
5.00000000e+22 2.31300000e+03
5.00000000e+22 2.31400000e+03
5.00000000e+22 2.31500000e+03
5.00000000e+22 2.31600000e+03
5.00000000e+22 2.31700000e+03
5.00000000e+22 2.31800000e+03
5.00000000e+22 2.31900000e+03
5.00000000e+22 2.32000000e+03
5.00000000e+22 2.32100000e+03
5.00000000e+22 2.32200000e+03
5.00000000e+22 2.32300000e+03
5.00000000e+22 2.32400000e+03
5.00000000e+22 2.32500000e+03
5.00000000e+22 2.32600000e+03
5.00000000e+22 2.32700000e+03
5.00000000e+22 2.32800000e+03
5.00000000e+22 2.32900000e+03
5.00000000e+22 2.33000000e+03
5.00000000e+22 2.33100000e+03
5.00000000e+22 2.33200000e+03
5.00000000e+22 2.33300000e+03
5.00000000e+22 2.33400000e+03
5.00000000e+22 2.33500000e+03
5.00000000e+22 2.33600000e+03
5.00000000e+22 2.33700000e+03
5.00000000e+22 2.33800000e+03
5.00000000e+22 2.33900000e+03
5.00000000e+22 2.34000000e+03
5.00000000e+22 2.34100000e+03
5.00000000e+22 2.34200000e+03
5.00000000e+22 2.34300000e+03
5.00000000e+22 2.34400000e+03
5.00000000e+22 2.34500000e+03
5.00000000e+22 2.34600000e+03
5.00000000e+22 2.34700000e+03
5.00000000e+22 2.34800000e+03
5.00000000e+22 2.34900000e+03
5.00000000e+22 2.35000000e+03
5.00000000e+22 2.35100000e+03
5.00000000e+22 2.35200000e+03
5.00000000e+22 2.35300000e+03
5.00000000e+22 2.35400000e+03
5.00000000e+22 2.35500000e+03
5.00000000e+22 2.35600000e+03
5.00000000e+22 2.35700000e+03
5.00000000e+22 2.35800000e+03
5.00000000e+22 2.35900000e+03
5.00000000e+22 2.36000000e+03
5.00000000e+22 2.36100000e+03
5.00000000e+22 2.36200000e+03
5.00000000e+22 2.36300000e+03
5.00000000e+22 2.36400000e+03
5.00000000e+22 2.36500000e+03
5.00000000e+22 2.36600000e+03
5.00000000e+22 2.36700000e+03
5.00000000e+22 2.36800000e+03
5.00000000e+22 2.36900000e+03
5.00000000e+22 2.37000000e+03
5.00000000e+22 2.37100000e+03
5.00000000e+22 2.37200000e+03
5.00000000e+22 2.37300000e+03
5.00000000e+22 2.37400000e+03
5.00000000e+22 2.37500000e+03
5.00000000e+22 2.37600000e+03
5.00000000e+22 2.37700000e+03
5.00000000e+22 2.37800000e+03
5.00000000e+22 2.37900000e+03
5.00000000e+22 2.38000000e+03
5.00000000e+22 2.38100000e+03
5.00000000e+22 2.38200000e+03
5.00000000e+22 2.38300000e+03
5.00000000e+22 2.38400000e+03
5.00000000e+22 2.38500000e+03
5.00000000e+22 2.38600000e+03
5.00000000e+22 2.38700000e+03
5.00000000e+22 2.38800000e+03
5.00000000e+22 2.38900000e+03
5.00000000e+22 2.39000000e+03
5.00000000e+22 2.39100000e+03
5.00000000e+22 2.39200000e+03
5.00000000e+22 2.39300000e+03
5.00000000e+22 2.39400000e+03
5.00000000e+22 2.39500000e+03
5.00000000e+22 2.39600000e+03
5.00000000e+22 2.39700000e+03
5.00000000e+22 2.39800000e+03
5.00000000e+22 2.39900000e+03
5.00000000e+22 2.40000000e+03
5.00000000e+22 2.40100000e+03
5.00000000e+22 2.40200000e+03
5.00000000e+22 2.40300000e+03
5.00000000e+22 2.40400000e+03
5.00000000e+22 2.40500000e+03
5.00000000e+22 2.40600000e+03
5.00000000e+22 2.40700000e+03
5.00000000e+22 2.40800000e+03
5.00000000e+22 2.40900000e+03
5.00000000e+22 2.41000000e+03
5.00000000e+22 2.41100000e+03
5.00000000e+22 2.41200000e+03
5.00000000e+22 2.41300000e+03
5.00000000e+22 2.41400000e+03
5.00000000e+22 2.41500000e+03
5.00000000e+22 2.41600000e+03
5.00000000e+22 2.41700000e+03
5.00000000e+22 2.41800000e+03
5.00000000e+22 2.41900000e+03
5.00000000e+22 2.42000000e+03
5.00000000e+22 2.42100000e+03
5.00000000e+22 2.42200000e+03
5.00000000e+22 2.42300000e+03
5.00000000e+22 2.42400000e+03
5.00000000e+22 2.42500000e+03
5.00000000e+22 2.42600000e+03
5.00000000e+22 2.42700000e+03
5.00000000e+22 2.42800000e+03
5.00000000e+22 2.42900000e+03
5.00000000e+22 2.43000000e+03
5.00000000e+22 2.43100000e+03
5.00000000e+22 2.43200000e+03
5.00000000e+22 2.43300000e+03
5.00000000e+22 2.43400000e+03
5.00000000e+22 2.43500000e+03
5.00000000e+22 2.43600000e+03
5.00000000e+22 2.43700000e+03
5.00000000e+22 2.43800000e+03
5.00000000e+22 2.43900000e+03
5.00000000e+22 2.44000000e+03
5.00000000e+22 2.44100000e+03
5.00000000e+22 2.44200000e+03
5.00000000e+22 2.44300000e+03
5.00000000e+22 2.44400000e+03
5.00000000e+22 2.44500000e+03
5.00000000e+22 2.44600000e+03
5.00000000e+22 2.44700000e+03
5.00000000e+22 2.44800000e+03
5.00000000e+22 2.44900000e+03
5.00000000e+22 2.45000000e+03
5.00000000e+22 2.45100000e+03
5.00000000e+22 2.45200000e+03
5.00000000e+22 2.45300000e+03
5.00000000e+22 2.45400000e+03
5.00000000e+22 2.45500000e+03
5.00000000e+22 2.45600000e+03
5.00000000e+22 2.45700000e+03
5.00000000e+22 2.45800000e+03
5.00000000e+22 2.45900000e+03
5.00000000e+22 2.46000000e+03
5.00000000e+22 2.46100000e+03
5.00000000e+22 2.46200000e+03
5.00000000e+22 2.46300000e+03
5.00000000e+22 2.46400000e+03
5.00000000e+22 2.46500000e+03
5.00000000e+22 2.46600000e+03
5.00000000e+22 2.46700000e+03
5.00000000e+22 2.46800000e+03
5.00000000e+22 2.46900000e+03
5.00000000e+22 2.47000000e+03
5.00000000e+22 2.47100000e+03
5.00000000e+22 2.47200000e+03
5.00000000e+22 2.47300000e+03
5.00000000e+22 2.47400000e+03
5.00000000e+22 2.47500000e+03
5.00000000e+22 2.47600000e+03
5.00000000e+22 2.47700000e+03
5.00000000e+22 2.47800000e+03
5.00000000e+22 2.47900000e+03
5.00000000e+22 2.48000000e+03
5.00000000e+22 2.48100000e+03
5.00000000e+22 2.48200000e+03
5.00000000e+22 2.48300000e+03
5.00000000e+22 2.48400000e+03
5.00000000e+22 2.48500000e+03
5.00000000e+22 2.48600000e+03
5.00000000e+22 2.48700000e+03
5.00000000e+22 2.48800000e+03
5.00000000e+22 2.48900000e+03
5.00000000e+22 2.49000000e+03
5.00000000e+22 2.49100000e+03
5.00000000e+22 2.49200000e+03
5.00000000e+22 2.49300000e+03
5.00000000e+22 2.49400000e+03
5.00000000e+22 2.49500000e+03
5.00000000e+22 2.49600000e+03
5.00000000e+22 2.49700000e+03
5.00000000e+22 2.49800000e+03
5.00000000e+22 2.49900000e+03
5.00000000e+22 2.50000000e+03
5.00000000e+22 2.50100000e+03
5.00000000e+22 2.50200000e+03
5.00000000e+22 2.50300000e+03
5.00000000e+22 2.50400000e+03
5.00000000e+22 2.50500000e+03
5.00000000e+22 2.50600000e+03
5.00000000e+22 2.50700000e+03
5.00000000e+22 2.50800000e+03
5.00000000e+22 2.50900000e+03
5.00000000e+22 2.51000000e+03
5.00000000e+22 2.51100000e+03
5.00000000e+22 2.51200000e+03
5.00000000e+22 2.51300000e+03
5.00000000e+22 2.51400000e+03
5.00000000e+22 2.51500000e+03
5.00000000e+22 2.51600000e+03
5.00000000e+22 2.51700000e+03
5.00000000e+22 2.51800000e+03
5.00000000e+22 2.51900000e+03
5.00000000e+22 2.52000000e+03
5.00000000e+22 2.52100000e+03
5.00000000e+22 2.52200000e+03
5.00000000e+22 2.52300000e+03
5.00000000e+22 2.52400000e+03
5.00000000e+22 2.52500000e+03
5.00000000e+22 2.52600000e+03
5.00000000e+22 2.52700000e+03
5.00000000e+22 2.52800000e+03
5.00000000e+22 2.52900000e+03
5.00000000e+22 2.53000000e+03
5.00000000e+22 2.53100000e+03
5.00000000e+22 2.53200000e+03
5.00000000e+22 2.53300000e+03
5.00000000e+22 2.53400000e+03
5.00000000e+22 2.53500000e+03
5.00000000e+22 2.53600000e+03
5.00000000e+22 2.53700000e+03
5.00000000e+22 2.53800000e+03
5.00000000e+22 2.53900000e+03
5.00000000e+22 2.54000000e+03
5.00000000e+22 2.54100000e+03
5.00000000e+22 2.54200000e+03
5.00000000e+22 2.54300000e+03
5.00000000e+22 2.54400000e+03
5.00000000e+22 2.54500000e+03
5.00000000e+22 2.54600000e+03
5.00000000e+22 2.54700000e+03
5.00000000e+22 2.54800000e+03
5.00000000e+22 2.54900000e+03
5.00000000e+22 2.55000000e+03
5.00000000e+22 2.55100000e+03
5.00000000e+22 2.55200000e+03
5.00000000e+22 2.55300000e+03
5.00000000e+22 2.55400000e+03
5.00000000e+22 2.55500000e+03
5.00000000e+22 2.55600000e+03
5.00000000e+22 2.55700000e+03
5.00000000e+22 2.55800000e+03
5.00000000e+22 2.55900000e+03
5.00000000e+22 2.56000000e+03
5.00000000e+22 2.56100000e+03
5.00000000e+22 2.56200000e+03
5.00000000e+22 2.56300000e+03
5.00000000e+22 2.56400000e+03
5.00000000e+22 2.56500000e+03
5.00000000e+22 2.56600000e+03
5.00000000e+22 2.56700000e+03
5.00000000e+22 2.56800000e+03
5.00000000e+22 2.56900000e+03
5.00000000e+22 2.57000000e+03
5.00000000e+22 2.57100000e+03
5.00000000e+22 2.57200000e+03
5.00000000e+22 2.57300000e+03
5.00000000e+22 2.57400000e+03
5.00000000e+22 2.57500000e+03
5.00000000e+22 2.57600000e+03
5.00000000e+22 2.57700000e+03
5.00000000e+22 2.57800000e+03
5.00000000e+22 2.57900000e+03
5.00000000e+22 2.58000000e+03
5.00000000e+22 2.58100000e+03
5.00000000e+22 2.58200000e+03
5.00000000e+22 2.58300000e+03
5.00000000e+22 2.58400000e+03
5.00000000e+22 2.58500000e+03
5.00000000e+22 2.58600000e+03
5.00000000e+22 2.58700000e+03
5.00000000e+22 2.58800000e+03
5.00000000e+22 2.58900000e+03
5.00000000e+22 2.59000000e+03
5.00000000e+22 2.59100000e+03
5.00000000e+22 2.59200000e+03
5.00000000e+22 2.59300000e+03
5.00000000e+22 2.59400000e+03
5.00000000e+22 2.59500000e+03
5.00000000e+22 2.59600000e+03
5.00000000e+22 2.59700000e+03
5.00000000e+22 2.59800000e+03
5.00000000e+22 2.59900000e+03
5.00000000e+22 2.60000000e+03
5.00000000e+22 2.60100000e+03
5.00000000e+22 2.60200000e+03
5.00000000e+22 2.60300000e+03
5.00000000e+22 2.60400000e+03
5.00000000e+22 2.60500000e+03
5.00000000e+22 2.60600000e+03
5.00000000e+22 2.60700000e+03
5.00000000e+22 2.60800000e+03
5.00000000e+22 2.60900000e+03
5.00000000e+22 2.61000000e+03
5.00000000e+22 2.61100000e+03
5.00000000e+22 2.61200000e+03
5.00000000e+22 2.61300000e+03
5.00000000e+22 2.61400000e+03
5.00000000e+22 2.61500000e+03
5.00000000e+22 2.61600000e+03
5.00000000e+22 2.61700000e+03
5.00000000e+22 2.61800000e+03
5.00000000e+22 2.61900000e+03
5.00000000e+22 2.62000000e+03
5.00000000e+22 2.62100000e+03
5.00000000e+22 2.62200000e+03
5.00000000e+22 2.62300000e+03
5.00000000e+22 2.62400000e+03
5.00000000e+22 2.62500000e+03
5.00000000e+22 2.62600000e+03
5.00000000e+22 2.62700000e+03
5.00000000e+22 2.62800000e+03
5.00000000e+22 2.62900000e+03
5.00000000e+22 2.63000000e+03
5.00000000e+22 2.63100000e+03
5.00000000e+22 2.63200000e+03
5.00000000e+22 2.63300000e+03
5.00000000e+22 2.63400000e+03
5.00000000e+22 2.63500000e+03
5.00000000e+22 2.63600000e+03
5.00000000e+22 2.63700000e+03
5.00000000e+22 2.63800000e+03
5.00000000e+22 2.63900000e+03
5.00000000e+22 2.64000000e+03
5.00000000e+22 2.64100000e+03
5.00000000e+22 2.64200000e+03
5.00000000e+22 2.64300000e+03
5.00000000e+22 2.64400000e+03
5.00000000e+22 2.64500000e+03
5.00000000e+22 2.64600000e+03
5.00000000e+22 2.64700000e+03
5.00000000e+22 2.64800000e+03
5.00000000e+22 2.64900000e+03
5.00000000e+22 2.65000000e+03
5.00000000e+22 2.65100000e+03
5.00000000e+22 2.65200000e+03
5.00000000e+22 2.65300000e+03
5.00000000e+22 2.65400000e+03
5.00000000e+22 2.65500000e+03
5.00000000e+22 2.65600000e+03
5.00000000e+22 2.65700000e+03
5.00000000e+22 2.65800000e+03
5.00000000e+22 2.65900000e+03
5.00000000e+22 2.66000000e+03
5.00000000e+22 2.66100000e+03
5.00000000e+22 2.66200000e+03
5.00000000e+22 2.66300000e+03
5.00000000e+22 2.66400000e+03
5.00000000e+22 2.66500000e+03
5.00000000e+22 2.66600000e+03
5.00000000e+22 2.66700000e+03
5.00000000e+22 2.66800000e+03
5.00000000e+22 2.66900000e+03
5.00000000e+22 2.67000000e+03
5.00000000e+22 2.67100000e+03
5.00000000e+22 2.67200000e+03
5.00000000e+22 2.67300000e+03
5.00000000e+22 2.67400000e+03
5.00000000e+22 2.67500000e+03
5.00000000e+22 2.67600000e+03
5.00000000e+22 2.67700000e+03
5.00000000e+22 2.67800000e+03
5.00000000e+22 2.67900000e+03
5.00000000e+22 2.68000000e+03
5.00000000e+22 2.68100000e+03
5.00000000e+22 2.68200000e+03
5.00000000e+22 2.68300000e+03
5.00000000e+22 2.68400000e+03
5.00000000e+22 2.68500000e+03
5.00000000e+22 2.68600000e+03
5.00000000e+22 2.68700000e+03
5.00000000e+22 2.68800000e+03
5.00000000e+22 2.68900000e+03
5.00000000e+22 2.69000000e+03
5.00000000e+22 2.69100000e+03
5.00000000e+22 2.69200000e+03
5.00000000e+22 2.69300000e+03
5.00000000e+22 2.69400000e+03
5.00000000e+22 2.69500000e+03
5.00000000e+22 2.69600000e+03
5.00000000e+22 2.69700000e+03
5.00000000e+22 2.69800000e+03
5.00000000e+22 2.69900000e+03
5.00000000e+22 2.70000000e+03
5.00000000e+22 2.70100000e+03
5.00000000e+22 2.70200000e+03
5.00000000e+22 2.70300000e+03
5.00000000e+22 2.70400000e+03
5.00000000e+22 2.70500000e+03
5.00000000e+22 2.70600000e+03
5.00000000e+22 2.70700000e+03
5.00000000e+22 2.70800000e+03
5.00000000e+22 2.70900000e+03
5.00000000e+22 2.71000000e+03
5.00000000e+22 2.71100000e+03
5.00000000e+22 2.71200000e+03
5.00000000e+22 2.71300000e+03
5.00000000e+22 2.71400000e+03
5.00000000e+22 2.71500000e+03
5.00000000e+22 2.71600000e+03
5.00000000e+22 2.71700000e+03
5.00000000e+22 2.71800000e+03
5.00000000e+22 2.71900000e+03
5.00000000e+22 2.72000000e+03
5.00000000e+22 2.72100000e+03
5.00000000e+22 2.72200000e+03
5.00000000e+22 2.72300000e+03
5.00000000e+22 2.72400000e+03
5.00000000e+22 2.72500000e+03
5.00000000e+22 2.72600000e+03
5.00000000e+22 2.72700000e+03
5.00000000e+22 2.72800000e+03
5.00000000e+22 2.72900000e+03
5.00000000e+22 2.73000000e+03
5.00000000e+22 2.73100000e+03
5.00000000e+22 2.73200000e+03
5.00000000e+22 2.73300000e+03
5.00000000e+22 2.73400000e+03
5.00000000e+22 2.73500000e+03
5.00000000e+22 2.73600000e+03
5.00000000e+22 2.73700000e+03
5.00000000e+22 2.73800000e+03
5.00000000e+22 2.73900000e+03
5.00000000e+22 2.74000000e+03
5.00000000e+22 2.74100000e+03
5.00000000e+22 2.74200000e+03
5.00000000e+22 2.74300000e+03
5.00000000e+22 2.74400000e+03
5.00000000e+22 2.74500000e+03
5.00000000e+22 2.74600000e+03
5.00000000e+22 2.74700000e+03
5.00000000e+22 2.74800000e+03
5.00000000e+22 2.74900000e+03
5.00000000e+22 2.75000000e+03
5.00000000e+22 2.75100000e+03
5.00000000e+22 2.75200000e+03
5.00000000e+22 2.75300000e+03
5.00000000e+22 2.75400000e+03
5.00000000e+22 2.75500000e+03
5.00000000e+22 2.75600000e+03
5.00000000e+22 2.75700000e+03
5.00000000e+22 2.75800000e+03
5.00000000e+22 2.75900000e+03
5.00000000e+22 2.76000000e+03
5.00000000e+22 2.76100000e+03
5.00000000e+22 2.76200000e+03
5.00000000e+22 2.76300000e+03
5.00000000e+22 2.76400000e+03
5.00000000e+22 2.76500000e+03
5.00000000e+22 2.76600000e+03
5.00000000e+22 2.76700000e+03
5.00000000e+22 2.76800000e+03
5.00000000e+22 2.76900000e+03
5.00000000e+22 2.77000000e+03
5.00000000e+22 2.77100000e+03
5.00000000e+22 2.77200000e+03
5.00000000e+22 2.77300000e+03
5.00000000e+22 2.77400000e+03
5.00000000e+22 2.77500000e+03
5.00000000e+22 2.77600000e+03
5.00000000e+22 2.77700000e+03
5.00000000e+22 2.77800000e+03
5.00000000e+22 2.77900000e+03
5.00000000e+22 2.78000000e+03
5.00000000e+22 2.78100000e+03
5.00000000e+22 2.78200000e+03
5.00000000e+22 2.78300000e+03
5.00000000e+22 2.78400000e+03
5.00000000e+22 2.78500000e+03
5.00000000e+22 2.78600000e+03
5.00000000e+22 2.78700000e+03
5.00000000e+22 2.78800000e+03
5.00000000e+22 2.78900000e+03
5.00000000e+22 2.79000000e+03
5.00000000e+22 2.79100000e+03
5.00000000e+22 2.79200000e+03
5.00000000e+22 2.79300000e+03
5.00000000e+22 2.79400000e+03
5.00000000e+22 2.79500000e+03
5.00000000e+22 2.79600000e+03
5.00000000e+22 2.79700000e+03
5.00000000e+22 2.79800000e+03
5.00000000e+22 2.79900000e+03
5.00000000e+22 2.80000000e+03
5.00000000e+22 2.80100000e+03
5.00000000e+22 2.80200000e+03
5.00000000e+22 2.80300000e+03
5.00000000e+22 2.80400000e+03
5.00000000e+22 2.80500000e+03
5.00000000e+22 2.80600000e+03
5.00000000e+22 2.80700000e+03
5.00000000e+22 2.80800000e+03
5.00000000e+22 2.80900000e+03
5.00000000e+22 2.81000000e+03
5.00000000e+22 2.81100000e+03
5.00000000e+22 2.81200000e+03
5.00000000e+22 2.81300000e+03
5.00000000e+22 2.81400000e+03
5.00000000e+22 2.81500000e+03
5.00000000e+22 2.81600000e+03
5.00000000e+22 2.81700000e+03
5.00000000e+22 2.81800000e+03
5.00000000e+22 2.81900000e+03
5.00000000e+22 2.82000000e+03
5.00000000e+22 2.82100000e+03
5.00000000e+22 2.82200000e+03
5.00000000e+22 2.82300000e+03
5.00000000e+22 2.82400000e+03
5.00000000e+22 2.82500000e+03
5.00000000e+22 2.82600000e+03
5.00000000e+22 2.82700000e+03
5.00000000e+22 2.82800000e+03
5.00000000e+22 2.82900000e+03
5.00000000e+22 2.83000000e+03
5.00000000e+22 2.83100000e+03
5.00000000e+22 2.83200000e+03
5.00000000e+22 2.83300000e+03
5.00000000e+22 2.83400000e+03
5.00000000e+22 2.83500000e+03
5.00000000e+22 2.83600000e+03
5.00000000e+22 2.83700000e+03
5.00000000e+22 2.83800000e+03
5.00000000e+22 2.83900000e+03
5.00000000e+22 2.84000000e+03
5.00000000e+22 2.84100000e+03
5.00000000e+22 2.84200000e+03
5.00000000e+22 2.84300000e+03
5.00000000e+22 2.84400000e+03
5.00000000e+22 2.84500000e+03
5.00000000e+22 2.84600000e+03
5.00000000e+22 2.84700000e+03
5.00000000e+22 2.84800000e+03
5.00000000e+22 2.84900000e+03
5.00000000e+22 2.85000000e+03
5.00000000e+22 2.85100000e+03
5.00000000e+22 2.85200000e+03
5.00000000e+22 2.85300000e+03
5.00000000e+22 2.85400000e+03
5.00000000e+22 2.85500000e+03
5.00000000e+22 2.85600000e+03
5.00000000e+22 2.85700000e+03
5.00000000e+22 2.85800000e+03
5.00000000e+22 2.85900000e+03
5.00000000e+22 2.86000000e+03
5.00000000e+22 2.86100000e+03
5.00000000e+22 2.86200000e+03
5.00000000e+22 2.86300000e+03
5.00000000e+22 2.86400000e+03
5.00000000e+22 2.86500000e+03
5.00000000e+22 2.86600000e+03
5.00000000e+22 2.86700000e+03
5.00000000e+22 2.86800000e+03
5.00000000e+22 2.86900000e+03
5.00000000e+22 2.87000000e+03
5.00000000e+22 2.87100000e+03
5.00000000e+22 2.87200000e+03
5.00000000e+22 2.87300000e+03
5.00000000e+22 2.87400000e+03
5.00000000e+22 2.87500000e+03
5.00000000e+22 2.87600000e+03
5.00000000e+22 2.87700000e+03
5.00000000e+22 2.87800000e+03
5.00000000e+22 2.87900000e+03
5.00000000e+22 2.88000000e+03
5.00000000e+22 2.88100000e+03
5.00000000e+22 2.88200000e+03
5.00000000e+22 2.88300000e+03
5.00000000e+22 2.88400000e+03
5.00000000e+22 2.88500000e+03
5.00000000e+22 2.88600000e+03
5.00000000e+22 2.88700000e+03
5.00000000e+22 2.88800000e+03
5.00000000e+22 2.88900000e+03
5.00000000e+22 2.89000000e+03
