3.00000001e+21 0.00000000e+00
2.92941224e+21 1.00000000e+00
2.86094096e+21 2.00000000e+00
2.79451514e+21 3.00000000e+00
2.73006640e+21 4.00000000e+00
2.66752882e+21 5.00000000e+00
2.60683894e+21 6.00000000e+00
2.54793561e+21 7.00000000e+00
2.49075990e+21 8.00000000e+00
2.43525505e+21 9.00000000e+00
2.38136633e+21 1.00000000e+01
2.32904100e+21 1.10000000e+01
2.27822822e+21 1.20000000e+01
2.22887899e+21 1.30000000e+01
2.18094605e+21 1.40000000e+01
2.13438383e+21 1.50000000e+01
2.08914841e+21 1.60000000e+01
2.04519740e+21 1.70000000e+01
2.00248992e+21 1.80000000e+01
1.96098655e+21 1.90000000e+01
1.92064925e+21 2.00000000e+01
1.88144132e+21 2.10000000e+01
1.84332732e+21 2.20000000e+01
1.80627310e+21 2.30000000e+01
1.77024565e+21 2.40000000e+01
1.73521314e+21 2.50000000e+01
1.70114482e+21 2.60000000e+01
1.66801102e+21 2.70000000e+01
1.63578309e+21 2.80000000e+01
1.60443335e+21 2.90000000e+01
1.57393509e+21 3.00000000e+01
1.54426249e+21 3.10000000e+01
1.51539063e+21 3.20000000e+01
1.48729542e+21 3.30000000e+01
1.45995360e+21 3.40000000e+01
1.43334269e+21 3.50000000e+01
1.40744096e+21 3.60000000e+01
1.38222743e+21 3.70000000e+01
1.35768180e+21 3.80000000e+01
1.33378446e+21 3.90000000e+01
1.31051646e+21 4.00000000e+01
1.28785947e+21 4.10000000e+01
1.26579577e+21 4.20000000e+01
1.24430824e+21 4.30000000e+01
1.22338029e+21 4.40000000e+01
1.20299591e+21 4.50000000e+01
1.18313961e+21 4.60000000e+01
1.16379638e+21 4.70000000e+01
1.14495174e+21 4.80000000e+01
1.12659166e+21 4.90000000e+01
1.10870256e+21 5.00000000e+01
1.09127131e+21 5.10000000e+01
1.07428520e+21 5.20000000e+01
1.05773194e+21 5.30000000e+01
1.04159962e+21 5.40000000e+01
1.02587673e+21 5.50000000e+01
1.01055211e+21 5.60000000e+01
9.95614960e+20 5.70000000e+01
9.81054841e+20 5.80000000e+01
9.66861630e+20 5.90000000e+01
9.53025532e+20 6.00000000e+01
9.39537058e+20 6.10000000e+01
9.26387024e+20 6.20000000e+01
9.13566532e+20 6.30000000e+01
9.01066965e+20 6.40000000e+01
8.88879979e+20 6.50000000e+01
8.76997488e+20 6.60000000e+01
8.65411664e+20 6.70000000e+01
8.54114921e+20 6.80000000e+01
8.43099909e+20 6.90000000e+01
8.32359509e+20 7.00000000e+01
8.21886823e+20 7.10000000e+01
8.11675167e+20 7.20000000e+01
8.01718066e+20 7.30000000e+01
7.92009245e+20 7.40000000e+01
7.82542622e+20 7.50000000e+01
7.73312304e+20 7.60000000e+01
7.64312583e+20 7.70000000e+01
7.55537923e+20 7.80000000e+01
7.46982962e+20 7.90000000e+01
7.38642502e+20 8.00000000e+01
7.30511506e+20 8.10000000e+01
7.22585093e+20 8.20000000e+01
7.14858531e+20 8.30000000e+01
7.07327235e+20 8.40000000e+01
6.99986762e+20 8.50000000e+01
6.92832804e+20 8.60000000e+01
6.85861188e+20 8.70000000e+01
6.79067871e+20 8.80000000e+01
6.72448932e+20 8.90000000e+01
6.66000573e+20 9.00000000e+01
6.59719115e+20 9.10000000e+01
6.53600992e+20 9.20000000e+01
6.47642749e+20 9.30000000e+01
6.41841039e+20 9.40000000e+01
6.36192621e+20 9.50000000e+01
6.30694353e+20 9.60000000e+01
6.25343194e+20 9.70000000e+01
6.20136199e+20 9.80000000e+01
6.15070515e+20 9.90000000e+01
6.10143382e+20 1.00000000e+02
6.05352125e+20 1.01000000e+02
6.00694158e+20 1.02000000e+02
5.96166976e+20 1.03000000e+02
5.91768158e+20 1.04000000e+02
5.87495361e+20 1.05000000e+02
5.83346317e+20 1.06000000e+02
5.79318837e+20 1.07000000e+02
5.75410802e+20 1.08000000e+02
5.71620167e+20 1.09000000e+02
5.67944953e+20 1.10000000e+02
5.64383252e+20 1.11000000e+02
5.60933222e+20 1.12000000e+02
5.57593083e+20 1.13000000e+02
5.54361121e+20 1.14000000e+02
5.51235682e+20 1.15000000e+02
5.48215173e+20 1.16000000e+02
5.45298060e+20 1.17000000e+02
5.42482864e+20 1.18000000e+02
5.39768167e+20 1.19000000e+02
5.37152602e+20 1.20000000e+02
5.34634858e+20 1.21000000e+02
5.32213677e+20 1.22000000e+02
5.29887851e+20 1.23000000e+02
5.27656224e+20 1.24000000e+02
5.25517692e+20 1.25000000e+02
5.23471196e+20 1.26000000e+02
5.21515727e+20 1.27000000e+02
5.19650324e+20 1.28000000e+02
5.17874072e+20 1.29000000e+02
5.16186101e+20 1.30000000e+02
5.14585587e+20 1.31000000e+02
5.13071749e+20 1.32000000e+02
5.11643851e+20 1.33000000e+02
5.10301200e+20 1.34000000e+02
5.09043145e+20 1.35000000e+02
5.07869077e+20 1.36000000e+02
5.06778430e+20 1.37000000e+02
5.05770677e+20 1.38000000e+02
5.04845333e+20 1.39000000e+02
5.04001952e+20 1.40000000e+02
5.03240129e+20 1.41000000e+02
5.02559499e+20 1.42000000e+02
5.01959736e+20 1.43000000e+02
5.01440552e+20 1.44000000e+02
5.01001698e+20 1.45000000e+02
5.00642966e+20 1.46000000e+02
5.00364182e+20 1.47000000e+02
5.00165215e+20 1.48000000e+02
5.00045969e+20 1.49000000e+02
5.00006387e+20 1.50000000e+02
5.02952268e+20 1.51000000e+02
5.05915512e+20 1.52000000e+02
5.08896221e+20 1.53000000e+02
5.11894498e+20 1.54000000e+02
5.14910448e+20 1.55000000e+02
5.17944174e+20 1.56000000e+02
5.20995782e+20 1.57000000e+02
5.24065377e+20 1.58000000e+02
5.27153066e+20 1.59000000e+02
5.30258956e+20 1.60000000e+02
5.33383153e+20 1.61000000e+02
5.36525767e+20 1.62000000e+02
5.39686907e+20 1.63000000e+02
5.42866681e+20 1.64000000e+02
5.46065200e+20 1.65000000e+02
5.49282575e+20 1.66000000e+02
5.52518918e+20 1.67000000e+02
5.55774340e+20 1.68000000e+02
5.59048954e+20 1.69000000e+02
5.62342875e+20 1.70000000e+02
5.65656215e+20 1.71000000e+02
5.68989091e+20 1.72000000e+02
5.72341618e+20 1.73000000e+02
5.75713912e+20 1.74000000e+02
5.79106090e+20 1.75000000e+02
5.82518269e+20 1.76000000e+02
5.85950569e+20 1.77000000e+02
5.89403109e+20 1.78000000e+02
5.92876008e+20 1.79000000e+02
5.96369387e+20 1.80000000e+02
5.99883367e+20 1.81000000e+02
6.03418070e+20 1.82000000e+02
6.06973620e+20 1.83000000e+02
6.10550140e+20 1.84000000e+02
6.14147753e+20 1.85000000e+02
6.17766586e+20 1.86000000e+02
6.21406764e+20 1.87000000e+02
6.25068413e+20 1.88000000e+02
6.28751662e+20 1.89000000e+02
6.32456638e+20 1.90000000e+02
6.36183470e+20 1.91000000e+02
6.39932287e+20 1.92000000e+02
6.43703222e+20 1.93000000e+02
6.47496404e+20 1.94000000e+02
6.51311966e+20 1.95000000e+02
6.55150040e+20 1.96000000e+02
6.59010762e+20 1.97000000e+02
6.62894265e+20 1.98000000e+02
6.66800684e+20 1.99000000e+02
6.70730157e+20 2.00000000e+02
6.74682819e+20 2.01000000e+02
6.78658810e+20 2.02000000e+02
6.82658267e+20 2.03000000e+02
6.86681331e+20 2.04000000e+02
6.90728142e+20 2.05000000e+02
6.94798842e+20 2.06000000e+02
6.98893572e+20 2.07000000e+02
7.03012477e+20 2.08000000e+02
7.07155700e+20 2.09000000e+02
7.11323385e+20 2.10000000e+02
7.15515680e+20 2.11000000e+02
7.19732731e+20 2.12000000e+02
7.23974685e+20 2.13000000e+02
7.28241691e+20 2.14000000e+02
7.32533899e+20 2.15000000e+02
7.36851459e+20 2.16000000e+02
7.41194524e+20 2.17000000e+02
7.45563244e+20 2.18000000e+02
7.49957774e+20 2.19000000e+02
7.54378269e+20 2.20000000e+02
7.58824882e+20 2.21000000e+02
7.63297772e+20 2.22000000e+02
7.67797095e+20 2.23000000e+02
7.72323009e+20 2.24000000e+02
7.76875674e+20 2.25000000e+02
7.81455251e+20 2.26000000e+02
7.86061900e+20 2.27000000e+02
7.90695784e+20 2.28000000e+02
7.95357067e+20 2.29000000e+02
8.00045914e+20 2.30000000e+02
8.04762489e+20 2.31000000e+02
8.09506960e+20 2.32000000e+02
8.14279494e+20 2.33000000e+02
8.19080261e+20 2.34000000e+02
8.23909430e+20 2.35000000e+02
8.28767172e+20 2.36000000e+02
8.33653660e+20 2.37000000e+02
8.38569066e+20 2.38000000e+02
8.43513566e+20 2.39000000e+02
8.48487335e+20 2.40000000e+02
8.53490550e+20 2.41000000e+02
8.58523389e+20 2.42000000e+02
8.63586031e+20 2.43000000e+02
8.68678656e+20 2.44000000e+02
8.73801445e+20 2.45000000e+02
8.78954583e+20 2.46000000e+02
8.84138251e+20 2.47000000e+02
8.89352637e+20 2.48000000e+02
8.94597926e+20 2.49000000e+02
8.99874305e+20 2.50000000e+02
9.05181965e+20 2.51000000e+02
9.10521094e+20 2.52000000e+02
9.15891886e+20 2.53000000e+02
9.21294531e+20 2.54000000e+02
9.26729226e+20 2.55000000e+02
9.32196165e+20 2.56000000e+02
9.37695545e+20 2.57000000e+02
9.43227565e+20 2.58000000e+02
9.48792423e+20 2.59000000e+02
9.54390322e+20 2.60000000e+02
9.60021463e+20 2.61000000e+02
9.65686050e+20 2.62000000e+02
9.71384288e+20 2.63000000e+02
9.77116384e+20 2.64000000e+02
9.82882546e+20 2.65000000e+02
9.88682984e+20 2.66000000e+02
9.94517909e+20 2.67000000e+02
1.00038753e+21 2.68000000e+02
1.00629207e+21 2.69000000e+02
1.01223174e+21 2.70000000e+02
1.01820675e+21 2.71000000e+02
1.02421733e+21 2.72000000e+02
1.03026369e+21 2.73000000e+02
1.03634606e+21 2.74000000e+02
1.04246466e+21 2.75000000e+02
1.04861972e+21 2.76000000e+02
1.05481146e+21 2.77000000e+02
1.06104011e+21 2.78000000e+02
1.06730590e+21 2.79000000e+02
1.07360906e+21 2.80000000e+02
1.07994983e+21 2.81000000e+02
1.08632844e+21 2.82000000e+02
1.09274514e+21 2.83000000e+02
1.09920015e+21 2.84000000e+02
1.10569371e+21 2.85000000e+02
1.11222608e+21 2.86000000e+02
1.11879750e+21 2.87000000e+02
1.12540821e+21 2.88000000e+02
1.13205845e+21 2.89000000e+02
1.13874849e+21 2.90000000e+02
1.14547857e+21 2.91000000e+02
1.15224894e+21 2.92000000e+02
1.15905987e+21 2.93000000e+02
1.16591160e+21 2.94000000e+02
1.17280440e+21 2.95000000e+02
1.17973854e+21 2.96000000e+02
1.18671427e+21 2.97000000e+02
1.19373186e+21 2.98000000e+02
1.20079158e+21 2.99000000e+02
1.20789370e+21 3.00000000e+02
1.21503850e+21 3.01000000e+02
1.22222624e+21 3.02000000e+02
1.22945720e+21 3.03000000e+02
1.23673167e+21 3.04000000e+02
1.24404992e+21 3.05000000e+02
1.25141225e+21 3.06000000e+02
1.25881892e+21 3.07000000e+02
1.26627025e+21 3.08000000e+02
1.27376650e+21 3.09000000e+02
1.28130799e+21 3.10000000e+02
1.28889499e+21 3.11000000e+02
1.29652782e+21 3.12000000e+02
1.30420678e+21 3.13000000e+02
1.31193216e+21 3.14000000e+02
1.31970427e+21 3.15000000e+02
1.32752343e+21 3.16000000e+02
1.33538993e+21 3.17000000e+02
1.34330411e+21 3.18000000e+02
1.35126627e+21 3.19000000e+02
1.35927673e+21 3.20000000e+02
1.36733582e+21 3.21000000e+02
1.37544386e+21 3.22000000e+02
1.38360118e+21 3.23000000e+02
1.39180810e+21 3.24000000e+02
1.40006498e+21 3.25000000e+02
1.40837213e+21 3.26000000e+02
1.41672991e+21 3.27000000e+02
1.42513865e+21 3.28000000e+02
1.43359870e+21 3.29000000e+02
1.44211041e+21 3.30000000e+02
1.45067414e+21 3.31000000e+02
1.45929023e+21 3.32000000e+02
1.46795906e+21 3.33000000e+02
1.47668097e+21 3.34000000e+02
1.48545634e+21 3.35000000e+02
1.49428554e+21 3.36000000e+02
1.50316894e+21 3.37000000e+02
1.51210691e+21 3.38000000e+02
1.52109984e+21 3.39000000e+02
1.53014811e+21 3.40000000e+02
1.53925211e+21 3.41000000e+02
1.54841223e+21 3.42000000e+02
1.55762886e+21 3.43000000e+02
1.56690241e+21 3.44000000e+02
1.57623327e+21 3.45000000e+02
1.58562185e+21 3.46000000e+02
1.59506857e+21 3.47000000e+02
1.60457383e+21 3.48000000e+02
1.61413806e+21 3.49000000e+02
1.62376169e+21 3.50000000e+02
1.63344513e+21 3.51000000e+02
1.64318882e+21 3.52000000e+02
1.65299320e+21 3.53000000e+02
1.66285871e+21 3.54000000e+02
1.67278579e+21 3.55000000e+02
1.68277489e+21 3.56000000e+02
1.69282647e+21 3.57000000e+02
1.70294099e+21 3.58000000e+02
1.71311890e+21 3.59000000e+02
1.72336069e+21 3.60000000e+02
1.73366682e+21 3.61000000e+02
1.74403778e+21 3.62000000e+02
1.75447404e+21 3.63000000e+02
1.76497609e+21 3.64000000e+02
1.77554444e+21 3.65000000e+02
1.78617958e+21 3.66000000e+02
1.79688201e+21 3.67000000e+02
1.80765225e+21 3.68000000e+02
1.81849081e+21 3.69000000e+02
1.82939821e+21 3.70000000e+02
1.84037499e+21 3.71000000e+02
1.85142167e+21 3.72000000e+02
1.86253880e+21 3.73000000e+02
1.87372691e+21 3.74000000e+02
1.88498657e+21 3.75000000e+02
1.89631833e+21 3.76000000e+02
1.90772274e+21 3.77000000e+02
1.91920040e+21 3.78000000e+02
1.93075186e+21 3.79000000e+02
1.94237771e+21 3.80000000e+02
1.95407854e+21 3.81000000e+02
1.96585496e+21 3.82000000e+02
1.97770755e+21 3.83000000e+02
1.98963694e+21 3.84000000e+02
2.00164374e+21 3.85000000e+02
2.01372857e+21 3.86000000e+02
2.02589207e+21 3.87000000e+02
2.03813488e+21 3.88000000e+02
2.05045764e+21 3.89000000e+02
2.06286100e+21 3.90000000e+02
2.07534563e+21 3.91000000e+02
2.08791221e+21 3.92000000e+02
2.10056139e+21 3.93000000e+02
2.11329388e+21 3.94000000e+02
2.12611037e+21 3.95000000e+02
2.13901156e+21 3.96000000e+02
2.15199815e+21 3.97000000e+02
2.16507087e+21 3.98000000e+02
2.17823045e+21 3.99000000e+02
2.19147762e+21 4.00000000e+02
2.20481313e+21 4.01000000e+02
2.21823774e+21 4.02000000e+02
2.23175220e+21 4.03000000e+02
2.24535729e+21 4.04000000e+02
2.25905380e+21 4.05000000e+02
2.27284251e+21 4.06000000e+02
2.28672423e+21 4.07000000e+02
2.30069977e+21 4.08000000e+02
2.31476996e+21 4.09000000e+02
2.32893562e+21 4.10000000e+02
2.34319759e+21 4.11000000e+02
2.35755674e+21 4.12000000e+02
2.37201391e+21 4.13000000e+02
2.38657000e+21 4.14000000e+02
2.40122588e+21 4.15000000e+02
2.41598245e+21 4.16000000e+02
2.43084062e+21 4.17000000e+02
2.44580131e+21 4.18000000e+02
2.46086545e+21 4.19000000e+02
2.47603397e+21 4.20000000e+02
2.49130785e+21 4.21000000e+02
2.50668803e+21 4.22000000e+02
2.52217551e+21 4.23000000e+02
2.53777126e+21 4.24000000e+02
2.55347631e+21 4.25000000e+02
2.56929166e+21 4.26000000e+02
2.58521834e+21 4.27000000e+02
2.60125739e+21 4.28000000e+02
2.61740988e+21 4.29000000e+02
2.63367687e+21 4.30000000e+02
2.65005945e+21 4.31000000e+02
2.66655871e+21 4.32000000e+02
2.68317576e+21 4.33000000e+02
2.69991174e+21 4.34000000e+02
2.71676777e+21 4.35000000e+02
2.73374502e+21 4.36000000e+02
2.75084466e+21 4.37000000e+02
2.76806787e+21 4.38000000e+02
2.78541585e+21 4.39000000e+02
2.80288981e+21 4.40000000e+02
2.82049100e+21 4.41000000e+02
2.83822065e+21 4.42000000e+02
2.85608003e+21 4.43000000e+02
2.87407042e+21 4.44000000e+02
2.89219312e+21 4.45000000e+02
2.91044944e+21 4.46000000e+02
2.92884070e+21 4.47000000e+02
2.94736827e+21 4.48000000e+02
2.96603350e+21 4.49000000e+02
2.98483778e+21 4.50000000e+02
3.00378250e+21 4.51000000e+02
3.02286909e+21 4.52000000e+02
3.04209899e+21 4.53000000e+02
3.06147365e+21 4.54000000e+02
3.08099454e+21 4.55000000e+02
3.10066316e+21 4.56000000e+02
3.12048102e+21 4.57000000e+02
3.14044966e+21 4.58000000e+02
3.16057063e+21 4.59000000e+02
3.18084550e+21 4.60000000e+02
3.20127586e+21 4.61000000e+02
3.22186334e+21 4.62000000e+02
3.24260956e+21 4.63000000e+02
3.26351618e+21 4.64000000e+02
3.28458488e+21 4.65000000e+02
3.30581736e+21 4.66000000e+02
3.32721533e+21 4.67000000e+02
3.34878055e+21 4.68000000e+02
3.37051478e+21 4.69000000e+02
3.39241980e+21 4.70000000e+02
3.41449743e+21 4.71000000e+02
3.43674950e+21 4.72000000e+02
3.45917787e+21 4.73000000e+02
3.48178442e+21 4.74000000e+02
3.50457106e+21 4.75000000e+02
3.52753972e+21 4.76000000e+02
3.55069236e+21 4.77000000e+02
3.57403095e+21 4.78000000e+02
3.59755750e+21 4.79000000e+02
3.62127403e+21 4.80000000e+02
3.64518262e+21 4.81000000e+02
3.66928533e+21 4.82000000e+02
3.69358428e+21 4.83000000e+02
3.71808161e+21 4.84000000e+02
3.74277947e+21 4.85000000e+02
3.76768005e+21 4.86000000e+02
3.79278558e+21 4.87000000e+02
3.81809830e+21 4.88000000e+02
3.84362048e+21 4.89000000e+02
3.86935442e+21 4.90000000e+02
3.89530246e+21 4.91000000e+02
3.92146695e+21 4.92000000e+02
3.94785028e+21 4.93000000e+02
3.97445487e+21 4.94000000e+02
4.00128316e+21 4.95000000e+02
4.02833765e+21 4.96000000e+02
4.05562083e+21 4.97000000e+02
4.08313524e+21 4.98000000e+02
4.11088346e+21 4.99000000e+02
4.13886809e+21 5.00000000e+02
4.16709176e+21 5.01000000e+02
4.19555714e+21 5.02000000e+02
4.22426692e+21 5.03000000e+02
4.25322384e+21 5.04000000e+02
4.28243067e+21 5.05000000e+02
4.31189019e+21 5.06000000e+02
4.34160525e+21 5.07000000e+02
4.37157870e+21 5.08000000e+02
4.40181344e+21 5.09000000e+02
4.43231242e+21 5.10000000e+02
4.46307858e+21 5.11000000e+02
4.49411495e+21 5.12000000e+02
4.52542456e+21 5.13000000e+02
4.55701048e+21 5.14000000e+02
4.58887582e+21 5.15000000e+02
4.62102373e+21 5.16000000e+02
4.65345740e+21 5.17000000e+02
4.68618004e+21 5.18000000e+02
4.71919491e+21 5.19000000e+02
4.75250531e+21 5.20000000e+02
4.78611456e+21 5.21000000e+02
4.82002605e+21 5.22000000e+02
4.85424318e+21 5.23000000e+02
4.88876940e+21 5.24000000e+02
4.92360819e+21 5.25000000e+02
4.95876309e+21 5.26000000e+02
4.99423765e+21 5.27000000e+02
5.03003548e+21 5.28000000e+02
5.06616024e+21 5.29000000e+02
5.10261560e+21 5.30000000e+02
5.13940529e+21 5.31000000e+02
5.17653309e+21 5.32000000e+02
5.21400279e+21 5.33000000e+02
5.25181826e+21 5.34000000e+02
5.28998338e+21 5.35000000e+02
5.32850208e+21 5.36000000e+02
5.36737835e+21 5.37000000e+02
5.40661621e+21 5.38000000e+02
5.44621971e+21 5.39000000e+02
5.48619296e+21 5.40000000e+02
5.52654011e+21 5.41000000e+02
5.56726536e+21 5.42000000e+02
5.60837293e+21 5.43000000e+02
5.64986710e+21 5.44000000e+02
5.69175221e+21 5.45000000e+02
5.73403262e+21 5.46000000e+02
5.77671275e+21 5.47000000e+02
5.81979704e+21 5.48000000e+02
5.86329001e+21 5.49000000e+02
5.90719620e+21 5.50000000e+02
5.95152021e+21 5.51000000e+02
5.99626668e+21 5.52000000e+02
6.04144029e+21 5.53000000e+02
6.08704578e+21 5.54000000e+02
6.13308792e+21 5.55000000e+02
6.17957154e+21 5.56000000e+02
6.22650151e+21 5.57000000e+02
6.27388275e+21 5.58000000e+02
6.32172022e+21 5.59000000e+02
6.37001894e+21 5.60000000e+02
6.41878396e+21 5.61000000e+02
6.46802039e+21 5.62000000e+02
6.51773339e+21 5.63000000e+02
6.56792816e+21 5.64000000e+02
6.61860995e+21 5.65000000e+02
6.66978405e+21 5.66000000e+02
6.72145582e+21 5.67000000e+02
6.77363064e+21 5.68000000e+02
6.82631395e+21 5.69000000e+02
6.87951126e+21 5.70000000e+02
6.93322809e+21 5.71000000e+02
6.98747003e+21 5.72000000e+02
7.04224272e+21 5.73000000e+02
7.09755183e+21 5.74000000e+02
7.15340312e+21 5.75000000e+02
7.20980234e+21 5.76000000e+02
7.26675533e+21 5.77000000e+02
7.32426798e+21 5.78000000e+02
7.38234620e+21 5.79000000e+02
7.44099596e+21 5.80000000e+02
7.50022331e+21 5.81000000e+02
7.56003429e+21 5.82000000e+02
7.62043503e+21 5.83000000e+02
7.68143171e+21 5.84000000e+02
7.74303054e+21 5.85000000e+02
7.80523777e+21 5.86000000e+02
7.86805973e+21 5.87000000e+02
7.93150277e+21 5.88000000e+02
7.99557331e+21 5.89000000e+02
8.06027779e+21 5.90000000e+02
8.12562272e+21 5.91000000e+02
8.19161466e+21 5.92000000e+02
8.25826020e+21 5.93000000e+02
8.32556599e+21 5.94000000e+02
8.39353871e+21 5.95000000e+02
8.46218511e+21 5.96000000e+02
8.53151198e+21 5.97000000e+02
8.60152614e+21 5.98000000e+02
8.67223447e+21 5.99000000e+02
8.74364390e+21 6.00000000e+02
8.81576140e+21 6.01000000e+02
8.88859398e+21 6.02000000e+02
8.96214871e+21 6.03000000e+02
9.03643267e+21 6.04000000e+02
9.11145303e+21 6.05000000e+02
9.18721698e+21 6.06000000e+02
9.26373175e+21 6.07000000e+02
9.34100462e+21 6.08000000e+02
9.41904292e+21 6.09000000e+02
9.49785401e+21 6.10000000e+02
9.57744530e+21 6.11000000e+02
9.65782423e+21 6.12000000e+02
9.73899830e+21 6.13000000e+02
9.82097504e+21 6.14000000e+02
9.90376202e+21 6.15000000e+02
9.98736684e+21 6.16000000e+02
1.00717972e+22 6.17000000e+02
1.01570607e+22 6.18000000e+02
1.02431651e+22 6.19000000e+02
1.03301183e+22 6.20000000e+02
1.04179279e+22 6.21000000e+02
1.05066018e+22 6.22000000e+02
1.05961479e+22 6.23000000e+02
1.06865742e+22 6.24000000e+02
1.07778885e+22 6.25000000e+02
1.08700988e+22 6.26000000e+02
1.09632132e+22 6.27000000e+02
1.10572397e+22 6.28000000e+02
1.11521864e+22 6.29000000e+02
1.12480614e+22 6.30000000e+02
1.13448727e+22 6.31000000e+02
1.14426287e+22 6.32000000e+02
1.15413375e+22 6.33000000e+02
1.16410072e+22 6.34000000e+02
1.17416463e+22 6.35000000e+02
1.18432629e+22 6.36000000e+02
1.19458654e+22 6.37000000e+02
1.20494620e+22 6.38000000e+02
1.21540613e+22 6.39000000e+02
1.22596714e+22 6.40000000e+02
1.23663009e+22 6.41000000e+02
1.24739581e+22 6.42000000e+02
1.25826516e+22 6.43000000e+02
1.26923897e+22 6.44000000e+02
1.28031809e+22 6.45000000e+02
1.29150338e+22 6.46000000e+02
1.30279568e+22 6.47000000e+02
1.31419585e+22 6.48000000e+02
1.32570475e+22 6.49000000e+02
1.33732322e+22 6.50000000e+02
1.34905213e+22 6.51000000e+02
1.36089233e+22 6.52000000e+02
1.37284469e+22 6.53000000e+02
1.38491006e+22 6.54000000e+02
1.39708930e+22 6.55000000e+02
1.40938328e+22 6.56000000e+02
1.42179286e+22 6.57000000e+02
1.43431889e+22 6.58000000e+02
1.44696225e+22 6.59000000e+02
5.45972379e+22 6.60000000e+02
5.46671311e+22 6.61000000e+02
5.47378763e+22 6.62000000e+02
5.48094802e+22 6.63000000e+02
5.48819492e+22 6.64000000e+02
5.49552899e+22 6.65000000e+02
5.50295089e+22 6.66000000e+02
5.51046126e+22 6.67000000e+02
5.51806076e+22 6.68000000e+02
5.52575002e+22 6.69000000e+02
5.53352970e+22 6.70000000e+02
5.54140044e+22 6.71000000e+02
5.54936287e+22 6.72000000e+02
5.55741763e+22 6.73000000e+02
5.56556536e+22 6.74000000e+02
5.57380667e+22 6.75000000e+02
5.58214220e+22 6.76000000e+02
5.59057257e+22 6.77000000e+02
5.59909840e+22 6.78000000e+02
5.60772030e+22 6.79000000e+02
5.61643889e+22 6.80000000e+02
5.62525477e+22 6.81000000e+02
5.63416854e+22 6.82000000e+02
5.64318080e+22 6.83000000e+02
5.65229214e+22 6.84000000e+02
5.66150315e+22 6.85000000e+02
5.67081442e+22 6.86000000e+02
5.68022652e+22 6.87000000e+02
5.68974002e+22 6.88000000e+02
5.69935550e+22 6.89000000e+02
5.70907350e+22 6.90000000e+02
5.71889460e+22 6.91000000e+02
5.72881932e+22 6.92000000e+02
5.73884823e+22 6.93000000e+02
5.74898185e+22 6.94000000e+02
5.75922071e+22 6.95000000e+02
5.76956534e+22 6.96000000e+02
5.78001625e+22 6.97000000e+02
5.79057394e+22 6.98000000e+02
5.80123893e+22 6.99000000e+02
5.81201170e+22 7.00000000e+02
5.82289274e+22 7.01000000e+02
5.83388252e+22 7.02000000e+02
5.84498151e+22 7.03000000e+02
5.85619018e+22 7.04000000e+02
5.86750898e+22 7.05000000e+02
5.87893834e+22 7.06000000e+02
5.89047871e+22 7.07000000e+02
5.90213050e+22 7.08000000e+02
5.91389414e+22 7.09000000e+02
5.92577003e+22 7.10000000e+02
5.93775857e+22 7.11000000e+02
5.94986014e+22 7.12000000e+02
5.96207511e+22 7.13000000e+02
5.97440386e+22 7.14000000e+02
5.98684674e+22 7.15000000e+02
5.99940409e+22 7.16000000e+02
6.01207625e+22 7.17000000e+02
6.02486354e+22 7.18000000e+02
6.03776626e+22 7.19000000e+02
6.05078473e+22 7.20000000e+02
6.06391922e+22 7.21000000e+02
6.07717002e+22 7.22000000e+02
6.09053738e+22 7.23000000e+02
6.10402155e+22 7.24000000e+02
6.11762278e+22 7.25000000e+02
6.13134129e+22 7.26000000e+02
6.14517730e+22 7.27000000e+02
6.15913099e+22 7.28000000e+02
6.17320257e+22 7.29000000e+02
6.18739219e+22 7.30000000e+02
6.20170003e+22 7.31000000e+02
6.21612622e+22 7.32000000e+02
6.23067090e+22 7.33000000e+02
6.24533418e+22 7.34000000e+02
6.26011617e+22 7.35000000e+02
6.27501695e+22 7.36000000e+02
6.29003659e+22 7.37000000e+02
6.30517515e+22 7.38000000e+02
6.32043268e+22 7.39000000e+02
6.33580920e+22 7.40000000e+02
6.35130471e+22 7.41000000e+02
6.36691923e+22 7.42000000e+02
6.38265272e+22 7.43000000e+02
6.39850515e+22 7.44000000e+02
6.41447646e+22 7.45000000e+02
6.43056659e+22 7.46000000e+02
6.44677544e+22 7.47000000e+02
6.46310292e+22 7.48000000e+02
6.47954890e+22 7.49000000e+02
6.49611325e+22 7.50000000e+02
6.51279581e+22 7.51000000e+02
6.52959641e+22 7.52000000e+02
6.54651485e+22 7.53000000e+02
6.56355093e+22 7.54000000e+02
6.58070442e+22 7.55000000e+02
6.59797507e+22 7.56000000e+02
6.61536263e+22 7.57000000e+02
6.63286681e+22 7.58000000e+02
6.65048730e+22 7.59000000e+02
6.66822380e+22 7.60000000e+02
6.68607596e+22 7.61000000e+02
6.70404343e+22 7.62000000e+02
6.72212582e+22 7.63000000e+02
6.74032274e+22 7.64000000e+02
6.75863378e+22 7.65000000e+02
6.77705850e+22 7.66000000e+02
6.79559644e+22 7.67000000e+02
6.81424714e+22 7.68000000e+02
6.83301008e+22 7.69000000e+02
6.85188477e+22 7.70000000e+02
6.87087066e+22 7.71000000e+02
6.88996719e+22 7.72000000e+02
6.90917379e+22 7.73000000e+02
6.92848987e+22 7.74000000e+02
6.94791480e+22 7.75000000e+02
6.96744795e+22 7.76000000e+02
6.98708866e+22 7.77000000e+02
7.00683623e+22 7.78000000e+02
7.02668999e+22 7.79000000e+02
7.04664919e+22 7.80000000e+02
7.06671310e+22 7.81000000e+02
7.08688094e+22 7.82000000e+02
7.10715195e+22 7.83000000e+02
7.12752529e+22 7.84000000e+02
7.14800015e+22 7.85000000e+02
7.16857567e+22 7.86000000e+02
7.18925098e+22 7.87000000e+02
7.21002519e+22 7.88000000e+02
7.23089737e+22 7.89000000e+02
7.25186659e+22 7.90000000e+02
7.27293189e+22 7.91000000e+02
7.29409229e+22 7.92000000e+02
7.31534677e+22 7.93000000e+02
7.33669432e+22 7.94000000e+02
7.35813389e+22 7.95000000e+02
7.37966440e+22 7.96000000e+02
7.40128477e+22 7.97000000e+02
7.42299387e+22 7.98000000e+02
7.44479059e+22 7.99000000e+02
7.46667374e+22 8.00000000e+02
7.48864217e+22 8.01000000e+02
7.51069465e+22 8.02000000e+02
7.53282998e+22 8.03000000e+02
7.55504690e+22 8.04000000e+02
7.57734415e+22 8.05000000e+02
7.59972043e+22 8.06000000e+02
7.62217444e+22 8.07000000e+02
7.64470484e+22 8.08000000e+02
7.66731028e+22 8.09000000e+02
7.68998938e+22 8.10000000e+02
7.71274075e+22 8.11000000e+02
7.73556295e+22 8.12000000e+02
7.75845456e+22 8.13000000e+02
7.78141410e+22 8.14000000e+02
7.80444011e+22 8.15000000e+02
7.82753106e+22 8.16000000e+02
7.85068544e+22 8.17000000e+02
7.87390169e+22 8.18000000e+02
7.89717825e+22 8.19000000e+02
7.92051354e+22 8.20000000e+02
7.94390593e+22 8.21000000e+02
7.96735380e+22 8.22000000e+02
7.99085551e+22 8.23000000e+02
8.01440937e+22 8.24000000e+02
8.03801370e+22 8.25000000e+02
8.06166679e+22 8.26000000e+02
8.08536690e+22 8.27000000e+02
8.10911229e+22 8.28000000e+02
8.13290118e+22 8.29000000e+02
8.15673178e+22 8.30000000e+02
8.18060230e+22 8.31000000e+02
8.20451089e+22 8.32000000e+02
8.22845571e+22 8.33000000e+02
8.25243489e+22 8.34000000e+02
8.27644656e+22 8.35000000e+02
8.30048881e+22 8.36000000e+02
8.32455971e+22 8.37000000e+02
8.34865733e+22 8.38000000e+02
8.37277972e+22 8.39000000e+02
8.39692490e+22 8.40000000e+02
8.42109087e+22 8.41000000e+02
8.44527564e+22 8.42000000e+02
8.46947718e+22 8.43000000e+02
8.49369344e+22 8.44000000e+02
8.51792237e+22 8.45000000e+02
8.54216190e+22 8.46000000e+02
8.56640993e+22 8.47000000e+02
8.59066437e+22 8.48000000e+02
8.61492309e+22 8.49000000e+02
8.63918396e+22 8.50000000e+02
8.66344482e+22 8.51000000e+02
8.68770353e+22 8.52000000e+02
8.71195789e+22 8.53000000e+02
8.73620571e+22 8.54000000e+02
8.76044480e+22 8.55000000e+02
8.78467292e+22 8.56000000e+02
8.80888786e+22 8.57000000e+02
8.83308737e+22 8.58000000e+02
8.85726919e+22 8.59000000e+02
8.88143105e+22 8.60000000e+02
8.90557068e+22 8.61000000e+02
8.92968578e+22 8.62000000e+02
8.95377406e+22 8.63000000e+02
8.97783319e+22 8.64000000e+02
9.00186087e+22 8.65000000e+02
9.02585474e+22 8.66000000e+02
9.04981249e+22 8.67000000e+02
9.07373174e+22 8.68000000e+02
9.09761015e+22 8.69000000e+02
9.12144534e+22 8.70000000e+02
9.14523495e+22 8.71000000e+02
9.16897658e+22 8.72000000e+02
9.19266784e+22 8.73000000e+02
9.21630634e+22 8.74000000e+02
9.23988967e+22 8.75000000e+02
9.26341542e+22 8.76000000e+02
9.28688117e+22 8.77000000e+02
9.31028451e+22 8.78000000e+02
9.33362300e+22 8.79000000e+02
9.35689422e+22 8.80000000e+02
9.38009573e+22 8.81000000e+02
9.40322509e+22 8.82000000e+02
9.42627985e+22 8.83000000e+02
9.44925758e+22 8.84000000e+02
9.47215583e+22 8.85000000e+02
9.49497214e+22 8.86000000e+02
9.51770406e+22 8.87000000e+02
9.54034915e+22 8.88000000e+02
9.56290494e+22 8.89000000e+02
9.58536899e+22 8.90000000e+02
9.60773884e+22 8.91000000e+02
9.63001204e+22 8.92000000e+02
9.65218614e+22 8.93000000e+02
9.67425869e+22 8.94000000e+02
9.69622723e+22 8.95000000e+02
9.71808933e+22 8.96000000e+02
9.73984253e+22 8.97000000e+02
9.76148440e+22 8.98000000e+02
9.78301251e+22 8.99000000e+02
9.80442442e+22 9.00000000e+02
9.82571770e+22 9.01000000e+02
9.84688993e+22 9.02000000e+02
9.86793869e+22 9.03000000e+02
9.88886157e+22 9.04000000e+02
9.90965617e+22 9.05000000e+02
9.93032009e+22 9.06000000e+02
9.95085094e+22 9.07000000e+02
9.97124634e+22 9.08000000e+02
9.99150390e+22 9.09000000e+02
1.00116213e+23 9.10000000e+02
1.00315961e+23 9.11000000e+02
1.00514260e+23 9.12000000e+02
1.00711087e+23 9.13000000e+02
1.00906418e+23 9.14000000e+02
1.01100230e+23 9.15000000e+02
1.01292501e+23 9.16000000e+02
1.01483207e+23 9.17000000e+02
1.01672325e+23 9.18000000e+02
1.01859833e+23 9.19000000e+02
1.02045708e+23 9.20000000e+02
1.02229928e+23 9.21000000e+02
1.02412471e+23 9.22000000e+02
1.02593314e+23 9.23000000e+02
1.02772436e+23 9.24000000e+02
1.02949814e+23 9.25000000e+02
1.03125427e+23 9.26000000e+02
1.03299254e+23 9.27000000e+02
1.03471273e+23 9.28000000e+02
1.03641463e+23 9.29000000e+02
1.03809804e+23 9.30000000e+02
1.03976273e+23 9.31000000e+02
1.04140851e+23 9.32000000e+02
1.04303518e+23 9.33000000e+02
1.04464252e+23 9.34000000e+02
1.04623035e+23 9.35000000e+02
1.04779845e+23 9.36000000e+02
1.04934665e+23 9.37000000e+02
1.05087473e+23 9.38000000e+02
1.05238251e+23 9.39000000e+02
1.05386981e+23 9.40000000e+02
1.05533642e+23 9.41000000e+02
1.05678218e+23 9.42000000e+02
1.05820688e+23 9.43000000e+02
1.05961037e+23 9.44000000e+02
1.06099244e+23 9.45000000e+02
1.06235294e+23 9.46000000e+02
1.06369168e+23 9.47000000e+02
1.06500849e+23 9.48000000e+02
1.06630322e+23 9.49000000e+02
1.06757568e+23 9.50000000e+02
1.06882572e+23 9.51000000e+02
1.07005318e+23 9.52000000e+02
1.07125790e+23 9.53000000e+02
1.07243972e+23 9.54000000e+02
1.07359849e+23 9.55000000e+02
1.07473406e+23 9.56000000e+02
1.07584629e+23 9.57000000e+02
1.07693503e+23 9.58000000e+02
1.07800013e+23 9.59000000e+02
1.07904147e+23 9.60000000e+02
1.08005890e+23 9.61000000e+02
1.08105230e+23 9.62000000e+02
1.08202153e+23 9.63000000e+02
1.08296646e+23 9.64000000e+02
1.08388698e+23 9.65000000e+02
1.08478296e+23 9.66000000e+02
1.08565428e+23 9.67000000e+02
1.08650084e+23 9.68000000e+02
1.08732252e+23 9.69000000e+02
1.08811920e+23 9.70000000e+02
1.08889080e+23 9.71000000e+02
1.08963720e+23 9.72000000e+02
1.09035831e+23 9.73000000e+02
1.09105403e+23 9.74000000e+02
1.09172427e+23 9.75000000e+02
1.09236894e+23 9.76000000e+02
1.09298796e+23 9.77000000e+02
1.09358125e+23 9.78000000e+02
1.09414872e+23 9.79000000e+02
1.09469030e+23 9.80000000e+02
1.09520592e+23 9.81000000e+02
1.09569551e+23 9.82000000e+02
1.09615901e+23 9.83000000e+02
1.09659636e+23 9.84000000e+02
1.09700749e+23 9.85000000e+02
1.09739235e+23 9.86000000e+02
1.09775089e+23 9.87000000e+02
1.09808307e+23 9.88000000e+02
1.09838883e+23 9.89000000e+02
1.09866815e+23 9.90000000e+02
1.09892097e+23 9.91000000e+02
1.09914727e+23 9.92000000e+02
1.09934702e+23 9.93000000e+02
1.09952019e+23 9.94000000e+02
1.09966676e+23 9.95000000e+02
1.09978670e+23 9.96000000e+02
1.09988001e+23 9.97000000e+02
1.09994667e+23 9.98000000e+02
1.09998667e+23 9.99000000e+02
1.10000000e+23 1.00000000e+03
1.09998667e+23 1.00100000e+03
1.09994667e+23 1.00200000e+03
1.09988001e+23 1.00300000e+03
1.09978670e+23 1.00400000e+03
1.09966676e+23 1.00500000e+03
1.09952019e+23 1.00600000e+03
1.09934702e+23 1.00700000e+03
1.09914727e+23 1.00800000e+03
1.09892097e+23 1.00900000e+03
1.09866815e+23 1.01000000e+03
1.09838883e+23 1.01100000e+03
1.09808307e+23 1.01200000e+03
1.09775089e+23 1.01300000e+03
1.09739235e+23 1.01400000e+03
1.09700749e+23 1.01500000e+03
1.09659636e+23 1.01600000e+03
1.09615901e+23 1.01700000e+03
1.09569551e+23 1.01800000e+03
1.09520592e+23 1.01900000e+03
1.09469030e+23 1.02000000e+03
1.09414872e+23 1.02100000e+03
1.09358125e+23 1.02200000e+03
1.09298796e+23 1.02300000e+03
1.09236894e+23 1.02400000e+03
1.09172427e+23 1.02500000e+03
1.09105403e+23 1.02600000e+03
1.09035831e+23 1.02700000e+03
1.08963720e+23 1.02800000e+03
1.08889080e+23 1.02900000e+03
1.08811920e+23 1.03000000e+03
1.08732252e+23 1.03100000e+03
1.08650084e+23 1.03200000e+03
1.08565428e+23 1.03300000e+03
1.08478296e+23 1.03400000e+03
1.08388698e+23 1.03500000e+03
1.08296646e+23 1.03600000e+03
1.08202153e+23 1.03700000e+03
1.08105230e+23 1.03800000e+03
1.08005890e+23 1.03900000e+03
1.07904147e+23 1.04000000e+03
1.07800013e+23 1.04100000e+03
1.07693503e+23 1.04200000e+03
1.07584629e+23 1.04300000e+03
1.07473406e+23 1.04400000e+03
1.07359849e+23 1.04500000e+03
1.07243972e+23 1.04600000e+03
1.07125790e+23 1.04700000e+03
1.07005318e+23 1.04800000e+03
1.06882572e+23 1.04900000e+03
1.06757568e+23 1.05000000e+03
1.06630322e+23 1.05100000e+03
1.06500849e+23 1.05200000e+03
1.06369168e+23 1.05300000e+03
1.06235294e+23 1.05400000e+03
1.06099244e+23 1.05500000e+03
1.05961037e+23 1.05600000e+03
1.05820688e+23 1.05700000e+03
1.05678218e+23 1.05800000e+03
1.05533642e+23 1.05900000e+03
1.05386981e+23 1.06000000e+03
1.05238251e+23 1.06100000e+03
1.05087473e+23 1.06200000e+03
1.04934665e+23 1.06300000e+03
1.04779845e+23 1.06400000e+03
1.04623035e+23 1.06500000e+03
1.04464252e+23 1.06600000e+03
1.04303518e+23 1.06700000e+03
1.04140851e+23 1.06800000e+03
1.03976273e+23 1.06900000e+03
1.03809804e+23 1.07000000e+03
1.03641463e+23 1.07100000e+03
1.03471273e+23 1.07200000e+03
1.03299254e+23 1.07300000e+03
1.03125427e+23 1.07400000e+03
1.02949814e+23 1.07500000e+03
1.02772436e+23 1.07600000e+03
1.02593314e+23 1.07700000e+03
1.02412471e+23 1.07800000e+03
1.02229928e+23 1.07900000e+03
1.02045708e+23 1.08000000e+03
1.01859833e+23 1.08100000e+03
1.01672325e+23 1.08200000e+03
1.01483207e+23 1.08300000e+03
1.01292501e+23 1.08400000e+03
1.01100230e+23 1.08500000e+03
1.00906418e+23 1.08600000e+03
1.00711087e+23 1.08700000e+03
1.00514260e+23 1.08800000e+03
1.00315961e+23 1.08900000e+03
1.00116213e+23 1.09000000e+03
9.99150390e+22 1.09100000e+03
9.97124634e+22 1.09200000e+03
9.95085094e+22 1.09300000e+03
9.93032009e+22 1.09400000e+03
9.90965617e+22 1.09500000e+03
9.88886157e+22 1.09600000e+03
9.86793869e+22 1.09700000e+03
9.84688993e+22 1.09800000e+03
9.82571770e+22 1.09900000e+03
9.80442442e+22 1.10000000e+03
9.78301251e+22 1.10100000e+03
9.76148440e+22 1.10200000e+03
9.73984253e+22 1.10300000e+03
9.71808933e+22 1.10400000e+03
9.69622723e+22 1.10500000e+03
9.67425869e+22 1.10600000e+03
9.65218614e+22 1.10700000e+03
9.63001204e+22 1.10800000e+03
9.60773884e+22 1.10900000e+03
9.58536899e+22 1.11000000e+03
9.56290494e+22 1.11100000e+03
9.54034915e+22 1.11200000e+03
9.51770406e+22 1.11300000e+03
9.49497214e+22 1.11400000e+03
9.47215583e+22 1.11500000e+03
9.44925758e+22 1.11600000e+03
9.42627985e+22 1.11700000e+03
9.40322509e+22 1.11800000e+03
9.38009573e+22 1.11900000e+03
9.35689422e+22 1.12000000e+03
9.33362300e+22 1.12100000e+03
9.31028451e+22 1.12200000e+03
9.28688117e+22 1.12300000e+03
9.26341542e+22 1.12400000e+03
9.23988967e+22 1.12500000e+03
9.21630634e+22 1.12600000e+03
9.19266784e+22 1.12700000e+03
9.16897658e+22 1.12800000e+03
9.14523495e+22 1.12900000e+03
9.12144534e+22 1.13000000e+03
9.09761015e+22 1.13100000e+03
9.07373174e+22 1.13200000e+03
9.04981249e+22 1.13300000e+03
9.02585474e+22 1.13400000e+03
9.00186087e+22 1.13500000e+03
8.97783319e+22 1.13600000e+03
8.95377406e+22 1.13700000e+03
8.92968578e+22 1.13800000e+03
8.90557068e+22 1.13900000e+03
8.88143105e+22 1.14000000e+03
8.85726919e+22 1.14100000e+03
8.83308737e+22 1.14200000e+03
8.80888786e+22 1.14300000e+03
8.78467292e+22 1.14400000e+03
8.76044480e+22 1.14500000e+03
8.73620571e+22 1.14600000e+03
8.71195789e+22 1.14700000e+03
8.68770353e+22 1.14800000e+03
8.66344482e+22 1.14900000e+03
8.63918396e+22 1.15000000e+03
8.61492309e+22 1.15100000e+03
8.59066437e+22 1.15200000e+03
8.56640993e+22 1.15300000e+03
8.54216190e+22 1.15400000e+03
8.51792237e+22 1.15500000e+03
8.49369344e+22 1.15600000e+03
8.46947718e+22 1.15700000e+03
8.44527564e+22 1.15800000e+03
8.42109087e+22 1.15900000e+03
8.39692490e+22 1.16000000e+03
8.37277972e+22 1.16100000e+03
8.34865733e+22 1.16200000e+03
8.32455971e+22 1.16300000e+03
8.30048881e+22 1.16400000e+03
8.27644656e+22 1.16500000e+03
8.25243489e+22 1.16600000e+03
8.22845571e+22 1.16700000e+03
8.20451089e+22 1.16800000e+03
8.18060230e+22 1.16900000e+03
8.15673178e+22 1.17000000e+03
8.13290118e+22 1.17100000e+03
8.10911229e+22 1.17200000e+03
8.08536690e+22 1.17300000e+03
8.06166679e+22 1.17400000e+03
8.03801370e+22 1.17500000e+03
8.01440937e+22 1.17600000e+03
7.99085551e+22 1.17700000e+03
7.96735380e+22 1.17800000e+03
7.94390593e+22 1.17900000e+03
7.92051354e+22 1.18000000e+03
7.89717825e+22 1.18100000e+03
7.87390169e+22 1.18200000e+03
7.85068544e+22 1.18300000e+03
7.82753106e+22 1.18400000e+03
7.80444011e+22 1.18500000e+03
7.78141410e+22 1.18600000e+03
7.75845456e+22 1.18700000e+03
7.73556295e+22 1.18800000e+03
7.71274075e+22 1.18900000e+03
7.68998938e+22 1.19000000e+03
7.66731028e+22 1.19100000e+03
7.64470484e+22 1.19200000e+03
7.62217444e+22 1.19300000e+03
7.59972043e+22 1.19400000e+03
7.57734415e+22 1.19500000e+03
7.55504690e+22 1.19600000e+03
7.53282998e+22 1.19700000e+03
7.51069465e+22 1.19800000e+03
7.48864217e+22 1.19900000e+03
7.46667374e+22 1.20000000e+03
7.44479059e+22 1.20100000e+03
7.42299387e+22 1.20200000e+03
7.40128477e+22 1.20300000e+03
7.37966440e+22 1.20400000e+03
7.35813389e+22 1.20500000e+03
7.33669432e+22 1.20600000e+03
7.31534677e+22 1.20700000e+03
7.29409229e+22 1.20800000e+03
7.27293189e+22 1.20900000e+03
7.25186659e+22 1.21000000e+03
7.23089737e+22 1.21100000e+03
7.21002519e+22 1.21200000e+03
7.18925098e+22 1.21300000e+03
7.16857567e+22 1.21400000e+03
7.14800015e+22 1.21500000e+03
7.12752529e+22 1.21600000e+03
7.10715195e+22 1.21700000e+03
7.08688094e+22 1.21800000e+03
7.06671310e+22 1.21900000e+03
7.04664919e+22 1.22000000e+03
7.02668999e+22 1.22100000e+03
7.00683623e+22 1.22200000e+03
6.98708866e+22 1.22300000e+03
6.96744795e+22 1.22400000e+03
6.94791480e+22 1.22500000e+03
6.92848987e+22 1.22600000e+03
6.90917379e+22 1.22700000e+03
6.88996719e+22 1.22800000e+03
6.87087066e+22 1.22900000e+03
6.85188477e+22 1.23000000e+03
6.83301008e+22 1.23100000e+03
6.81424714e+22 1.23200000e+03
6.79559644e+22 1.23300000e+03
6.77705850e+22 1.23400000e+03
6.75863378e+22 1.23500000e+03
6.74032274e+22 1.23600000e+03
6.72212582e+22 1.23700000e+03
6.70404343e+22 1.23800000e+03
6.68607596e+22 1.23900000e+03
6.66822380e+22 1.24000000e+03
6.65048730e+22 1.24100000e+03
6.63286681e+22 1.24200000e+03
6.61536263e+22 1.24300000e+03
6.59797507e+22 1.24400000e+03
6.58070442e+22 1.24500000e+03
6.56355093e+22 1.24600000e+03
6.54651485e+22 1.24700000e+03
6.52959641e+22 1.24800000e+03
6.51279581e+22 1.24900000e+03
6.49611325e+22 1.25000000e+03
6.47954890e+22 1.25100000e+03
6.46310292e+22 1.25200000e+03
6.44677544e+22 1.25300000e+03
6.43056659e+22 1.25400000e+03
6.41447646e+22 1.25500000e+03
6.39850515e+22 1.25600000e+03
6.38265272e+22 1.25700000e+03
6.36691923e+22 1.25800000e+03
6.35130471e+22 1.25900000e+03
6.33580920e+22 1.26000000e+03
6.32043268e+22 1.26100000e+03
6.30517515e+22 1.26200000e+03
6.29003659e+22 1.26300000e+03
6.27501695e+22 1.26400000e+03
6.26011617e+22 1.26500000e+03
6.24533418e+22 1.26600000e+03
6.23067090e+22 1.26700000e+03
6.21612622e+22 1.26800000e+03
6.20170003e+22 1.26900000e+03
6.18739219e+22 1.27000000e+03
6.17320257e+22 1.27100000e+03
6.15913099e+22 1.27200000e+03
6.14517730e+22 1.27300000e+03
6.13134129e+22 1.27400000e+03
6.11762278e+22 1.27500000e+03
6.10402155e+22 1.27600000e+03
6.09053738e+22 1.27700000e+03
6.07717002e+22 1.27800000e+03
6.06391922e+22 1.27900000e+03
6.05078473e+22 1.28000000e+03
6.03776626e+22 1.28100000e+03
6.02486354e+22 1.28200000e+03
6.01207625e+22 1.28300000e+03
5.99940409e+22 1.28400000e+03
5.98684674e+22 1.28500000e+03
5.97440386e+22 1.28600000e+03
5.96207511e+22 1.28700000e+03
5.94986014e+22 1.28800000e+03
5.93775857e+22 1.28900000e+03
5.92577003e+22 1.29000000e+03
5.91389414e+22 1.29100000e+03
5.90213050e+22 1.29200000e+03
5.89047871e+22 1.29300000e+03
5.87893834e+22 1.29400000e+03
5.86750898e+22 1.29500000e+03
5.85619018e+22 1.29600000e+03
5.84498151e+22 1.29700000e+03
5.83388252e+22 1.29800000e+03
5.82289274e+22 1.29900000e+03
5.81201170e+22 1.30000000e+03
5.80123893e+22 1.30100000e+03
5.79057394e+22 1.30200000e+03
5.78001625e+22 1.30300000e+03
5.76956534e+22 1.30400000e+03
5.75922071e+22 1.30500000e+03
5.74898185e+22 1.30600000e+03
5.73884823e+22 1.30700000e+03
5.72881932e+22 1.30800000e+03
5.71889460e+22 1.30900000e+03
5.70907350e+22 1.31000000e+03
5.69935550e+22 1.31100000e+03
5.68974002e+22 1.31200000e+03
5.68022652e+22 1.31300000e+03
5.67081442e+22 1.31400000e+03
5.66150315e+22 1.31500000e+03
5.65229214e+22 1.31600000e+03
5.64318080e+22 1.31700000e+03
5.63416854e+22 1.31800000e+03
5.62525477e+22 1.31900000e+03
5.61643889e+22 1.32000000e+03
5.60772030e+22 1.32100000e+03
5.59909840e+22 1.32200000e+03
5.59057257e+22 1.32300000e+03
5.58214220e+22 1.32400000e+03
5.57380667e+22 1.32500000e+03
5.56556536e+22 1.32600000e+03
5.55741763e+22 1.32700000e+03
5.54936287e+22 1.32800000e+03
5.54140044e+22 1.32900000e+03
5.53352970e+22 1.33000000e+03
5.52575002e+22 1.33100000e+03
5.51806076e+22 1.33200000e+03
5.51046126e+22 1.33300000e+03
5.50295089e+22 1.33400000e+03
5.49552899e+22 1.33500000e+03
5.48819492e+22 1.33600000e+03
5.48094802e+22 1.33700000e+03
5.47378763e+22 1.33800000e+03
5.46671311e+22 1.33900000e+03
5.45972379e+22 1.34000000e+03
5.45281902e+22 1.34100000e+03
5.44599813e+22 1.34200000e+03
5.43926045e+22 1.34300000e+03
5.43260534e+22 1.34400000e+03
5.42603212e+22 1.34500000e+03
5.41954013e+22 1.34600000e+03
5.41312871e+22 1.34700000e+03
5.40679719e+22 1.34800000e+03
5.40054490e+22 1.34900000e+03
5.39437117e+22 1.35000000e+03
5.38827535e+22 1.35100000e+03
5.38225676e+22 1.35200000e+03
5.37631474e+22 1.35300000e+03
5.37044862e+22 1.35400000e+03
5.36465773e+22 1.35500000e+03
5.35894142e+22 1.35600000e+03
5.35329901e+22 1.35700000e+03
5.34772984e+22 1.35800000e+03
5.34223325e+22 1.35900000e+03
5.33680858e+22 1.36000000e+03
5.33145516e+22 1.36100000e+03
5.32617233e+22 1.36200000e+03
5.32095944e+22 1.36300000e+03
5.31581582e+22 1.36400000e+03
5.31074082e+22 1.36500000e+03
5.30573379e+22 1.36600000e+03
5.30079406e+22 1.36700000e+03
5.29592100e+22 1.36800000e+03
5.29111394e+22 1.36900000e+03
5.28637225e+22 1.37000000e+03
5.28169526e+22 1.37100000e+03
5.27708235e+22 1.37200000e+03
5.27253286e+22 1.37300000e+03
5.26804616e+22 1.37400000e+03
5.26362160e+22 1.37500000e+03
5.25925856e+22 1.37600000e+03
5.25495639e+22 1.37700000e+03
5.25071448e+22 1.37800000e+03
5.24653218e+22 1.37900000e+03
5.24240887e+22 1.38000000e+03
5.23834394e+22 1.38100000e+03
5.23433675e+22 1.38200000e+03
5.23038670e+22 1.38300000e+03
5.22649316e+22 1.38400000e+03
5.22265553e+22 1.38500000e+03
5.21887319e+22 1.38600000e+03
5.21514554e+22 1.38700000e+03
5.21147198e+22 1.38800000e+03
5.20785191e+22 1.38900000e+03
5.20428473e+22 1.39000000e+03
5.20076984e+22 1.39100000e+03
5.19730666e+22 1.39200000e+03
5.19389461e+22 1.39300000e+03
5.19053309e+22 1.39400000e+03
5.18722152e+22 1.39500000e+03
5.18395934e+22 1.39600000e+03
5.18074596e+22 1.39700000e+03
5.17758083e+22 1.39800000e+03
5.17446336e+22 1.39900000e+03
5.17139300e+22 1.40000000e+03
5.16836920e+22 1.40100000e+03
5.16539139e+22 1.40200000e+03
5.16245903e+22 1.40300000e+03
5.15957157e+22 1.40400000e+03
5.15672846e+22 1.40500000e+03
5.15392916e+22 1.40600000e+03
5.15117315e+22 1.40700000e+03
5.14845988e+22 1.40800000e+03
5.14578883e+22 1.40900000e+03
5.14315947e+22 1.41000000e+03
5.14057129e+22 1.41100000e+03
5.13802376e+22 1.41200000e+03
5.13551638e+22 1.41300000e+03
5.13304864e+22 1.41400000e+03
5.13062002e+22 1.41500000e+03
5.12823004e+22 1.41600000e+03
5.12587820e+22 1.41700000e+03
5.12356399e+22 1.41800000e+03
5.12128695e+22 1.41900000e+03
5.11904657e+22 1.42000000e+03
5.11684238e+22 1.42100000e+03
5.11467391e+22 1.42200000e+03
5.11254068e+22 1.42300000e+03
5.11044222e+22 1.42400000e+03
5.10837808e+22 1.42500000e+03
5.10634779e+22 1.42600000e+03
5.10435089e+22 1.42700000e+03
5.10238694e+22 1.42800000e+03
5.10045549e+22 1.42900000e+03
5.09855609e+22 1.43000000e+03
5.09668831e+22 1.43100000e+03
5.09485171e+22 1.43200000e+03
5.09304586e+22 1.43300000e+03
5.09127034e+22 1.43400000e+03
5.08952472e+22 1.43500000e+03
5.08780858e+22 1.43600000e+03
5.08612151e+22 1.43700000e+03
5.08446310e+22 1.43800000e+03
5.08283294e+22 1.43900000e+03
5.08123064e+22 1.44000000e+03
5.07965579e+22 1.44100000e+03
5.07810800e+22 1.44200000e+03
5.07658689e+22 1.44300000e+03
5.07509205e+22 1.44400000e+03
5.07362313e+22 1.44500000e+03
5.07217973e+22 1.44600000e+03
5.07076148e+22 1.44700000e+03
5.06936801e+22 1.44800000e+03
5.06799897e+22 1.44900000e+03
5.06665398e+22 1.45000000e+03
5.06533269e+22 1.45100000e+03
5.06403475e+22 1.45200000e+03
5.06275980e+22 1.45300000e+03
5.06150750e+22 1.45400000e+03
5.06027752e+22 1.45500000e+03
5.05906950e+22 1.45600000e+03
5.05788312e+22 1.45700000e+03
5.05671805e+22 1.45800000e+03
5.05557396e+22 1.45900000e+03
5.05445053e+22 1.46000000e+03
5.05334743e+22 1.46100000e+03
5.05226436e+22 1.46200000e+03
5.05120101e+22 1.46300000e+03
5.05015706e+22 1.46400000e+03
5.04913221e+22 1.46500000e+03
5.04812616e+22 1.46600000e+03
5.04713862e+22 1.46700000e+03
5.04616928e+22 1.46800000e+03
5.04521788e+22 1.46900000e+03
5.04428411e+22 1.47000000e+03
5.04336769e+22 1.47100000e+03
5.04246835e+22 1.47200000e+03
5.04158582e+22 1.47300000e+03
5.04071981e+22 1.47400000e+03
5.03987007e+22 1.47500000e+03
5.03903632e+22 1.47600000e+03
5.03821831e+22 1.47700000e+03
5.03741578e+22 1.47800000e+03
5.03662847e+22 1.47900000e+03
5.03585614e+22 1.48000000e+03
5.03509853e+22 1.48100000e+03
5.03435540e+22 1.48200000e+03
5.03362651e+22 1.48300000e+03
5.03291162e+22 1.48400000e+03
5.03221050e+22 1.48500000e+03
5.03152292e+22 1.48600000e+03
5.03084864e+22 1.48700000e+03
5.03018744e+22 1.48800000e+03
5.02953910e+22 1.48900000e+03
5.02890340e+22 1.49000000e+03
5.02828012e+22 1.49100000e+03
5.02766906e+22 1.49200000e+03
5.02706999e+22 1.49300000e+03
5.02648272e+22 1.49400000e+03
5.02590704e+22 1.49500000e+03
5.02534275e+22 1.49600000e+03
5.02478964e+22 1.49700000e+03
5.02424753e+22 1.49800000e+03
5.02371622e+22 1.49900000e+03
5.02319552e+22 1.50000000e+03
5.02268525e+22 1.50100000e+03
5.02218521e+22 1.50200000e+03
5.02169523e+22 1.50300000e+03
5.02121513e+22 1.50400000e+03
5.02074474e+22 1.50500000e+03
5.02028387e+22 1.50600000e+03
5.01983236e+22 1.50700000e+03
5.01939003e+22 1.50800000e+03
5.01895673e+22 1.50900000e+03
5.01853229e+22 1.51000000e+03
5.01811655e+22 1.51100000e+03
5.01770935e+22 1.51200000e+03
5.01731053e+22 1.51300000e+03
5.01691994e+22 1.51400000e+03
5.01653742e+22 1.51500000e+03
5.01616284e+22 1.51600000e+03
5.01579604e+22 1.51700000e+03
5.01543688e+22 1.51800000e+03
5.01508521e+22 1.51900000e+03
5.01474090e+22 1.52000000e+03
5.01440381e+22 1.52100000e+03
5.01407380e+22 1.52200000e+03
5.01375074e+22 1.52300000e+03
5.01343450e+22 1.52400000e+03
5.01312495e+22 1.52500000e+03
5.01282196e+22 1.52600000e+03
5.01252541e+22 1.52700000e+03
5.01223517e+22 1.52800000e+03
5.01195113e+22 1.52900000e+03
5.01167316e+22 1.53000000e+03
5.01140116e+22 1.53100000e+03
5.01113499e+22 1.53200000e+03
5.01087456e+22 1.53300000e+03
5.01061974e+22 1.53400000e+03
5.01037044e+22 1.53500000e+03
5.01012653e+22 1.53600000e+03
5.00988793e+22 1.53700000e+03
5.00965452e+22 1.53800000e+03
5.00942620e+22 1.53900000e+03
5.00920286e+22 1.54000000e+03
5.00898443e+22 1.54100000e+03
5.00877078e+22 1.54200000e+03
5.00856184e+22 1.54300000e+03
5.00835750e+22 1.54400000e+03
5.00815767e+22 1.54500000e+03
5.00796227e+22 1.54600000e+03
5.00777121e+22 1.54700000e+03
5.00758439e+22 1.54800000e+03
5.00740174e+22 1.54900000e+03
5.00722316e+22 1.55000000e+03
5.00704858e+22 1.55100000e+03
5.00687791e+22 1.55200000e+03
5.00671108e+22 1.55300000e+03
5.00654800e+22 1.55400000e+03
5.00638860e+22 1.55500000e+03
5.00623280e+22 1.55600000e+03
5.00608053e+22 1.55700000e+03
5.00593172e+22 1.55800000e+03
5.00578630e+22 1.55900000e+03
5.00564419e+22 1.56000000e+03
5.00550532e+22 1.56100000e+03
5.00536963e+22 1.56200000e+03
5.00523705e+22 1.56300000e+03
5.00510752e+22 1.56400000e+03
5.00498098e+22 1.56500000e+03
5.00485735e+22 1.56600000e+03
5.00473658e+22 1.56700000e+03
5.00461860e+22 1.56800000e+03
5.00450337e+22 1.56900000e+03
5.00439081e+22 1.57000000e+03
5.00428088e+22 1.57100000e+03
5.00417352e+22 1.57200000e+03
5.00406866e+22 1.57300000e+03
5.00396627e+22 1.57400000e+03
5.00386628e+22 1.57500000e+03
5.00376864e+22 1.57600000e+03
5.00367331e+22 1.57700000e+03
5.00358023e+22 1.57800000e+03
5.00348935e+22 1.57900000e+03
5.00340062e+22 1.58000000e+03
5.00331401e+22 1.58100000e+03
5.00322946e+22 1.58200000e+03
5.00314693e+22 1.58300000e+03
5.00306636e+22 1.58400000e+03
5.00298773e+22 1.58500000e+03
5.00291099e+22 1.58600000e+03
5.00283609e+22 1.58700000e+03
5.00276299e+22 1.58800000e+03
5.00269166e+22 1.58900000e+03
5.00262206e+22 1.59000000e+03
5.00255414e+22 1.59100000e+03
5.00248787e+22 1.59200000e+03
5.00242321e+22 1.59300000e+03
5.00236013e+22 1.59400000e+03
5.00229858e+22 1.59500000e+03
5.00223854e+22 1.59600000e+03
5.00217998e+22 1.59700000e+03
5.00212285e+22 1.59800000e+03
5.00206713e+22 1.59900000e+03
5.00201278e+22 1.60000000e+03
5.00195977e+22 1.60100000e+03
5.00190807e+22 1.60200000e+03
5.00185765e+22 1.60300000e+03
5.00180849e+22 1.60400000e+03
5.00176055e+22 1.60500000e+03
5.00171380e+22 1.60600000e+03
5.00166822e+22 1.60700000e+03
5.00162378e+22 1.60800000e+03
5.00158046e+22 1.60900000e+03
5.00153822e+22 1.61000000e+03
5.00149704e+22 1.61100000e+03
5.00145691e+22 1.61200000e+03
5.00141778e+22 1.61300000e+03
5.00137964e+22 1.61400000e+03
5.00134247e+22 1.61500000e+03
5.00130625e+22 1.61600000e+03
5.00127094e+22 1.61700000e+03
5.00123654e+22 1.61800000e+03
5.00120301e+22 1.61900000e+03
5.00117034e+22 1.62000000e+03
5.00113850e+22 1.62100000e+03
5.00110749e+22 1.62200000e+03
5.00107727e+22 1.62300000e+03
5.00104782e+22 1.62400000e+03
5.00101914e+22 1.62500000e+03
5.00099120e+22 1.62600000e+03
5.00096398e+22 1.62700000e+03
5.00093747e+22 1.62800000e+03
5.00091164e+22 1.62900000e+03
5.00088649e+22 1.63000000e+03
5.00086199e+22 1.63100000e+03
5.00083814e+22 1.63200000e+03
5.00081490e+22 1.63300000e+03
5.00079228e+22 1.63400000e+03
5.00077025e+22 1.63500000e+03
5.00074880e+22 1.63600000e+03
5.00072791e+22 1.63700000e+03
5.00070758e+22 1.63800000e+03
5.00068778e+22 1.63900000e+03
5.00066851e+22 1.64000000e+03
5.00064975e+22 1.64100000e+03
5.00063148e+22 1.64200000e+03
5.00061371e+22 1.64300000e+03
5.00059640e+22 1.64400000e+03
5.00057956e+22 1.64500000e+03
5.00056317e+22 1.64600000e+03
5.00054722e+22 1.64700000e+03
5.00053170e+22 1.64800000e+03
5.00051659e+22 1.64900000e+03
5.00050189e+22 1.65000000e+03
5.00048759e+22 1.65100000e+03
5.00047367e+22 1.65200000e+03
5.00046013e+22 1.65300000e+03
5.00044696e+22 1.65400000e+03
5.00043415e+22 1.65500000e+03
5.00042168e+22 1.65600000e+03
5.00040955e+22 1.65700000e+03
5.00039776e+22 1.65800000e+03
5.00038629e+22 1.65900000e+03
5.00037513e+22 1.66000000e+03
5.00036428e+22 1.66100000e+03
5.00035372e+22 1.66200000e+03
5.00034346e+22 1.66300000e+03
5.00033348e+22 1.66400000e+03
5.00032377e+22 1.66500000e+03
5.00031434e+22 1.66600000e+03
5.00030516e+22 1.66700000e+03
5.00029624e+22 1.66800000e+03
5.00028757e+22 1.66900000e+03
5.00027914e+22 1.67000000e+03
5.00027094e+22 1.67100000e+03
5.00026298e+22 1.67200000e+03
5.00025523e+22 1.67300000e+03
5.00024771e+22 1.67400000e+03
5.00024039e+22 1.67500000e+03
5.00023328e+22 1.67600000e+03
5.00022637e+22 1.67700000e+03
5.00021966e+22 1.67800000e+03
5.00021313e+22 1.67900000e+03
5.00020679e+22 1.68000000e+03
5.00020063e+22 1.68100000e+03
5.00019465e+22 1.68200000e+03
5.00018883e+22 1.68300000e+03
5.00018318e+22 1.68400000e+03
5.00017769e+22 1.68500000e+03
5.00017236e+22 1.68600000e+03
5.00016718e+22 1.68700000e+03
5.00016215e+22 1.68800000e+03
5.00015726e+22 1.68900000e+03
5.00015252e+22 1.69000000e+03
5.00014791e+22 1.69100000e+03
5.00014343e+22 1.69200000e+03
5.00013908e+22 1.69300000e+03
5.00013486e+22 1.69400000e+03
5.00013076e+22 1.69500000e+03
5.00012678e+22 1.69600000e+03
5.00012292e+22 1.69700000e+03
5.00011917e+22 1.69800000e+03
5.00011552e+22 1.69900000e+03
5.00011199e+22 1.70000000e+03
5.00010855e+22 1.70100000e+03
5.00010522e+22 1.70200000e+03
5.00010199e+22 1.70300000e+03
5.00009885e+22 1.70400000e+03
5.00009580e+22 1.70500000e+03
5.00009284e+22 1.70600000e+03
5.00008997e+22 1.70700000e+03
5.00008719e+22 1.70800000e+03
5.00008449e+22 1.70900000e+03
5.00008186e+22 1.71000000e+03
5.00007932e+22 1.71100000e+03
5.00007685e+22 1.71200000e+03
5.00007445e+22 1.71300000e+03
5.00007213e+22 1.71400000e+03
5.00006988e+22 1.71500000e+03
5.00006769e+22 1.71600000e+03
5.00006557e+22 1.71700000e+03
5.00006351e+22 1.71800000e+03
5.00006151e+22 1.71900000e+03
5.00005958e+22 1.72000000e+03
5.00005770e+22 1.72100000e+03
5.00005588e+22 1.72200000e+03
5.00005411e+22 1.72300000e+03
5.00005240e+22 1.72400000e+03
5.00005074e+22 1.72500000e+03
5.00004913e+22 1.72600000e+03
5.00004757e+22 1.72700000e+03
5.00004606e+22 1.72800000e+03
5.00004459e+22 1.72900000e+03
5.00004317e+22 1.73000000e+03
5.00004179e+22 1.73100000e+03
5.00004045e+22 1.73200000e+03
5.00003915e+22 1.73300000e+03
5.00003790e+22 1.73400000e+03
5.00003668e+22 1.73500000e+03
5.00003550e+22 1.73600000e+03
5.00003436e+22 1.73700000e+03
5.00003325e+22 1.73800000e+03
5.00003218e+22 1.73900000e+03
5.00003114e+22 1.74000000e+03
5.00003013e+22 1.74100000e+03
5.00002915e+22 1.74200000e+03
5.00002821e+22 1.74300000e+03
5.00002729e+22 1.74400000e+03
5.00002640e+22 1.74500000e+03
5.00002554e+22 1.74600000e+03
5.00002471e+22 1.74700000e+03
5.00002390e+22 1.74800000e+03
5.00002312e+22 1.74900000e+03
5.00002236e+22 1.75000000e+03
5.00002163e+22 1.75100000e+03
5.00002092e+22 1.75200000e+03
5.00002023e+22 1.75300000e+03
5.00001956e+22 1.75400000e+03
5.00001892e+22 1.75500000e+03
5.00001829e+22 1.75600000e+03
5.00001769e+22 1.75700000e+03
5.00001710e+22 1.75800000e+03
5.00001653e+22 1.75900000e+03
5.00001599e+22 1.76000000e+03
5.00001545e+22 1.76100000e+03
5.00001494e+22 1.76200000e+03
5.00001444e+22 1.76300000e+03
5.00001396e+22 1.76400000e+03
5.00001349e+22 1.76500000e+03
5.00001304e+22 1.76600000e+03
5.00001261e+22 1.76700000e+03
5.00001218e+22 1.76800000e+03
5.00001177e+22 1.76900000e+03
5.00001138e+22 1.77000000e+03
5.00001100e+22 1.77100000e+03
5.00001062e+22 1.77200000e+03
5.00001027e+22 1.77300000e+03
5.00000992e+22 1.77400000e+03
5.00000958e+22 1.77500000e+03
5.00000926e+22 1.77600000e+03
5.00000894e+22 1.77700000e+03
5.00000864e+22 1.77800000e+03
5.00000835e+22 1.77900000e+03
5.00000806e+22 1.78000000e+03
5.00000779e+22 1.78100000e+03
5.00000752e+22 1.78200000e+03
5.00000727e+22 1.78300000e+03
5.00000702e+22 1.78400000e+03
5.00000678e+22 1.78500000e+03
5.00000654e+22 1.78600000e+03
5.00000632e+22 1.78700000e+03
5.00000610e+22 1.78800000e+03
5.00000589e+22 1.78900000e+03
5.00000569e+22 1.79000000e+03
5.00000549e+22 1.79100000e+03
5.00000530e+22 1.79200000e+03
5.00000512e+22 1.79300000e+03
5.00000494e+22 1.79400000e+03
5.00000477e+22 1.79500000e+03
5.00000460e+22 1.79600000e+03
5.00000444e+22 1.79700000e+03
5.00000429e+22 1.79800000e+03
5.00000414e+22 1.79900000e+03
5.00000400e+22 1.80000000e+03
5.00000386e+22 1.80100000e+03
5.00000372e+22 1.80200000e+03
5.00000359e+22 1.80300000e+03
5.00000346e+22 1.80400000e+03
5.00000334e+22 1.80500000e+03
5.00000322e+22 1.80600000e+03
5.00000311e+22 1.80700000e+03
5.00000300e+22 1.80800000e+03
5.00000290e+22 1.80900000e+03
5.00000279e+22 1.81000000e+03
5.00000269e+22 1.81100000e+03
5.00000260e+22 1.81200000e+03
5.00000251e+22 1.81300000e+03
5.00000242e+22 1.81400000e+03
5.00000233e+22 1.81500000e+03
5.00000225e+22 1.81600000e+03
5.00000217e+22 1.81700000e+03
5.00000209e+22 1.81800000e+03
5.00000202e+22 1.81900000e+03
5.00000194e+22 1.82000000e+03
5.00000187e+22 1.82100000e+03
5.00000181e+22 1.82200000e+03
5.00000174e+22 1.82300000e+03
5.00000168e+22 1.82400000e+03
5.00000162e+22 1.82500000e+03
5.00000156e+22 1.82600000e+03
5.00000151e+22 1.82700000e+03
5.00000145e+22 1.82800000e+03
5.00000140e+22 1.82900000e+03
5.00000135e+22 1.83000000e+03
5.00000130e+22 1.83100000e+03
5.00000125e+22 1.83200000e+03
5.00000121e+22 1.83300000e+03
5.00000116e+22 1.83400000e+03
5.00000112e+22 1.83500000e+03
5.00000108e+22 1.83600000e+03
5.00000104e+22 1.83700000e+03
5.00000100e+22 1.83800000e+03
5.00000097e+22 1.83900000e+03
5.00000093e+22 1.84000000e+03
5.00000090e+22 1.84100000e+03
5.00000086e+22 1.84200000e+03
5.00000083e+22 1.84300000e+03
5.00000080e+22 1.84400000e+03
5.00000077e+22 1.84500000e+03
5.00000074e+22 1.84600000e+03
5.00000072e+22 1.84700000e+03
5.00000069e+22 1.84800000e+03
5.00000066e+22 1.84900000e+03
5.00000064e+22 1.85000000e+03
5.00000062e+22 1.85100000e+03
5.00000059e+22 1.85200000e+03
5.00000057e+22 1.85300000e+03
5.00000055e+22 1.85400000e+03
5.00000053e+22 1.85500000e+03
5.00000051e+22 1.85600000e+03
5.00000049e+22 1.85700000e+03
5.00000047e+22 1.85800000e+03
5.00000045e+22 1.85900000e+03
5.00000044e+22 1.86000000e+03
5.00000042e+22 1.86100000e+03
5.00000040e+22 1.86200000e+03
5.00000039e+22 1.86300000e+03
5.00000037e+22 1.86400000e+03
5.00000036e+22 1.86500000e+03
5.00000035e+22 1.86600000e+03
5.00000033e+22 1.86700000e+03
5.00000032e+22 1.86800000e+03
5.00000031e+22 1.86900000e+03
5.00000030e+22 1.87000000e+03
5.00000029e+22 1.87100000e+03
5.00000028e+22 1.87200000e+03
5.00000026e+22 1.87300000e+03
5.00000025e+22 1.87400000e+03
5.00000024e+22 1.87500000e+03
5.00000024e+22 1.87600000e+03
5.00000023e+22 1.87700000e+03
5.00000022e+22 1.87800000e+03
5.00000021e+22 1.87900000e+03
5.00000020e+22 1.88000000e+03
5.00000019e+22 1.88100000e+03
5.00000019e+22 1.88200000e+03
5.00000018e+22 1.88300000e+03
5.00000017e+22 1.88400000e+03
5.00000017e+22 1.88500000e+03
5.00000016e+22 1.88600000e+03
5.00000015e+22 1.88700000e+03
5.00000015e+22 1.88800000e+03
5.00000014e+22 1.88900000e+03
5.00000014e+22 1.89000000e+03
5.00000013e+22 1.89100000e+03
5.00000013e+22 1.89200000e+03
5.00000012e+22 1.89300000e+03
5.00000012e+22 1.89400000e+03
5.00000011e+22 1.89500000e+03
5.00000011e+22 1.89600000e+03
5.00000010e+22 1.89700000e+03
5.00000010e+22 1.89800000e+03
5.00000010e+22 1.89900000e+03
5.00000009e+22 1.90000000e+03
5.00000009e+22 1.90100000e+03
5.00000008e+22 1.90200000e+03
5.00000008e+22 1.90300000e+03
5.00000008e+22 1.90400000e+03
5.00000007e+22 1.90500000e+03
5.00000007e+22 1.90600000e+03
5.00000007e+22 1.90700000e+03
5.00000007e+22 1.90800000e+03
5.00000006e+22 1.90900000e+03
5.00000006e+22 1.91000000e+03
5.00000006e+22 1.91100000e+03
5.00000006e+22 1.91200000e+03
5.00000005e+22 1.91300000e+03
5.00000005e+22 1.91400000e+03
5.00000005e+22 1.91500000e+03
5.00000005e+22 1.91600000e+03
5.00000005e+22 1.91700000e+03
5.00000004e+22 1.91800000e+03
5.00000004e+22 1.91900000e+03
5.00000004e+22 1.92000000e+03
5.00000004e+22 1.92100000e+03
5.00000004e+22 1.92200000e+03
5.00000004e+22 1.92300000e+03
5.00000003e+22 1.92400000e+03
5.00000003e+22 1.92500000e+03
5.00000003e+22 1.92600000e+03
5.00000003e+22 1.92700000e+03
5.00000003e+22 1.92800000e+03
5.00000003e+22 1.92900000e+03
5.00000003e+22 1.93000000e+03
5.00000003e+22 1.93100000e+03
5.00000002e+22 1.93200000e+03
5.00000002e+22 1.93300000e+03
5.00000002e+22 1.93400000e+03
5.00000002e+22 1.93500000e+03
5.00000002e+22 1.93600000e+03
5.00000002e+22 1.93700000e+03
5.00000002e+22 1.93800000e+03
5.00000002e+22 1.93900000e+03
5.00000002e+22 1.94000000e+03
5.00000002e+22 1.94100000e+03
5.00000002e+22 1.94200000e+03
5.00000002e+22 1.94300000e+03
5.00000002e+22 1.94400000e+03
5.00000001e+22 1.94500000e+03
5.00000001e+22 1.94600000e+03
5.00000001e+22 1.94700000e+03
5.00000001e+22 1.94800000e+03
5.00000001e+22 1.94900000e+03
5.00000001e+22 1.95000000e+03
5.00000001e+22 1.95100000e+03
5.00000001e+22 1.95200000e+03
5.00000001e+22 1.95300000e+03
5.00000001e+22 1.95400000e+03
5.00000001e+22 1.95500000e+03
5.00000001e+22 1.95600000e+03
5.00000001e+22 1.95700000e+03
5.00000001e+22 1.95800000e+03
5.00000001e+22 1.95900000e+03
5.00000001e+22 1.96000000e+03
5.00000001e+22 1.96100000e+03
5.00000001e+22 1.96200000e+03
5.00000001e+22 1.96300000e+03
5.00000001e+22 1.96400000e+03
5.00000001e+22 1.96500000e+03
5.00000001e+22 1.96600000e+03
5.00000001e+22 1.96700000e+03
5.00000001e+22 1.96800000e+03
5.00000001e+22 1.96900000e+03
5.00000000e+22 1.97000000e+03
5.00000000e+22 1.97100000e+03
5.00000000e+22 1.97200000e+03
5.00000000e+22 1.97300000e+03
5.00000000e+22 1.97400000e+03
5.00000000e+22 1.97500000e+03
5.00000000e+22 1.97600000e+03
5.00000000e+22 1.97700000e+03
5.00000000e+22 1.97800000e+03
5.00000000e+22 1.97900000e+03
5.00000000e+22 1.98000000e+03
5.00000000e+22 1.98100000e+03
5.00000000e+22 1.98200000e+03
5.00000000e+22 1.98300000e+03
5.00000000e+22 1.98400000e+03
5.00000000e+22 1.98500000e+03
5.00000000e+22 1.98600000e+03
5.00000000e+22 1.98700000e+03
5.00000000e+22 1.98800000e+03
5.00000000e+22 1.98900000e+03
5.00000000e+22 1.99000000e+03
5.00000000e+22 1.99100000e+03
5.00000000e+22 1.99200000e+03
5.00000000e+22 1.99300000e+03
5.00000000e+22 1.99400000e+03
5.00000000e+22 1.99500000e+03
5.00000000e+22 1.99600000e+03
5.00000000e+22 1.99700000e+03
5.00000000e+22 1.99800000e+03
5.00000000e+22 1.99900000e+03
5.00000000e+22 2.00000000e+03
5.00000000e+22 2.00100000e+03
5.00000000e+22 2.00200000e+03
5.00000000e+22 2.00300000e+03
5.00000000e+22 2.00400000e+03
5.00000000e+22 2.00500000e+03
5.00000000e+22 2.00600000e+03
5.00000000e+22 2.00700000e+03
5.00000000e+22 2.00800000e+03
5.00000000e+22 2.00900000e+03
5.00000000e+22 2.01000000e+03
5.00000000e+22 2.01100000e+03
5.00000000e+22 2.01200000e+03
5.00000000e+22 2.01300000e+03
5.00000000e+22 2.01400000e+03
5.00000000e+22 2.01500000e+03
5.00000000e+22 2.01600000e+03
5.00000000e+22 2.01700000e+03
5.00000000e+22 2.01800000e+03
5.00000000e+22 2.01900000e+03
5.00000000e+22 2.02000000e+03
5.00000000e+22 2.02100000e+03
5.00000000e+22 2.02200000e+03
5.00000000e+22 2.02300000e+03
5.00000000e+22 2.02400000e+03
5.00000000e+22 2.02500000e+03
5.00000000e+22 2.02600000e+03
5.00000000e+22 2.02700000e+03
5.00000000e+22 2.02800000e+03
5.00000000e+22 2.02900000e+03
5.00000000e+22 2.03000000e+03
5.00000000e+22 2.03100000e+03
5.00000000e+22 2.03200000e+03
5.00000000e+22 2.03300000e+03
5.00000000e+22 2.03400000e+03
5.00000000e+22 2.03500000e+03
5.00000000e+22 2.03600000e+03
5.00000000e+22 2.03700000e+03
5.00000000e+22 2.03800000e+03
5.00000000e+22 2.03900000e+03
5.00000000e+22 2.04000000e+03
5.00000000e+22 2.04100000e+03
5.00000000e+22 2.04200000e+03
5.00000000e+22 2.04300000e+03
5.00000000e+22 2.04400000e+03
5.00000000e+22 2.04500000e+03
5.00000000e+22 2.04600000e+03
5.00000000e+22 2.04700000e+03
5.00000000e+22 2.04800000e+03
5.00000000e+22 2.04900000e+03
5.00000000e+22 2.05000000e+03
5.00000000e+22 2.05100000e+03
5.00000000e+22 2.05200000e+03
5.00000000e+22 2.05300000e+03
5.00000000e+22 2.05400000e+03
5.00000000e+22 2.05500000e+03
5.00000000e+22 2.05600000e+03
5.00000000e+22 2.05700000e+03
5.00000000e+22 2.05800000e+03
5.00000000e+22 2.05900000e+03
5.00000000e+22 2.06000000e+03
5.00000000e+22 2.06100000e+03
5.00000000e+22 2.06200000e+03
5.00000000e+22 2.06300000e+03
5.00000000e+22 2.06400000e+03
5.00000000e+22 2.06500000e+03
5.00000000e+22 2.06600000e+03
5.00000000e+22 2.06700000e+03
5.00000000e+22 2.06800000e+03
5.00000000e+22 2.06900000e+03
5.00000000e+22 2.07000000e+03
5.00000000e+22 2.07100000e+03
5.00000000e+22 2.07200000e+03
5.00000000e+22 2.07300000e+03
5.00000000e+22 2.07400000e+03
5.00000000e+22 2.07500000e+03
5.00000000e+22 2.07600000e+03
5.00000000e+22 2.07700000e+03
5.00000000e+22 2.07800000e+03
5.00000000e+22 2.07900000e+03
5.00000000e+22 2.08000000e+03
5.00000000e+22 2.08100000e+03
5.00000000e+22 2.08200000e+03
5.00000000e+22 2.08300000e+03
5.00000000e+22 2.08400000e+03
5.00000000e+22 2.08500000e+03
5.00000000e+22 2.08600000e+03
5.00000000e+22 2.08700000e+03
5.00000000e+22 2.08800000e+03
5.00000000e+22 2.08900000e+03
5.00000000e+22 2.09000000e+03
5.00000000e+22 2.09100000e+03
5.00000000e+22 2.09200000e+03
5.00000000e+22 2.09300000e+03
5.00000000e+22 2.09400000e+03
5.00000000e+22 2.09500000e+03
5.00000000e+22 2.09600000e+03
5.00000000e+22 2.09700000e+03
5.00000000e+22 2.09800000e+03
5.00000000e+22 2.09900000e+03
5.00000000e+22 2.10000000e+03
5.00000000e+22 2.10100000e+03
5.00000000e+22 2.10200000e+03
5.00000000e+22 2.10300000e+03
5.00000000e+22 2.10400000e+03
5.00000000e+22 2.10500000e+03
5.00000000e+22 2.10600000e+03
5.00000000e+22 2.10700000e+03
5.00000000e+22 2.10800000e+03
5.00000000e+22 2.10900000e+03
5.00000000e+22 2.11000000e+03
5.00000000e+22 2.11100000e+03
5.00000000e+22 2.11200000e+03
5.00000000e+22 2.11300000e+03
5.00000000e+22 2.11400000e+03
5.00000000e+22 2.11500000e+03
5.00000000e+22 2.11600000e+03
5.00000000e+22 2.11700000e+03
5.00000000e+22 2.11800000e+03
5.00000000e+22 2.11900000e+03
5.00000000e+22 2.12000000e+03
5.00000000e+22 2.12100000e+03
5.00000000e+22 2.12200000e+03
5.00000000e+22 2.12300000e+03
5.00000000e+22 2.12400000e+03
5.00000000e+22 2.12500000e+03
5.00000000e+22 2.12600000e+03
5.00000000e+22 2.12700000e+03
5.00000000e+22 2.12800000e+03
5.00000000e+22 2.12900000e+03
5.00000000e+22 2.13000000e+03
5.00000000e+22 2.13100000e+03
5.00000000e+22 2.13200000e+03
5.00000000e+22 2.13300000e+03
5.00000000e+22 2.13400000e+03
5.00000000e+22 2.13500000e+03
5.00000000e+22 2.13600000e+03
5.00000000e+22 2.13700000e+03
5.00000000e+22 2.13800000e+03
5.00000000e+22 2.13900000e+03
5.00000000e+22 2.14000000e+03
5.00000000e+22 2.14100000e+03
5.00000000e+22 2.14200000e+03
5.00000000e+22 2.14300000e+03
5.00000000e+22 2.14400000e+03
5.00000000e+22 2.14500000e+03
5.00000000e+22 2.14600000e+03
5.00000000e+22 2.14700000e+03
5.00000000e+22 2.14800000e+03
5.00000000e+22 2.14900000e+03
5.00000000e+22 2.15000000e+03
5.00000000e+22 2.15100000e+03
5.00000000e+22 2.15200000e+03
5.00000000e+22 2.15300000e+03
5.00000000e+22 2.15400000e+03
5.00000000e+22 2.15500000e+03
5.00000000e+22 2.15600000e+03
5.00000000e+22 2.15700000e+03
5.00000000e+22 2.15800000e+03
5.00000000e+22 2.15900000e+03
5.00000000e+22 2.16000000e+03
5.00000000e+22 2.16100000e+03
5.00000000e+22 2.16200000e+03
5.00000000e+22 2.16300000e+03
5.00000000e+22 2.16400000e+03
5.00000000e+22 2.16500000e+03
5.00000000e+22 2.16600000e+03
5.00000000e+22 2.16700000e+03
5.00000000e+22 2.16800000e+03
5.00000000e+22 2.16900000e+03
5.00000000e+22 2.17000000e+03
5.00000000e+22 2.17100000e+03
5.00000000e+22 2.17200000e+03
5.00000000e+22 2.17300000e+03
5.00000000e+22 2.17400000e+03
5.00000000e+22 2.17500000e+03
5.00000000e+22 2.17600000e+03
5.00000000e+22 2.17700000e+03
5.00000000e+22 2.17800000e+03
5.00000000e+22 2.17900000e+03
5.00000000e+22 2.18000000e+03
5.00000000e+22 2.18100000e+03
5.00000000e+22 2.18200000e+03
5.00000000e+22 2.18300000e+03
5.00000000e+22 2.18400000e+03
5.00000000e+22 2.18500000e+03
5.00000000e+22 2.18600000e+03
5.00000000e+22 2.18700000e+03
5.00000000e+22 2.18800000e+03
5.00000000e+22 2.18900000e+03
5.00000000e+22 2.19000000e+03
5.00000000e+22 2.19100000e+03
5.00000000e+22 2.19200000e+03
5.00000000e+22 2.19300000e+03
5.00000000e+22 2.19400000e+03
5.00000000e+22 2.19500000e+03
5.00000000e+22 2.19600000e+03
5.00000000e+22 2.19700000e+03
5.00000000e+22 2.19800000e+03
5.00000000e+22 2.19900000e+03
5.00000000e+22 2.20000000e+03
5.00000000e+22 2.20100000e+03
5.00000000e+22 2.20200000e+03
5.00000000e+22 2.20300000e+03
5.00000000e+22 2.20400000e+03
5.00000000e+22 2.20500000e+03
5.00000000e+22 2.20600000e+03
5.00000000e+22 2.20700000e+03
5.00000000e+22 2.20800000e+03
5.00000000e+22 2.20900000e+03
5.00000000e+22 2.21000000e+03
5.00000000e+22 2.21100000e+03
5.00000000e+22 2.21200000e+03
5.00000000e+22 2.21300000e+03
5.00000000e+22 2.21400000e+03
5.00000000e+22 2.21500000e+03
5.00000000e+22 2.21600000e+03
5.00000000e+22 2.21700000e+03
5.00000000e+22 2.21800000e+03
5.00000000e+22 2.21900000e+03
5.00000000e+22 2.22000000e+03
5.00000000e+22 2.22100000e+03
5.00000000e+22 2.22200000e+03
5.00000000e+22 2.22300000e+03
5.00000000e+22 2.22400000e+03
5.00000000e+22 2.22500000e+03
5.00000000e+22 2.22600000e+03
5.00000000e+22 2.22700000e+03
5.00000000e+22 2.22800000e+03
5.00000000e+22 2.22900000e+03
5.00000000e+22 2.23000000e+03
5.00000000e+22 2.23100000e+03
5.00000000e+22 2.23200000e+03
5.00000000e+22 2.23300000e+03
5.00000000e+22 2.23400000e+03
5.00000000e+22 2.23500000e+03
5.00000000e+22 2.23600000e+03
5.00000000e+22 2.23700000e+03
5.00000000e+22 2.23800000e+03
5.00000000e+22 2.23900000e+03
5.00000000e+22 2.24000000e+03
5.00000000e+22 2.24100000e+03
5.00000000e+22 2.24200000e+03
5.00000000e+22 2.24300000e+03
5.00000000e+22 2.24400000e+03
5.00000000e+22 2.24500000e+03
5.00000000e+22 2.24600000e+03
5.00000000e+22 2.24700000e+03
5.00000000e+22 2.24800000e+03
5.00000000e+22 2.24900000e+03
5.00000000e+22 2.25000000e+03
5.00000000e+22 2.25100000e+03
5.00000000e+22 2.25200000e+03
5.00000000e+22 2.25300000e+03
5.00000000e+22 2.25400000e+03
5.00000000e+22 2.25500000e+03
5.00000000e+22 2.25600000e+03
5.00000000e+22 2.25700000e+03
5.00000000e+22 2.25800000e+03
5.00000000e+22 2.25900000e+03
5.00000000e+22 2.26000000e+03
5.00000000e+22 2.26100000e+03
5.00000000e+22 2.26200000e+03
5.00000000e+22 2.26300000e+03
5.00000000e+22 2.26400000e+03
5.00000000e+22 2.26500000e+03
5.00000000e+22 2.26600000e+03
5.00000000e+22 2.26700000e+03
5.00000000e+22 2.26800000e+03
5.00000000e+22 2.26900000e+03
5.00000000e+22 2.27000000e+03
5.00000000e+22 2.27100000e+03
5.00000000e+22 2.27200000e+03
5.00000000e+22 2.27300000e+03
5.00000000e+22 2.27400000e+03
5.00000000e+22 2.27500000e+03
5.00000000e+22 2.27600000e+03
5.00000000e+22 2.27700000e+03
5.00000000e+22 2.27800000e+03
5.00000000e+22 2.27900000e+03
5.00000000e+22 2.28000000e+03
5.00000000e+22 2.28100000e+03
5.00000000e+22 2.28200000e+03
5.00000000e+22 2.28300000e+03
5.00000000e+22 2.28400000e+03
5.00000000e+22 2.28500000e+03
5.00000000e+22 2.28600000e+03
5.00000000e+22 2.28700000e+03
5.00000000e+22 2.28800000e+03
5.00000000e+22 2.28900000e+03
5.00000000e+22 2.29000000e+03
5.00000000e+22 2.29100000e+03
5.00000000e+22 2.29200000e+03
5.00000000e+22 2.29300000e+03
5.00000000e+22 2.29400000e+03
5.00000000e+22 2.29500000e+03
5.00000000e+22 2.29600000e+03
5.00000000e+22 2.29700000e+03
5.00000000e+22 2.29800000e+03
5.00000000e+22 2.29900000e+03
5.00000000e+22 2.30000000e+03
5.00000000e+22 2.30100000e+03
5.00000000e+22 2.30200000e+03
5.00000000e+22 2.30300000e+03
5.00000000e+22 2.30400000e+03
5.00000000e+22 2.30500000e+03
5.00000000e+22 2.30600000e+03
5.00000000e+22 2.30700000e+03
5.00000000e+22 2.30800000e+03
5.00000000e+22 2.30900000e+03
5.00000000e+22 2.31000000e+03
5.00000000e+22 2.31100000e+03
5.00000000e+22 2.31200000e+03
5.00000000e+22 2.31300000e+03
5.00000000e+22 2.31400000e+03
5.00000000e+22 2.31500000e+03
5.00000000e+22 2.31600000e+03
5.00000000e+22 2.31700000e+03
5.00000000e+22 2.31800000e+03
5.00000000e+22 2.31900000e+03
5.00000000e+22 2.32000000e+03
5.00000000e+22 2.32100000e+03
5.00000000e+22 2.32200000e+03
5.00000000e+22 2.32300000e+03
5.00000000e+22 2.32400000e+03
5.00000000e+22 2.32500000e+03
5.00000000e+22 2.32600000e+03
5.00000000e+22 2.32700000e+03
5.00000000e+22 2.32800000e+03
5.00000000e+22 2.32900000e+03
5.00000000e+22 2.33000000e+03
5.00000000e+22 2.33100000e+03
5.00000000e+22 2.33200000e+03
5.00000000e+22 2.33300000e+03
5.00000000e+22 2.33400000e+03
5.00000000e+22 2.33500000e+03
5.00000000e+22 2.33600000e+03
5.00000000e+22 2.33700000e+03
5.00000000e+22 2.33800000e+03
5.00000000e+22 2.33900000e+03
5.00000000e+22 2.34000000e+03
5.00000000e+22 2.34100000e+03
5.00000000e+22 2.34200000e+03
5.00000000e+22 2.34300000e+03
5.00000000e+22 2.34400000e+03
5.00000000e+22 2.34500000e+03
5.00000000e+22 2.34600000e+03
5.00000000e+22 2.34700000e+03
5.00000000e+22 2.34800000e+03
5.00000000e+22 2.34900000e+03
5.00000000e+22 2.35000000e+03
5.00000000e+22 2.35100000e+03
5.00000000e+22 2.35200000e+03
5.00000000e+22 2.35300000e+03
5.00000000e+22 2.35400000e+03
5.00000000e+22 2.35500000e+03
5.00000000e+22 2.35600000e+03
5.00000000e+22 2.35700000e+03
5.00000000e+22 2.35800000e+03
5.00000000e+22 2.35900000e+03
5.00000000e+22 2.36000000e+03
5.00000000e+22 2.36100000e+03
5.00000000e+22 2.36200000e+03
5.00000000e+22 2.36300000e+03
5.00000000e+22 2.36400000e+03
5.00000000e+22 2.36500000e+03
5.00000000e+22 2.36600000e+03
5.00000000e+22 2.36700000e+03
5.00000000e+22 2.36800000e+03
5.00000000e+22 2.36900000e+03
5.00000000e+22 2.37000000e+03
5.00000000e+22 2.37100000e+03
5.00000000e+22 2.37200000e+03
5.00000000e+22 2.37300000e+03
5.00000000e+22 2.37400000e+03
5.00000000e+22 2.37500000e+03
5.00000000e+22 2.37600000e+03
5.00000000e+22 2.37700000e+03
5.00000000e+22 2.37800000e+03
5.00000000e+22 2.37900000e+03
5.00000000e+22 2.38000000e+03
5.00000000e+22 2.38100000e+03
5.00000000e+22 2.38200000e+03
5.00000000e+22 2.38300000e+03
5.00000000e+22 2.38400000e+03
5.00000000e+22 2.38500000e+03
5.00000000e+22 2.38600000e+03
5.00000000e+22 2.38700000e+03
5.00000000e+22 2.38800000e+03
5.00000000e+22 2.38900000e+03
5.00000000e+22 2.39000000e+03
5.00000000e+22 2.39100000e+03
5.00000000e+22 2.39200000e+03
5.00000000e+22 2.39300000e+03
5.00000000e+22 2.39400000e+03
5.00000000e+22 2.39500000e+03
5.00000000e+22 2.39600000e+03
5.00000000e+22 2.39700000e+03
5.00000000e+22 2.39800000e+03
5.00000000e+22 2.39900000e+03
5.00000000e+22 2.40000000e+03
5.00000000e+22 2.40100000e+03
5.00000000e+22 2.40200000e+03
5.00000000e+22 2.40300000e+03
5.00000000e+22 2.40400000e+03
5.00000000e+22 2.40500000e+03
5.00000000e+22 2.40600000e+03
5.00000000e+22 2.40700000e+03
5.00000000e+22 2.40800000e+03
5.00000000e+22 2.40900000e+03
5.00000000e+22 2.41000000e+03
5.00000000e+22 2.41100000e+03
5.00000000e+22 2.41200000e+03
5.00000000e+22 2.41300000e+03
5.00000000e+22 2.41400000e+03
5.00000000e+22 2.41500000e+03
5.00000000e+22 2.41600000e+03
5.00000000e+22 2.41700000e+03
5.00000000e+22 2.41800000e+03
5.00000000e+22 2.41900000e+03
5.00000000e+22 2.42000000e+03
5.00000000e+22 2.42100000e+03
5.00000000e+22 2.42200000e+03
5.00000000e+22 2.42300000e+03
5.00000000e+22 2.42400000e+03
5.00000000e+22 2.42500000e+03
5.00000000e+22 2.42600000e+03
5.00000000e+22 2.42700000e+03
5.00000000e+22 2.42800000e+03
5.00000000e+22 2.42900000e+03
5.00000000e+22 2.43000000e+03
5.00000000e+22 2.43100000e+03
5.00000000e+22 2.43200000e+03
5.00000000e+22 2.43300000e+03
5.00000000e+22 2.43400000e+03
5.00000000e+22 2.43500000e+03
5.00000000e+22 2.43600000e+03
5.00000000e+22 2.43700000e+03
5.00000000e+22 2.43800000e+03
5.00000000e+22 2.43900000e+03
5.00000000e+22 2.44000000e+03
5.00000000e+22 2.44100000e+03
5.00000000e+22 2.44200000e+03
5.00000000e+22 2.44300000e+03
5.00000000e+22 2.44400000e+03
5.00000000e+22 2.44500000e+03
5.00000000e+22 2.44600000e+03
5.00000000e+22 2.44700000e+03
5.00000000e+22 2.44800000e+03
5.00000000e+22 2.44900000e+03
5.00000000e+22 2.45000000e+03
5.00000000e+22 2.45100000e+03
5.00000000e+22 2.45200000e+03
5.00000000e+22 2.45300000e+03
5.00000000e+22 2.45400000e+03
5.00000000e+22 2.45500000e+03
5.00000000e+22 2.45600000e+03
5.00000000e+22 2.45700000e+03
5.00000000e+22 2.45800000e+03
5.00000000e+22 2.45900000e+03
5.00000000e+22 2.46000000e+03
5.00000000e+22 2.46100000e+03
5.00000000e+22 2.46200000e+03
5.00000000e+22 2.46300000e+03
5.00000000e+22 2.46400000e+03
5.00000000e+22 2.46500000e+03
5.00000000e+22 2.46600000e+03
5.00000000e+22 2.46700000e+03
5.00000000e+22 2.46800000e+03
5.00000000e+22 2.46900000e+03
5.00000000e+22 2.47000000e+03
5.00000000e+22 2.47100000e+03
5.00000000e+22 2.47200000e+03
5.00000000e+22 2.47300000e+03
5.00000000e+22 2.47400000e+03
5.00000000e+22 2.47500000e+03
5.00000000e+22 2.47600000e+03
5.00000000e+22 2.47700000e+03
5.00000000e+22 2.47800000e+03
5.00000000e+22 2.47900000e+03
5.00000000e+22 2.48000000e+03
5.00000000e+22 2.48100000e+03
5.00000000e+22 2.48200000e+03
5.00000000e+22 2.48300000e+03
5.00000000e+22 2.48400000e+03
5.00000000e+22 2.48500000e+03
5.00000000e+22 2.48600000e+03
5.00000000e+22 2.48700000e+03
5.00000000e+22 2.48800000e+03
5.00000000e+22 2.48900000e+03
5.00000000e+22 2.49000000e+03
5.00000000e+22 2.49100000e+03
5.00000000e+22 2.49200000e+03
5.00000000e+22 2.49300000e+03
5.00000000e+22 2.49400000e+03
5.00000000e+22 2.49500000e+03
5.00000000e+22 2.49600000e+03
5.00000000e+22 2.49700000e+03
5.00000000e+22 2.49800000e+03
5.00000000e+22 2.49900000e+03
5.00000000e+22 2.50000000e+03
5.00000000e+22 2.50100000e+03
5.00000000e+22 2.50200000e+03
5.00000000e+22 2.50300000e+03
5.00000000e+22 2.50400000e+03
5.00000000e+22 2.50500000e+03
5.00000000e+22 2.50600000e+03
5.00000000e+22 2.50700000e+03
5.00000000e+22 2.50800000e+03
5.00000000e+22 2.50900000e+03
5.00000000e+22 2.51000000e+03
5.00000000e+22 2.51100000e+03
5.00000000e+22 2.51200000e+03
5.00000000e+22 2.51300000e+03
5.00000000e+22 2.51400000e+03
5.00000000e+22 2.51500000e+03
5.00000000e+22 2.51600000e+03
5.00000000e+22 2.51700000e+03
5.00000000e+22 2.51800000e+03
5.00000000e+22 2.51900000e+03
5.00000000e+22 2.52000000e+03
5.00000000e+22 2.52100000e+03
5.00000000e+22 2.52200000e+03
5.00000000e+22 2.52300000e+03
5.00000000e+22 2.52400000e+03
5.00000000e+22 2.52500000e+03
5.00000000e+22 2.52600000e+03
5.00000000e+22 2.52700000e+03
5.00000000e+22 2.52800000e+03
5.00000000e+22 2.52900000e+03
5.00000000e+22 2.53000000e+03
5.00000000e+22 2.53100000e+03
5.00000000e+22 2.53200000e+03
5.00000000e+22 2.53300000e+03
5.00000000e+22 2.53400000e+03
5.00000000e+22 2.53500000e+03
5.00000000e+22 2.53600000e+03
5.00000000e+22 2.53700000e+03
5.00000000e+22 2.53800000e+03
5.00000000e+22 2.53900000e+03
5.00000000e+22 2.54000000e+03
5.00000000e+22 2.54100000e+03
5.00000000e+22 2.54200000e+03
5.00000000e+22 2.54300000e+03
5.00000000e+22 2.54400000e+03
5.00000000e+22 2.54500000e+03
5.00000000e+22 2.54600000e+03
5.00000000e+22 2.54700000e+03
5.00000000e+22 2.54800000e+03
5.00000000e+22 2.54900000e+03
5.00000000e+22 2.55000000e+03
5.00000000e+22 2.55100000e+03
5.00000000e+22 2.55200000e+03
5.00000000e+22 2.55300000e+03
5.00000000e+22 2.55400000e+03
5.00000000e+22 2.55500000e+03
5.00000000e+22 2.55600000e+03
5.00000000e+22 2.55700000e+03
5.00000000e+22 2.55800000e+03
5.00000000e+22 2.55900000e+03
5.00000000e+22 2.56000000e+03
5.00000000e+22 2.56100000e+03
5.00000000e+22 2.56200000e+03
5.00000000e+22 2.56300000e+03
5.00000000e+22 2.56400000e+03
5.00000000e+22 2.56500000e+03
5.00000000e+22 2.56600000e+03
5.00000000e+22 2.56700000e+03
5.00000000e+22 2.56800000e+03
5.00000000e+22 2.56900000e+03
5.00000000e+22 2.57000000e+03
5.00000000e+22 2.57100000e+03
5.00000000e+22 2.57200000e+03
5.00000000e+22 2.57300000e+03
5.00000000e+22 2.57400000e+03
5.00000000e+22 2.57500000e+03
5.00000000e+22 2.57600000e+03
5.00000000e+22 2.57700000e+03
5.00000000e+22 2.57800000e+03
5.00000000e+22 2.57900000e+03
5.00000000e+22 2.58000000e+03
5.00000000e+22 2.58100000e+03
5.00000000e+22 2.58200000e+03
5.00000000e+22 2.58300000e+03
5.00000000e+22 2.58400000e+03
5.00000000e+22 2.58500000e+03
5.00000000e+22 2.58600000e+03
5.00000000e+22 2.58700000e+03
5.00000000e+22 2.58800000e+03
5.00000000e+22 2.58900000e+03
5.00000000e+22 2.59000000e+03
5.00000000e+22 2.59100000e+03
5.00000000e+22 2.59200000e+03
5.00000000e+22 2.59300000e+03
5.00000000e+22 2.59400000e+03
5.00000000e+22 2.59500000e+03
5.00000000e+22 2.59600000e+03
5.00000000e+22 2.59700000e+03
5.00000000e+22 2.59800000e+03
5.00000000e+22 2.59900000e+03
5.00000000e+22 2.60000000e+03
5.00000000e+22 2.60100000e+03
5.00000000e+22 2.60200000e+03
5.00000000e+22 2.60300000e+03
5.00000000e+22 2.60400000e+03
5.00000000e+22 2.60500000e+03
5.00000000e+22 2.60600000e+03
5.00000000e+22 2.60700000e+03
5.00000000e+22 2.60800000e+03
5.00000000e+22 2.60900000e+03
5.00000000e+22 2.61000000e+03
5.00000000e+22 2.61100000e+03
5.00000000e+22 2.61200000e+03
5.00000000e+22 2.61300000e+03
5.00000000e+22 2.61400000e+03
5.00000000e+22 2.61500000e+03
5.00000000e+22 2.61600000e+03
5.00000000e+22 2.61700000e+03
5.00000000e+22 2.61800000e+03
5.00000000e+22 2.61900000e+03
5.00000000e+22 2.62000000e+03
5.00000000e+22 2.62100000e+03
5.00000000e+22 2.62200000e+03
5.00000000e+22 2.62300000e+03
5.00000000e+22 2.62400000e+03
5.00000000e+22 2.62500000e+03
5.00000000e+22 2.62600000e+03
5.00000000e+22 2.62700000e+03
5.00000000e+22 2.62800000e+03
5.00000000e+22 2.62900000e+03
5.00000000e+22 2.63000000e+03
5.00000000e+22 2.63100000e+03
5.00000000e+22 2.63200000e+03
5.00000000e+22 2.63300000e+03
5.00000000e+22 2.63400000e+03
5.00000000e+22 2.63500000e+03
5.00000000e+22 2.63600000e+03
5.00000000e+22 2.63700000e+03
5.00000000e+22 2.63800000e+03
5.00000000e+22 2.63900000e+03
5.00000000e+22 2.64000000e+03
5.00000000e+22 2.64100000e+03
5.00000000e+22 2.64200000e+03
5.00000000e+22 2.64300000e+03
5.00000000e+22 2.64400000e+03
5.00000000e+22 2.64500000e+03
5.00000000e+22 2.64600000e+03
5.00000000e+22 2.64700000e+03
5.00000000e+22 2.64800000e+03
5.00000000e+22 2.64900000e+03
5.00000000e+22 2.65000000e+03
5.00000000e+22 2.65100000e+03
5.00000000e+22 2.65200000e+03
5.00000000e+22 2.65300000e+03
5.00000000e+22 2.65400000e+03
5.00000000e+22 2.65500000e+03
5.00000000e+22 2.65600000e+03
5.00000000e+22 2.65700000e+03
5.00000000e+22 2.65800000e+03
5.00000000e+22 2.65900000e+03
5.00000000e+22 2.66000000e+03
5.00000000e+22 2.66100000e+03
5.00000000e+22 2.66200000e+03
5.00000000e+22 2.66300000e+03
5.00000000e+22 2.66400000e+03
5.00000000e+22 2.66500000e+03
5.00000000e+22 2.66600000e+03
5.00000000e+22 2.66700000e+03
5.00000000e+22 2.66800000e+03
5.00000000e+22 2.66900000e+03
5.00000000e+22 2.67000000e+03
5.00000000e+22 2.67100000e+03
5.00000000e+22 2.67200000e+03
5.00000000e+22 2.67300000e+03
5.00000000e+22 2.67400000e+03
5.00000000e+22 2.67500000e+03
5.00000000e+22 2.67600000e+03
5.00000000e+22 2.67700000e+03
5.00000000e+22 2.67800000e+03
5.00000000e+22 2.67900000e+03
5.00000000e+22 2.68000000e+03
5.00000000e+22 2.68100000e+03
5.00000000e+22 2.68200000e+03
5.00000000e+22 2.68300000e+03
5.00000000e+22 2.68400000e+03
5.00000000e+22 2.68500000e+03
5.00000000e+22 2.68600000e+03
5.00000000e+22 2.68700000e+03
5.00000000e+22 2.68800000e+03
5.00000000e+22 2.68900000e+03
5.00000000e+22 2.69000000e+03
5.00000000e+22 2.69100000e+03
5.00000000e+22 2.69200000e+03
5.00000000e+22 2.69300000e+03
5.00000000e+22 2.69400000e+03
5.00000000e+22 2.69500000e+03
5.00000000e+22 2.69600000e+03
5.00000000e+22 2.69700000e+03
5.00000000e+22 2.69800000e+03
5.00000000e+22 2.69900000e+03
5.00000000e+22 2.70000000e+03
5.00000000e+22 2.70100000e+03
5.00000000e+22 2.70200000e+03
5.00000000e+22 2.70300000e+03
5.00000000e+22 2.70400000e+03
5.00000000e+22 2.70500000e+03
5.00000000e+22 2.70600000e+03
5.00000000e+22 2.70700000e+03
5.00000000e+22 2.70800000e+03
5.00000000e+22 2.70900000e+03
5.00000000e+22 2.71000000e+03
5.00000000e+22 2.71100000e+03
5.00000000e+22 2.71200000e+03
5.00000000e+22 2.71300000e+03
5.00000000e+22 2.71400000e+03
5.00000000e+22 2.71500000e+03
5.00000000e+22 2.71600000e+03
5.00000000e+22 2.71700000e+03
5.00000000e+22 2.71800000e+03
5.00000000e+22 2.71900000e+03
5.00000000e+22 2.72000000e+03
5.00000000e+22 2.72100000e+03
5.00000000e+22 2.72200000e+03
5.00000000e+22 2.72300000e+03
5.00000000e+22 2.72400000e+03
5.00000000e+22 2.72500000e+03
5.00000000e+22 2.72600000e+03
5.00000000e+22 2.72700000e+03
5.00000000e+22 2.72800000e+03
5.00000000e+22 2.72900000e+03
5.00000000e+22 2.73000000e+03
5.00000000e+22 2.73100000e+03
5.00000000e+22 2.73200000e+03
5.00000000e+22 2.73300000e+03
5.00000000e+22 2.73400000e+03
5.00000000e+22 2.73500000e+03
5.00000000e+22 2.73600000e+03
5.00000000e+22 2.73700000e+03
5.00000000e+22 2.73800000e+03
5.00000000e+22 2.73900000e+03
5.00000000e+22 2.74000000e+03
5.00000000e+22 2.74100000e+03
5.00000000e+22 2.74200000e+03
5.00000000e+22 2.74300000e+03
5.00000000e+22 2.74400000e+03
5.00000000e+22 2.74500000e+03
5.00000000e+22 2.74600000e+03
5.00000000e+22 2.74700000e+03
5.00000000e+22 2.74800000e+03
5.00000000e+22 2.74900000e+03
5.00000000e+22 2.75000000e+03
5.00000000e+22 2.75100000e+03
5.00000000e+22 2.75200000e+03
5.00000000e+22 2.75300000e+03
5.00000000e+22 2.75400000e+03
5.00000000e+22 2.75500000e+03
5.00000000e+22 2.75600000e+03
5.00000000e+22 2.75700000e+03
5.00000000e+22 2.75800000e+03
5.00000000e+22 2.75900000e+03
5.00000000e+22 2.76000000e+03
5.00000000e+22 2.76100000e+03
5.00000000e+22 2.76200000e+03
5.00000000e+22 2.76300000e+03
5.00000000e+22 2.76400000e+03
5.00000000e+22 2.76500000e+03
5.00000000e+22 2.76600000e+03
5.00000000e+22 2.76700000e+03
5.00000000e+22 2.76800000e+03
5.00000000e+22 2.76900000e+03
5.00000000e+22 2.77000000e+03
5.00000000e+22 2.77100000e+03
5.00000000e+22 2.77200000e+03
5.00000000e+22 2.77300000e+03
5.00000000e+22 2.77400000e+03
5.00000000e+22 2.77500000e+03
5.00000000e+22 2.77600000e+03
5.00000000e+22 2.77700000e+03
5.00000000e+22 2.77800000e+03
5.00000000e+22 2.77900000e+03
5.00000000e+22 2.78000000e+03
5.00000000e+22 2.78100000e+03
5.00000000e+22 2.78200000e+03
5.00000000e+22 2.78300000e+03
5.00000000e+22 2.78400000e+03
5.00000000e+22 2.78500000e+03
5.00000000e+22 2.78600000e+03
5.00000000e+22 2.78700000e+03
5.00000000e+22 2.78800000e+03
5.00000000e+22 2.78900000e+03
5.00000000e+22 2.79000000e+03
5.00000000e+22 2.79100000e+03
5.00000000e+22 2.79200000e+03
5.00000000e+22 2.79300000e+03
5.00000000e+22 2.79400000e+03
5.00000000e+22 2.79500000e+03
5.00000000e+22 2.79600000e+03
5.00000000e+22 2.79700000e+03
5.00000000e+22 2.79800000e+03
5.00000000e+22 2.79900000e+03
5.00000000e+22 2.80000000e+03
5.00000000e+22 2.80100000e+03
5.00000000e+22 2.80200000e+03
5.00000000e+22 2.80300000e+03
5.00000000e+22 2.80400000e+03
5.00000000e+22 2.80500000e+03
5.00000000e+22 2.80600000e+03
5.00000000e+22 2.80700000e+03
5.00000000e+22 2.80800000e+03
5.00000000e+22 2.80900000e+03
5.00000000e+22 2.81000000e+03
5.00000000e+22 2.81100000e+03
5.00000000e+22 2.81200000e+03
5.00000000e+22 2.81300000e+03
5.00000000e+22 2.81400000e+03
5.00000000e+22 2.81500000e+03
5.00000000e+22 2.81600000e+03
5.00000000e+22 2.81700000e+03
5.00000000e+22 2.81800000e+03
5.00000000e+22 2.81900000e+03
5.00000000e+22 2.82000000e+03
5.00000000e+22 2.82100000e+03
5.00000000e+22 2.82200000e+03
5.00000000e+22 2.82300000e+03
5.00000000e+22 2.82400000e+03
5.00000000e+22 2.82500000e+03
5.00000000e+22 2.82600000e+03
5.00000000e+22 2.82700000e+03
5.00000000e+22 2.82800000e+03
5.00000000e+22 2.82900000e+03
5.00000000e+22 2.83000000e+03
5.00000000e+22 2.83100000e+03
5.00000000e+22 2.83200000e+03
5.00000000e+22 2.83300000e+03
5.00000000e+22 2.83400000e+03
5.00000000e+22 2.83500000e+03
5.00000000e+22 2.83600000e+03
5.00000000e+22 2.83700000e+03
5.00000000e+22 2.83800000e+03
5.00000000e+22 2.83900000e+03
5.00000000e+22 2.84000000e+03
5.00000000e+22 2.84100000e+03
5.00000000e+22 2.84200000e+03
5.00000000e+22 2.84300000e+03
5.00000000e+22 2.84400000e+03
5.00000000e+22 2.84500000e+03
5.00000000e+22 2.84600000e+03
5.00000000e+22 2.84700000e+03
5.00000000e+22 2.84800000e+03
5.00000000e+22 2.84900000e+03
5.00000000e+22 2.85000000e+03
5.00000000e+22 2.85100000e+03
5.00000000e+22 2.85200000e+03
5.00000000e+22 2.85300000e+03
5.00000000e+22 2.85400000e+03
5.00000000e+22 2.85500000e+03
5.00000000e+22 2.85600000e+03
5.00000000e+22 2.85700000e+03
5.00000000e+22 2.85800000e+03
5.00000000e+22 2.85900000e+03
5.00000000e+22 2.86000000e+03
5.00000000e+22 2.86100000e+03
5.00000000e+22 2.86200000e+03
5.00000000e+22 2.86300000e+03
5.00000000e+22 2.86400000e+03
5.00000000e+22 2.86500000e+03
5.00000000e+22 2.86600000e+03
5.00000000e+22 2.86700000e+03
5.00000000e+22 2.86800000e+03
5.00000000e+22 2.86900000e+03
5.00000000e+22 2.87000000e+03
5.00000000e+22 2.87100000e+03
5.00000000e+22 2.87200000e+03
5.00000000e+22 2.87300000e+03
5.00000000e+22 2.87400000e+03
5.00000000e+22 2.87500000e+03
5.00000000e+22 2.87600000e+03
5.00000000e+22 2.87700000e+03
5.00000000e+22 2.87800000e+03
5.00000000e+22 2.87900000e+03
5.00000000e+22 2.88000000e+03
5.00000000e+22 2.88100000e+03
5.00000000e+22 2.88200000e+03
5.00000000e+22 2.88300000e+03
5.00000000e+22 2.88400000e+03
5.00000000e+22 2.88500000e+03
5.00000000e+22 2.88600000e+03
5.00000000e+22 2.88700000e+03
5.00000000e+22 2.88800000e+03
5.00000000e+22 2.88900000e+03
5.00000000e+22 2.89000000e+03
