1.49091451e+20 0.00000000e+00
1.49106851e+20 1.00000000e+00
1.49123012e+20 2.00000000e+00
1.49139925e+20 3.00000000e+00
1.49157581e+20 4.00000000e+00
1.49175970e+20 5.00000000e+00
1.49195085e+20 6.00000000e+00
1.49214916e+20 7.00000000e+00
1.49235454e+20 8.00000000e+00
1.49256690e+20 9.00000000e+00
1.49278615e+20 1.00000000e+01
1.49301221e+20 1.10000000e+01
1.49324498e+20 1.20000000e+01
1.49348438e+20 1.30000000e+01
1.49373031e+20 1.40000000e+01
1.49398269e+20 1.50000000e+01
1.49424142e+20 1.60000000e+01
1.49450643e+20 1.70000000e+01
1.49477761e+20 1.80000000e+01
1.49505488e+20 1.90000000e+01
1.49533816e+20 2.00000000e+01
1.49562734e+20 2.10000000e+01
1.49592235e+20 2.20000000e+01
1.49622310e+20 2.30000000e+01
1.49652949e+20 2.40000000e+01
1.49684143e+20 2.50000000e+01
1.49715884e+20 2.60000000e+01
1.49748163e+20 2.70000000e+01
1.49780970e+20 2.80000000e+01
1.49814298e+20 2.90000000e+01
1.49848136e+20 3.00000000e+01
1.49882477e+20 3.10000000e+01
1.49917310e+20 3.20000000e+01
1.49952628e+20 3.30000000e+01
1.49988421e+20 3.40000000e+01
1.50024681e+20 3.50000000e+01
1.50061398e+20 3.60000000e+01
1.50098563e+20 3.70000000e+01
1.50136168e+20 3.80000000e+01
1.50174203e+20 3.90000000e+01
1.50212660e+20 4.00000000e+01
1.50251529e+20 4.10000000e+01
1.50290802e+20 4.20000000e+01
1.50330470e+20 4.30000000e+01
1.50370523e+20 4.40000000e+01
1.50410953e+20 4.50000000e+01
1.50451750e+20 4.60000000e+01
1.50492906e+20 4.70000000e+01
1.50534412e+20 4.80000000e+01
1.50576258e+20 4.90000000e+01
1.50618436e+20 5.00000000e+01
1.50660937e+20 5.10000000e+01
1.50703750e+20 5.20000000e+01
1.50746869e+20 5.30000000e+01
1.50790282e+20 5.40000000e+01
1.50833982e+20 5.50000000e+01
1.50877959e+20 5.60000000e+01
1.50922204e+20 5.70000000e+01
1.50966707e+20 5.80000000e+01
1.51011461e+20 5.90000000e+01
1.51056456e+20 6.00000000e+01
1.51101682e+20 6.10000000e+01
1.51147130e+20 6.20000000e+01
1.51192792e+20 6.30000000e+01
1.51238658e+20 6.40000000e+01
1.51284718e+20 6.50000000e+01
1.51331000e+20 6.60000000e+01
1.51377989e+20 6.70000000e+01
1.51425844e+20 6.80000000e+01
1.51474561e+20 6.90000000e+01
1.51524138e+20 7.00000000e+01
1.51574573e+20 7.10000000e+01
1.51625863e+20 7.20000000e+01
1.51678005e+20 7.30000000e+01
1.51730997e+20 7.40000000e+01
1.51784836e+20 7.50000000e+01
1.51839519e+20 7.60000000e+01
1.51895045e+20 7.70000000e+01
1.51951411e+20 7.80000000e+01
1.52008613e+20 7.90000000e+01
1.52066651e+20 8.00000000e+01
1.52125520e+20 8.10000000e+01
1.52185219e+20 8.20000000e+01
1.52245745e+20 8.30000000e+01
1.52307096e+20 8.40000000e+01
1.52369269e+20 8.50000000e+01
1.52432262e+20 8.60000000e+01
1.52496073e+20 8.70000000e+01
1.52560698e+20 8.80000000e+01
1.52626136e+20 8.90000000e+01
1.52692383e+20 9.00000000e+01
1.52759439e+20 9.10000000e+01
1.52827299e+20 9.20000000e+01
1.52895963e+20 9.30000000e+01
1.52965427e+20 9.40000000e+01
1.53035689e+20 9.50000000e+01
1.53106747e+20 9.60000000e+01
1.53178598e+20 9.70000000e+01
1.53251239e+20 9.80000000e+01
1.53324670e+20 9.90000000e+01
1.53398887e+20 1.00000000e+02
1.53473887e+20 1.01000000e+02
1.53549669e+20 1.02000000e+02
1.53626230e+20 1.03000000e+02
1.53703568e+20 1.04000000e+02
1.53781681e+20 1.05000000e+02
1.53860565e+20 1.06000000e+02
1.53940220e+20 1.07000000e+02
1.54020641e+20 1.08000000e+02
1.54101829e+20 1.09000000e+02
1.54183779e+20 1.10000000e+02
1.54266489e+20 1.11000000e+02
1.54349958e+20 1.12000000e+02
1.54434183e+20 1.13000000e+02
1.54519161e+20 1.14000000e+02
1.54604891e+20 1.15000000e+02
1.54691370e+20 1.16000000e+02
1.54778595e+20 1.17000000e+02
1.54866565e+20 1.18000000e+02
1.54955278e+20 1.19000000e+02
1.55044730e+20 1.20000000e+02
1.55134920e+20 1.21000000e+02
1.55225845e+20 1.22000000e+02
1.55317504e+20 1.23000000e+02
1.55409893e+20 1.24000000e+02
1.55503011e+20 1.25000000e+02
1.55596855e+20 1.26000000e+02
1.55691423e+20 1.27000000e+02
1.55786713e+20 1.28000000e+02
1.55882723e+20 1.29000000e+02
1.55979450e+20 1.30000000e+02
1.56076892e+20 1.31000000e+02
1.56175233e+20 1.32000000e+02
1.56275145e+20 1.33000000e+02
1.56376685e+20 1.34000000e+02
1.56479849e+20 1.35000000e+02
1.56584633e+20 1.36000000e+02
1.56691033e+20 1.37000000e+02
1.56799045e+20 1.38000000e+02
1.56908665e+20 1.39000000e+02
1.57019891e+20 1.40000000e+02
1.57132716e+20 1.41000000e+02
1.57247139e+20 1.42000000e+02
1.57363155e+20 1.43000000e+02
1.57480761e+20 1.44000000e+02
1.57599952e+20 1.45000000e+02
1.57720726e+20 1.46000000e+02
1.57843079e+20 1.47000000e+02
1.57967006e+20 1.48000000e+02
1.58092505e+20 1.49000000e+02
1.58219572e+20 1.50000000e+02
1.58348203e+20 1.51000000e+02
1.58478395e+20 1.52000000e+02
1.58610145e+20 1.53000000e+02
1.58743449e+20 1.54000000e+02
1.58878303e+20 1.55000000e+02
1.59014704e+20 1.56000000e+02
1.59152649e+20 1.57000000e+02
1.59292135e+20 1.58000000e+02
1.59433157e+20 1.59000000e+02
1.59575713e+20 1.60000000e+02
1.59719800e+20 1.61000000e+02
1.59865413e+20 1.62000000e+02
1.60012550e+20 1.63000000e+02
1.60161208e+20 1.64000000e+02
1.60311384e+20 1.65000000e+02
1.60463073e+20 1.66000000e+02
1.60616273e+20 1.67000000e+02
1.60770981e+20 1.68000000e+02
1.60927193e+20 1.69000000e+02
1.61084907e+20 1.70000000e+02
1.61244118e+20 1.71000000e+02
1.61404825e+20 1.72000000e+02
1.61567023e+20 1.73000000e+02
1.61730711e+20 1.74000000e+02
1.61895884e+20 1.75000000e+02
1.62062539e+20 1.76000000e+02
1.62230674e+20 1.77000000e+02
1.62400286e+20 1.78000000e+02
1.62571370e+20 1.79000000e+02
1.62743925e+20 1.80000000e+02
1.62917947e+20 1.81000000e+02
1.63093434e+20 1.82000000e+02
1.63270381e+20 1.83000000e+02
1.63448787e+20 1.84000000e+02
1.63628647e+20 1.85000000e+02
1.63809960e+20 1.86000000e+02
1.63992722e+20 1.87000000e+02
1.64176930e+20 1.88000000e+02
1.64362581e+20 1.89000000e+02
1.64549671e+20 1.90000000e+02
1.64738199e+20 1.91000000e+02
1.64928162e+20 1.92000000e+02
1.65119555e+20 1.93000000e+02
1.65312376e+20 1.94000000e+02
1.65506623e+20 1.95000000e+02
1.65702291e+20 1.96000000e+02
1.65899379e+20 1.97000000e+02
1.66098588e+20 1.98000000e+02
1.66300757e+20 1.99000000e+02
1.66505884e+20 2.00000000e+02
1.66713964e+20 2.01000000e+02
1.66924995e+20 2.02000000e+02
1.67138974e+20 2.03000000e+02
1.67355896e+20 2.04000000e+02
1.67575758e+20 2.05000000e+02
1.67798558e+20 2.06000000e+02
1.68024293e+20 2.07000000e+02
1.68252959e+20 2.08000000e+02
1.68484554e+20 2.09000000e+02
1.68719075e+20 2.10000000e+02
1.68956519e+20 2.11000000e+02
1.69196883e+20 2.12000000e+02
1.69440165e+20 2.13000000e+02
1.69686363e+20 2.14000000e+02
1.69935473e+20 2.15000000e+02
1.70187494e+20 2.16000000e+02
1.70442423e+20 2.17000000e+02
1.70700257e+20 2.18000000e+02
1.70960996e+20 2.19000000e+02
1.71224635e+20 2.20000000e+02
1.71491175e+20 2.21000000e+02
1.71760611e+20 2.22000000e+02
1.72032943e+20 2.23000000e+02
1.72308169e+20 2.24000000e+02
1.72586286e+20 2.25000000e+02
1.72867293e+20 2.26000000e+02
1.73151188e+20 2.27000000e+02
1.73437970e+20 2.28000000e+02
1.73727636e+20 2.29000000e+02
1.74020185e+20 2.30000000e+02
1.74315615e+20 2.31000000e+02
1.74613926e+20 2.32000000e+02
1.74915114e+20 2.33000000e+02
1.75219180e+20 2.34000000e+02
1.75526122e+20 2.35000000e+02
1.75835937e+20 2.36000000e+02
1.76148625e+20 2.37000000e+02
1.76464185e+20 2.38000000e+02
1.76782615e+20 2.39000000e+02
1.77103914e+20 2.40000000e+02
1.77428080e+20 2.41000000e+02
1.77755114e+20 2.42000000e+02
1.78085012e+20 2.43000000e+02
1.78417775e+20 2.44000000e+02
1.78753401e+20 2.45000000e+02
1.79091888e+20 2.46000000e+02
1.79433237e+20 2.47000000e+02
1.79777446e+20 2.48000000e+02
1.80124513e+20 2.49000000e+02
1.80474438e+20 2.50000000e+02
1.80827221e+20 2.51000000e+02
1.81182858e+20 2.52000000e+02
1.81541351e+20 2.53000000e+02
1.81902697e+20 2.54000000e+02
1.82266897e+20 2.55000000e+02
1.82633948e+20 2.56000000e+02
1.83003850e+20 2.57000000e+02
1.83376603e+20 2.58000000e+02
1.83752204e+20 2.59000000e+02
1.84130653e+20 2.60000000e+02
1.84511950e+20 2.61000000e+02
1.84896093e+20 2.62000000e+02
1.85283175e+20 2.63000000e+02
1.85674944e+20 2.64000000e+02
1.86072068e+20 2.65000000e+02
1.86474549e+20 2.66000000e+02
1.86882394e+20 2.67000000e+02
1.87295607e+20 2.68000000e+02
1.87714193e+20 2.69000000e+02
1.88138156e+20 2.70000000e+02
1.88567503e+20 2.71000000e+02
1.89002239e+20 2.72000000e+02
1.89442370e+20 2.73000000e+02
1.89887902e+20 2.74000000e+02
1.90338842e+20 2.75000000e+02
1.90795195e+20 2.76000000e+02
1.91256968e+20 2.77000000e+02
1.91724169e+20 2.78000000e+02
1.92196804e+20 2.79000000e+02
1.92674881e+20 2.80000000e+02
1.93158406e+20 2.81000000e+02
1.93647388e+20 2.82000000e+02
1.94141834e+20 2.83000000e+02
1.94641752e+20 2.84000000e+02
1.95147150e+20 2.85000000e+02
1.95658037e+20 2.86000000e+02
1.96174420e+20 2.87000000e+02
1.96696308e+20 2.88000000e+02
1.97223711e+20 2.89000000e+02
1.97756636e+20 2.90000000e+02
1.98295092e+20 2.91000000e+02
1.98839090e+20 2.92000000e+02
1.99388638e+20 2.93000000e+02
1.99943745e+20 2.94000000e+02
2.00504421e+20 2.95000000e+02
2.01070675e+20 2.96000000e+02
2.01642518e+20 2.97000000e+02
2.02219959e+20 2.98000000e+02
2.02803009e+20 2.99000000e+02
2.03391676e+20 3.00000000e+02
2.03985972e+20 3.01000000e+02
2.04585907e+20 3.02000000e+02
2.05191491e+20 3.03000000e+02
2.05802734e+20 3.04000000e+02
2.06419648e+20 3.05000000e+02
2.07042243e+20 3.06000000e+02
2.07670529e+20 3.07000000e+02
2.08304518e+20 3.08000000e+02
2.08944220e+20 3.09000000e+02
2.09589647e+20 3.10000000e+02
2.10240809e+20 3.11000000e+02
2.10897717e+20 3.12000000e+02
2.11560384e+20 3.13000000e+02
2.12228819e+20 3.14000000e+02
2.12903035e+20 3.15000000e+02
2.13583042e+20 3.16000000e+02
2.14268852e+20 3.17000000e+02
2.14960476e+20 3.18000000e+02
2.15657927e+20 3.19000000e+02
2.16361215e+20 3.20000000e+02
2.17070351e+20 3.21000000e+02
2.17785348e+20 3.22000000e+02
2.18506217e+20 3.23000000e+02
2.19232970e+20 3.24000000e+02
2.19965617e+20 3.25000000e+02
2.20704172e+20 3.26000000e+02
2.21448645e+20 3.27000000e+02
2.22199048e+20 3.28000000e+02
2.22956092e+20 3.29000000e+02
2.23722774e+20 3.30000000e+02
2.24499463e+20 3.31000000e+02
2.25286195e+20 3.32000000e+02
2.26083006e+20 3.33000000e+02
2.26889932e+20 3.34000000e+02
2.27707012e+20 3.35000000e+02
2.28534282e+20 3.36000000e+02
2.29371782e+20 3.37000000e+02
2.30219550e+20 3.38000000e+02
2.31077625e+20 3.39000000e+02
2.31946049e+20 3.40000000e+02
2.32824860e+20 3.41000000e+02
2.33714102e+20 3.42000000e+02
2.34613814e+20 3.43000000e+02
2.35524039e+20 3.44000000e+02
2.36444820e+20 3.45000000e+02
2.37376200e+20 3.46000000e+02
2.38318223e+20 3.47000000e+02
2.39270932e+20 3.48000000e+02
2.40234373e+20 3.49000000e+02
2.41208589e+20 3.50000000e+02
2.42193628e+20 3.51000000e+02
2.43189534e+20 3.52000000e+02
2.44196353e+20 3.53000000e+02
2.45214134e+20 3.54000000e+02
2.46242923e+20 3.55000000e+02
2.47282767e+20 3.56000000e+02
2.48333715e+20 3.57000000e+02
2.49395816e+20 3.58000000e+02
2.50469117e+20 3.59000000e+02
2.51553669e+20 3.60000000e+02
2.52649521e+20 3.61000000e+02
2.53756723e+20 3.62000000e+02
2.54875325e+20 3.63000000e+02
2.56005379e+20 3.64000000e+02
2.57146934e+20 3.65000000e+02
2.58300044e+20 3.66000000e+02
2.59464759e+20 3.67000000e+02
2.60641131e+20 3.68000000e+02
2.61829213e+20 3.69000000e+02
2.63029058e+20 3.70000000e+02
2.64240718e+20 3.71000000e+02
2.65464247e+20 3.72000000e+02
2.66699698e+20 3.73000000e+02
2.67947125e+20 3.74000000e+02
2.69206583e+20 3.75000000e+02
2.70478125e+20 3.76000000e+02
2.71761806e+20 3.77000000e+02
2.73057681e+20 3.78000000e+02
2.74365805e+20 3.79000000e+02
2.75686232e+20 3.80000000e+02
2.77019019e+20 3.81000000e+02
2.78364220e+20 3.82000000e+02
2.79721892e+20 3.83000000e+02
2.81092091e+20 3.84000000e+02
2.82474872e+20 3.85000000e+02
2.83870292e+20 3.86000000e+02
2.85278406e+20 3.87000000e+02
2.86699272e+20 3.88000000e+02
2.88132946e+20 3.89000000e+02
2.89579485e+20 3.90000000e+02
2.91038944e+20 3.91000000e+02
2.92511382e+20 3.92000000e+02
2.93996854e+20 3.93000000e+02
2.95495418e+20 3.94000000e+02
2.97009839e+20 3.95000000e+02
2.98544038e+20 3.96000000e+02
3.00098171e+20 3.97000000e+02
3.01672369e+20 3.98000000e+02
3.03266764e+20 3.99000000e+02
3.04881489e+20 4.00000000e+02
3.06516680e+20 4.01000000e+02
3.08172475e+20 4.02000000e+02
3.09849011e+20 4.03000000e+02
3.11546428e+20 4.04000000e+02
3.13264867e+20 4.05000000e+02
3.15004473e+20 4.06000000e+02
3.16765388e+20 4.07000000e+02
3.18547759e+20 4.08000000e+02
3.20351733e+20 4.09000000e+02
3.22177458e+20 4.10000000e+02
3.24025085e+20 4.11000000e+02
3.25894765e+20 4.12000000e+02
3.27786652e+20 4.13000000e+02
3.29700898e+20 4.14000000e+02
3.31637661e+20 4.15000000e+02
3.33597096e+20 4.16000000e+02
3.35579362e+20 4.17000000e+02
3.37584620e+20 4.18000000e+02
3.39613029e+20 4.19000000e+02
3.41664752e+20 4.20000000e+02
3.43739953e+20 4.21000000e+02
3.45838796e+20 4.22000000e+02
3.47961447e+20 4.23000000e+02
3.50108074e+20 4.24000000e+02
3.52278845e+20 4.25000000e+02
3.54473929e+20 4.26000000e+02
3.56693498e+20 4.27000000e+02
3.58937722e+20 4.28000000e+02
3.61206776e+20 4.29000000e+02
3.63500833e+20 4.30000000e+02
3.65820069e+20 4.31000000e+02
3.68164660e+20 4.32000000e+02
3.70534783e+20 4.33000000e+02
3.72930616e+20 4.34000000e+02
3.75352340e+20 4.35000000e+02
3.77800134e+20 4.36000000e+02
3.80274179e+20 4.37000000e+02
3.82774659e+20 4.38000000e+02
3.85301755e+20 4.39000000e+02
3.87855651e+20 4.40000000e+02
3.90436534e+20 4.41000000e+02
3.93044588e+20 4.42000000e+02
3.95679999e+20 4.43000000e+02
3.98342955e+20 4.44000000e+02
4.01033644e+20 4.45000000e+02
4.03752254e+20 4.46000000e+02
4.06498975e+20 4.47000000e+02
4.09273996e+20 4.48000000e+02
4.12077508e+20 4.49000000e+02
4.14909702e+20 4.50000000e+02
4.17770770e+20 4.51000000e+02
4.20660904e+20 4.52000000e+02
4.23580296e+20 4.53000000e+02
4.26529139e+20 4.54000000e+02
4.29507626e+20 4.55000000e+02
4.32515953e+20 4.56000000e+02
4.35554311e+20 4.57000000e+02
4.38622897e+20 4.58000000e+02
4.41721903e+20 4.59000000e+02
4.44851816e+20 4.60000000e+02
4.48020456e+20 4.61000000e+02
4.51231540e+20 4.62000000e+02
4.54485460e+20 4.63000000e+02
4.57782611e+20 4.64000000e+02
4.61123391e+20 4.65000000e+02
4.64508203e+20 4.66000000e+02
4.67937455e+20 4.67000000e+02
4.71411560e+20 4.68000000e+02
4.74930931e+20 4.69000000e+02
4.78495990e+20 4.70000000e+02
4.82107160e+20 4.71000000e+02
4.85764869e+20 4.72000000e+02
4.89469550e+20 4.73000000e+02
4.93221638e+20 4.74000000e+02
4.97021573e+20 4.75000000e+02
5.00869799e+20 4.76000000e+02
5.04766765e+20 4.77000000e+02
5.08712922e+20 4.78000000e+02
5.12708727e+20 4.79000000e+02
5.16754638e+20 4.80000000e+02
5.20851119e+20 4.81000000e+02
5.24998639e+20 4.82000000e+02
5.29197666e+20 4.83000000e+02
5.33448677e+20 4.84000000e+02
5.37752150e+20 4.85000000e+02
5.42108567e+20 4.86000000e+02
5.46518413e+20 4.87000000e+02
5.50982178e+20 4.88000000e+02
5.55500355e+20 4.89000000e+02
5.60073439e+20 4.90000000e+02
5.64701931e+20 4.91000000e+02
5.69386333e+20 4.92000000e+02
5.74127151e+20 4.93000000e+02
5.78924895e+20 4.94000000e+02
5.83780077e+20 4.95000000e+02
5.88693214e+20 4.96000000e+02
5.93664824e+20 4.97000000e+02
5.98695428e+20 4.98000000e+02
6.03785553e+20 4.99000000e+02
6.08935724e+20 5.00000000e+02
6.14146473e+20 5.01000000e+02
6.19418333e+20 5.02000000e+02
6.24751838e+20 5.03000000e+02
6.30147528e+20 5.04000000e+02
6.35605944e+20 5.05000000e+02
6.41127627e+20 5.06000000e+02
6.46713124e+20 5.07000000e+02
6.52362981e+20 5.08000000e+02
6.58077749e+20 5.09000000e+02
6.63857979e+20 5.10000000e+02
6.69704225e+20 5.11000000e+02
6.75617041e+20 5.12000000e+02
6.81596985e+20 5.13000000e+02
6.87644616e+20 5.14000000e+02
6.93760492e+20 5.15000000e+02
6.99945176e+20 5.16000000e+02
7.06199230e+20 5.17000000e+02
7.12523218e+20 5.18000000e+02
7.18917703e+20 5.19000000e+02
7.25383253e+20 5.20000000e+02
7.31920432e+20 5.21000000e+02
7.38529807e+20 5.22000000e+02
7.45211946e+20 5.23000000e+02
7.51967416e+20 5.24000000e+02
7.58796784e+20 5.25000000e+02
7.65703702e+20 5.26000000e+02
7.72704435e+20 5.27000000e+02
7.79802170e+20 5.28000000e+02
7.86997978e+20 5.29000000e+02
7.94292941e+20 5.30000000e+02
8.01688151e+20 5.31000000e+02
8.09184713e+20 5.32000000e+02
8.16783740e+20 5.33000000e+02
8.24486355e+20 5.34000000e+02
8.32293695e+20 5.35000000e+02
8.40206903e+20 5.36000000e+02
8.48227135e+20 5.37000000e+02
8.56355557e+20 5.38000000e+02
8.64593343e+20 5.39000000e+02
8.72941680e+20 5.40000000e+02
8.81401763e+20 5.41000000e+02
8.89974797e+20 5.42000000e+02
8.98661998e+20 5.43000000e+02
9.07464589e+20 5.44000000e+02
9.16383807e+20 5.45000000e+02
9.25420893e+20 5.46000000e+02
9.34577101e+20 5.47000000e+02
9.43853694e+20 5.48000000e+02
9.53251942e+20 5.49000000e+02
9.62773126e+20 5.50000000e+02
9.72418534e+20 5.51000000e+02
9.82189465e+20 5.52000000e+02
9.92087222e+20 5.53000000e+02
1.00211312e+21 5.54000000e+02
1.01226849e+21 5.55000000e+02
1.02255464e+21 5.56000000e+02
1.03297293e+21 5.57000000e+02
1.04352470e+21 5.58000000e+02
1.05421129e+21 5.59000000e+02
1.06503408e+21 5.60000000e+02
1.07599442e+21 5.61000000e+02
1.08709369e+21 5.62000000e+02
1.09833326e+21 5.63000000e+02
1.10971453e+21 5.64000000e+02
1.12123888e+21 5.65000000e+02
1.13290771e+21 5.66000000e+02
1.14472243e+21 5.67000000e+02
1.15668444e+21 5.68000000e+02
1.16879514e+21 5.69000000e+02
1.18105597e+21 5.70000000e+02
1.19346833e+21 5.71000000e+02
1.20603366e+21 5.72000000e+02
1.21875337e+21 5.73000000e+02
1.23162890e+21 5.74000000e+02
1.24466168e+21 5.75000000e+02
1.25785315e+21 5.76000000e+02
1.27120474e+21 5.77000000e+02
1.28471789e+21 5.78000000e+02
1.29839404e+21 5.79000000e+02
1.31223464e+21 5.80000000e+02
1.32624111e+21 5.81000000e+02
1.34041490e+21 5.82000000e+02
1.35475746e+21 5.83000000e+02
1.36927021e+21 5.84000000e+02
1.38395459e+21 5.85000000e+02
1.39881204e+21 5.86000000e+02
1.41384398e+21 5.87000000e+02
1.42905186e+21 5.88000000e+02
1.44443708e+21 5.89000000e+02
1.46000107e+21 5.90000000e+02
1.47574524e+21 5.91000000e+02
1.49168651e+21 5.92000000e+02
1.50785265e+21 5.93000000e+02
1.52424669e+21 5.94000000e+02
1.54087132e+21 5.95000000e+02
1.55772922e+21 5.96000000e+02
1.57482311e+21 5.97000000e+02
1.59215573e+21 5.98000000e+02
1.60972984e+21 5.99000000e+02
1.62754821e+21 6.00000000e+02
1.64561366e+21 6.01000000e+02
1.66392899e+21 6.02000000e+02
1.68249706e+21 6.03000000e+02
1.70132072e+21 6.04000000e+02
1.72040285e+21 6.05000000e+02
1.73974636e+21 6.06000000e+02
1.75935416e+21 6.07000000e+02
1.77922919e+21 6.08000000e+02
1.79937440e+21 6.09000000e+02
1.81979276e+21 6.10000000e+02
1.84048726e+21 6.11000000e+02
1.86146089e+21 6.12000000e+02
1.88271669e+21 6.13000000e+02
1.90425768e+21 6.14000000e+02
1.92608691e+21 6.15000000e+02
1.94820744e+21 6.16000000e+02
1.97062234e+21 6.17000000e+02
1.99333471e+21 6.18000000e+02
2.01634764e+21 6.19000000e+02
2.03966423e+21 6.20000000e+02
2.06328761e+21 6.21000000e+02
2.08722090e+21 6.22000000e+02
2.11146725e+21 6.23000000e+02
2.13602979e+21 6.24000000e+02
2.16091168e+21 6.25000000e+02
2.18611607e+21 6.26000000e+02
2.21164612e+21 6.27000000e+02
2.23750501e+21 6.28000000e+02
2.26369590e+21 6.29000000e+02
2.29022195e+21 6.30000000e+02
2.31708635e+21 6.31000000e+02
2.34429227e+21 6.32000000e+02
2.37184287e+21 6.33000000e+02
2.39974132e+21 6.34000000e+02
2.42799079e+21 6.35000000e+02
2.45659444e+21 6.36000000e+02
2.48555541e+21 6.37000000e+02
2.51487687e+21 6.38000000e+02
2.54456194e+21 6.39000000e+02
2.57461375e+21 6.40000000e+02
2.60503542e+21 6.41000000e+02
2.63583006e+21 6.42000000e+02
2.66700074e+21 6.43000000e+02
2.69855056e+21 6.44000000e+02
2.73048255e+21 6.45000000e+02
2.76279977e+21 6.46000000e+02
2.79550522e+21 6.47000000e+02
2.82860190e+21 6.48000000e+02
2.86209279e+21 6.49000000e+02
2.89598083e+21 6.50000000e+02
2.93026893e+21 6.51000000e+02
2.96495999e+21 6.52000000e+02
3.00005687e+21 6.53000000e+02
3.03556239e+21 6.54000000e+02
3.07147934e+21 6.55000000e+02
3.10781047e+21 6.56000000e+02
3.14455997e+21 6.57000000e+02
3.18178845e+21 6.58000000e+02
3.21953079e+21 6.59000000e+02
3.25779271e+21 6.60000000e+02
3.29657994e+21 6.61000000e+02
3.33589825e+21 6.62000000e+02
3.37575344e+21 6.63000000e+02
3.41615132e+21 6.64000000e+02
3.45709774e+21 6.65000000e+02
3.49859856e+21 6.66000000e+02
3.54065965e+21 6.67000000e+02
3.58328693e+21 6.68000000e+02
3.62648631e+21 6.69000000e+02
3.67026373e+21 6.70000000e+02
3.71462513e+21 6.71000000e+02
3.75957647e+21 6.72000000e+02
3.80512373e+21 6.73000000e+02
3.85127289e+21 6.74000000e+02
3.89802992e+21 6.75000000e+02
3.94540083e+21 6.76000000e+02
3.99339160e+21 6.77000000e+02
4.04200823e+21 6.78000000e+02
4.09125671e+21 6.79000000e+02
4.14114303e+21 6.80000000e+02
4.19167317e+21 6.81000000e+02
4.24285310e+21 6.82000000e+02
4.29468878e+21 6.83000000e+02
4.34718617e+21 6.84000000e+02
4.40035120e+21 6.85000000e+02
4.45418978e+21 6.86000000e+02
4.50870779e+21 6.87000000e+02
4.56391112e+21 6.88000000e+02
4.61980560e+21 6.89000000e+02
4.67639705e+21 6.90000000e+02
4.73369123e+21 6.91000000e+02
4.79169389e+21 6.92000000e+02
4.85041074e+21 6.93000000e+02
4.90984743e+21 6.94000000e+02
4.97000958e+21 6.95000000e+02
5.03090275e+21 6.96000000e+02
5.09253246e+21 6.97000000e+02
5.15490415e+21 6.98000000e+02
5.21802323e+21 6.99000000e+02
5.28189504e+21 7.00000000e+02
5.34652482e+21 7.01000000e+02
5.41191778e+21 7.02000000e+02
5.47807904e+21 7.03000000e+02
5.54501363e+21 7.04000000e+02
5.61272651e+21 7.05000000e+02
5.68122255e+21 7.06000000e+02
5.75050653e+21 7.07000000e+02
5.82058313e+21 7.08000000e+02
5.89145692e+21 7.09000000e+02
5.96313239e+21 7.10000000e+02
6.03561389e+21 7.11000000e+02
6.10890569e+21 7.12000000e+02
6.18301191e+21 7.13000000e+02
6.25793656e+21 7.14000000e+02
6.33368352e+21 7.15000000e+02
6.41025654e+21 7.16000000e+02
6.48765923e+21 7.17000000e+02
6.56589505e+21 7.18000000e+02
6.64496731e+21 7.19000000e+02
6.72487917e+21 7.20000000e+02
6.80563365e+21 7.21000000e+02
6.88723357e+21 7.22000000e+02
6.96970605e+21 7.23000000e+02
7.05320301e+21 7.24000000e+02
7.13775815e+21 7.25000000e+02
7.22338099e+21 7.26000000e+02
7.31008102e+21 7.27000000e+02
7.39786772e+21 7.28000000e+02
7.48675051e+21 7.29000000e+02
7.57673880e+21 7.30000000e+02
7.66784196e+21 7.31000000e+02
7.76006928e+21 7.32000000e+02
7.85343005e+21 7.33000000e+02
7.94793347e+21 7.34000000e+02
8.04358870e+21 7.35000000e+02
8.14040482e+21 7.36000000e+02
8.23839085e+21 7.37000000e+02
8.33755574e+21 7.38000000e+02
8.43790835e+21 7.39000000e+02
8.53945746e+21 7.40000000e+02
8.64221176e+21 7.41000000e+02
8.74617984e+21 7.42000000e+02
8.85137020e+21 7.43000000e+02
8.95779120e+21 7.44000000e+02
9.06545113e+21 7.45000000e+02
9.17435812e+21 7.46000000e+02
9.28452019e+21 7.47000000e+02
9.39594523e+21 7.48000000e+02
9.50864098e+21 7.49000000e+02
9.62261505e+21 7.50000000e+02
9.73787487e+21 7.51000000e+02
9.85442774e+21 7.52000000e+02
9.97228076e+21 7.53000000e+02
1.00914409e+22 7.54000000e+02
1.02119149e+22 7.55000000e+02
1.03337093e+22 7.56000000e+02
1.04568305e+22 7.57000000e+02
1.05812847e+22 7.58000000e+02
1.07070778e+22 7.59000000e+02
1.08342156e+22 7.60000000e+02
1.09627036e+22 7.61000000e+02
1.10925470e+22 7.62000000e+02
1.12237508e+22 7.63000000e+02
1.13563199e+22 7.64000000e+02
1.14902588e+22 7.65000000e+02
1.16255716e+22 7.66000000e+02
1.17622624e+22 7.67000000e+02
1.19003348e+22 7.68000000e+02
1.20397922e+22 7.69000000e+02
1.21806377e+22 7.70000000e+02
1.23228740e+22 7.71000000e+02
1.24665036e+22 7.72000000e+02
1.26115285e+22 7.73000000e+02
1.27579505e+22 7.74000000e+02
1.29057710e+22 7.75000000e+02
1.30549911e+22 7.76000000e+02
1.32056114e+22 7.77000000e+02
1.33576322e+22 7.78000000e+02
1.35110534e+22 7.79000000e+02
1.36658745e+22 7.80000000e+02
1.38220946e+22 7.81000000e+02
1.39797124e+22 7.82000000e+02
1.41387261e+22 7.83000000e+02
1.42991334e+22 7.84000000e+02
1.44609318e+22 7.85000000e+02
1.46241182e+22 7.86000000e+02
1.47886889e+22 7.87000000e+02
1.49546398e+22 7.88000000e+02
1.51221082e+22 7.89000000e+02
1.52913719e+22 7.90000000e+02
1.54624476e+22 7.91000000e+02
1.56353450e+22 7.92000000e+02
1.58100735e+22 7.93000000e+02
1.59866421e+22 7.94000000e+02
1.61650598e+22 7.95000000e+02
1.63453353e+22 7.96000000e+02
1.65274770e+22 7.97000000e+02
1.67114931e+22 7.98000000e+02
1.68973914e+22 7.99000000e+02
1.70851795e+22 8.00000000e+02
1.72748647e+22 8.01000000e+02
1.74664541e+22 8.02000000e+02
1.76599542e+22 8.03000000e+02
1.78553715e+22 8.04000000e+02
1.80527120e+22 8.05000000e+02
1.82519814e+22 8.06000000e+02
1.84531850e+22 8.07000000e+02
1.86563278e+22 8.08000000e+02
1.88614142e+22 8.09000000e+02
1.90684486e+22 8.10000000e+02
1.92774348e+22 8.11000000e+02
1.94883760e+22 8.12000000e+02
1.97012753e+22 8.13000000e+02
1.99161352e+22 8.14000000e+02
2.01329578e+22 8.15000000e+02
2.03517446e+22 8.16000000e+02
2.05724969e+22 8.17000000e+02
2.07952153e+22 8.18000000e+02
2.10199001e+22 8.19000000e+02
2.12465508e+22 8.20000000e+02
2.14751666e+22 8.21000000e+02
2.17057462e+22 8.22000000e+02
2.19382876e+22 8.23000000e+02
2.21727884e+22 8.24000000e+02
2.24092456e+22 8.25000000e+02
2.26476555e+22 8.26000000e+02
2.28880139e+22 8.27000000e+02
2.31303161e+22 8.28000000e+02
2.33745566e+22 8.29000000e+02
2.36207293e+22 8.30000000e+02
2.38688276e+22 8.31000000e+02
2.41188441e+22 8.32000000e+02
2.43707708e+22 8.33000000e+02
2.46245991e+22 8.34000000e+02
2.48803194e+22 8.35000000e+02
2.51379218e+22 8.36000000e+02
2.53973955e+22 8.37000000e+02
2.56587288e+22 8.38000000e+02
2.59219096e+22 8.39000000e+02
2.61869248e+22 8.40000000e+02
2.64537605e+22 8.41000000e+02
2.67224024e+22 8.42000000e+02
2.69928348e+22 8.43000000e+02
2.72650418e+22 8.44000000e+02
2.75390063e+22 8.45000000e+02
2.78147105e+22 8.46000000e+02
2.80921358e+22 8.47000000e+02
2.83712627e+22 8.48000000e+02
2.86520708e+22 8.49000000e+02
2.89345388e+22 8.50000000e+02
2.92186448e+22 8.51000000e+02
2.95043656e+22 8.52000000e+02
2.97916774e+22 8.53000000e+02
3.00805630e+22 8.54000000e+02
3.03715124e+22 8.55000000e+02
3.06648303e+22 8.56000000e+02
3.09605167e+22 8.57000000e+02
3.12585708e+22 8.58000000e+02
3.15589913e+22 8.59000000e+02
3.18617765e+22 8.60000000e+02
3.21669239e+22 8.61000000e+02
3.24744307e+22 8.62000000e+02
3.27842933e+22 8.63000000e+02
3.30965075e+22 8.64000000e+02
3.34110688e+22 8.65000000e+02
3.37279717e+22 8.66000000e+02
3.40472102e+22 8.67000000e+02
3.43687778e+22 8.68000000e+02
3.46926671e+22 8.69000000e+02
3.50188702e+22 8.70000000e+02
3.53473786e+22 8.71000000e+02
3.56781827e+22 8.72000000e+02
3.60112728e+22 8.73000000e+02
3.63466379e+22 8.74000000e+02
3.66842666e+22 8.75000000e+02
3.70241468e+22 8.76000000e+02
3.73662654e+22 8.77000000e+02
3.77106087e+22 8.78000000e+02
3.80571622e+22 8.79000000e+02
3.84059107e+22 8.80000000e+02
3.87568379e+22 8.81000000e+02
3.91099270e+22 8.82000000e+02
3.94651602e+22 8.83000000e+02
3.98225190e+22 8.84000000e+02
4.01819840e+22 8.85000000e+02
4.05435348e+22 8.86000000e+02
4.09071503e+22 8.87000000e+02
4.12728084e+22 8.88000000e+02
4.16404863e+22 8.89000000e+02
4.20101600e+22 8.90000000e+02
4.23818048e+22 8.91000000e+02
4.27553951e+22 8.92000000e+02
4.31309042e+22 8.93000000e+02
4.35083046e+22 8.94000000e+02
4.38875677e+22 8.95000000e+02
4.42686641e+22 8.96000000e+02
4.46515632e+22 8.97000000e+02
4.50362336e+22 8.98000000e+02
4.54226429e+22 8.99000000e+02
4.58107577e+22 9.00000000e+02
4.62005434e+22 9.01000000e+02
4.65919645e+22 9.02000000e+02
4.69849846e+22 9.03000000e+02
4.73795661e+22 9.04000000e+02
4.77756704e+22 9.05000000e+02
4.81732578e+22 9.06000000e+02
4.85722876e+22 9.07000000e+02
4.89727180e+22 9.08000000e+02
4.93745061e+22 9.09000000e+02
4.97776081e+22 9.10000000e+02
5.01819789e+22 9.11000000e+02
5.05875724e+22 9.12000000e+02
5.09943414e+22 9.13000000e+02
5.14022375e+22 9.14000000e+02
5.18112114e+22 9.15000000e+02
5.22212126e+22 9.16000000e+02
5.26321893e+22 9.17000000e+02
5.30440889e+22 9.18000000e+02
5.34568575e+22 9.19000000e+02
5.38715432e+22 9.20000000e+02
5.42960141e+22 9.21000000e+02
5.47316323e+22 9.22000000e+02
5.51781549e+22 9.23000000e+02
5.56353307e+22 9.24000000e+02
5.61028992e+22 9.25000000e+02
5.65805898e+22 9.26000000e+02
5.70681211e+22 9.27000000e+02
5.75652004e+22 9.28000000e+02
5.80715227e+22 9.29000000e+02
5.85867703e+22 9.30000000e+02
5.91106120e+22 9.31000000e+02
5.96427025e+22 9.32000000e+02
6.01826814e+22 9.33000000e+02
6.07301733e+22 9.34000000e+02
6.12847866e+22 9.35000000e+02
6.18461132e+22 9.36000000e+02
6.24137278e+22 9.37000000e+02
6.29871876e+22 9.38000000e+02
6.35660315e+22 9.39000000e+02
6.41497799e+22 9.40000000e+02
6.47379344e+22 9.41000000e+02
6.53299769e+22 9.42000000e+02
6.59253698e+22 9.43000000e+02
6.65235552e+22 9.44000000e+02
6.71239552e+22 9.45000000e+02
6.77259713e+22 9.46000000e+02
6.83289842e+22 9.47000000e+02
6.89323540e+22 9.48000000e+02
6.95354201e+22 9.49000000e+02
7.01375008e+22 9.50000000e+02
7.07378940e+22 9.51000000e+02
7.13358770e+22 9.52000000e+02
7.19307066e+22 9.53000000e+02
7.25216199e+22 9.54000000e+02
7.31078340e+22 9.55000000e+02
7.36885471e+22 9.56000000e+02
7.42629384e+22 9.57000000e+02
7.48301695e+22 9.58000000e+02
7.53893842e+22 9.59000000e+02
7.59397100e+22 9.60000000e+02
7.64802587e+22 9.61000000e+02
7.70101275e+22 9.62000000e+02
7.75283997e+22 9.63000000e+02
7.80341466e+22 9.64000000e+02
7.85264279e+22 9.65000000e+02
7.90042937e+22 9.66000000e+02
7.94667858e+22 9.67000000e+02
7.99129391e+22 9.68000000e+02
8.03417834e+22 9.69000000e+02
8.07523452e+22 9.70000000e+02
8.11436494e+22 9.71000000e+02
8.15147213e+22 9.72000000e+02
8.18645887e+22 9.73000000e+02
8.21922838e+22 9.74000000e+02
8.24968458e+22 9.75000000e+02
8.27773227e+22 9.76000000e+02
8.30327742e+22 9.77000000e+02
8.32622733e+22 9.78000000e+02
8.34649099e+22 9.79000000e+02
8.36397923e+22 9.80000000e+02
8.37860503e+22 9.81000000e+02
8.39028381e+22 9.82000000e+02
8.39893362e+22 9.83000000e+02
8.40447548e+22 9.84000000e+02
8.40683362e+22 9.85000000e+02
8.40662696e+22 9.86000000e+02
8.40539264e+22 9.87000000e+02
8.40320212e+22 9.88000000e+02
8.40006805e+22 9.89000000e+02
8.39600340e+22 9.90000000e+02
8.39102144e+22 9.91000000e+02
8.38513569e+22 9.92000000e+02
8.37835995e+22 9.93000000e+02
8.37070826e+22 9.94000000e+02
8.36219490e+22 9.95000000e+02
8.35283436e+22 9.96000000e+02
8.34264135e+22 9.97000000e+02
8.33163075e+22 9.98000000e+02
8.31981765e+22 9.99000000e+02
8.30721729e+22 1.00000000e+03
8.29384507e+22 1.00100000e+03
8.27971652e+22 1.00200000e+03
8.26484731e+22 1.00300000e+03
8.24925323e+22 1.00400000e+03
8.23295016e+22 1.00500000e+03
8.21595408e+22 1.00600000e+03
8.19828106e+22 1.00700000e+03
8.17994721e+22 1.00800000e+03
8.16096874e+22 1.00900000e+03
8.14136186e+22 1.01000000e+03
8.12114285e+22 1.01100000e+03
8.10032800e+22 1.01200000e+03
8.07893361e+22 1.01300000e+03
8.05697600e+22 1.01400000e+03
8.03447146e+22 1.01500000e+03
8.01143629e+22 1.01600000e+03
7.98788675e+22 1.01700000e+03
7.96383907e+22 1.01800000e+03
7.93930942e+22 1.01900000e+03
7.91431396e+22 1.02000000e+03
7.88886874e+22 1.02100000e+03
7.86298978e+22 1.02200000e+03
7.83669301e+22 1.02300000e+03
7.80999427e+22 1.02400000e+03
7.78290932e+22 1.02500000e+03
7.75545381e+22 1.02600000e+03
7.72764331e+22 1.02700000e+03
7.69949325e+22 1.02800000e+03
7.67101896e+22 1.02900000e+03
7.64223565e+22 1.03000000e+03
7.61315840e+22 1.03100000e+03
7.58380214e+22 1.03200000e+03
7.55418168e+22 1.03300000e+03
7.52431168e+22 1.03400000e+03
7.49420666e+22 1.03500000e+03
7.46388098e+22 1.03600000e+03
7.43334885e+22 1.03700000e+03
7.40262430e+22 1.03800000e+03
7.37172123e+22 1.03900000e+03
7.34065335e+22 1.04000000e+03
7.30943421e+22 1.04100000e+03
7.27807718e+22 1.04200000e+03
7.24659547e+22 1.04300000e+03
7.21500209e+22 1.04400000e+03
7.18330990e+22 1.04500000e+03
7.15153155e+22 1.04600000e+03
7.11967953e+22 1.04700000e+03
7.08776614e+22 1.04800000e+03
7.05580348e+22 1.04900000e+03
7.02380349e+22 1.05000000e+03
6.99176284e+22 1.05100000e+03
6.95759675e+22 1.05200000e+03
6.91993060e+22 1.05300000e+03
6.87891786e+22 1.05400000e+03
6.83471468e+22 1.05500000e+03
6.78747930e+22 1.05600000e+03
6.73737144e+22 1.05700000e+03
6.68455174e+22 1.05800000e+03
6.62918127e+22 1.05900000e+03
6.57142094e+22 1.06000000e+03
6.51143111e+22 1.06100000e+03
6.44937105e+22 1.06200000e+03
6.38539855e+22 1.06300000e+03
6.31966953e+22 1.06400000e+03
6.25233764e+22 1.06500000e+03
6.18355393e+22 1.06600000e+03
6.11346655e+22 1.06700000e+03
6.04222046e+22 1.06800000e+03
5.96995715e+22 1.06900000e+03
5.89681446e+22 1.07000000e+03
5.82292631e+22 1.07100000e+03
5.74842263e+22 1.07200000e+03
5.67342910e+22 1.07300000e+03
5.59806711e+22 1.07400000e+03
5.52245362e+22 1.07500000e+03
5.44670111e+22 1.07600000e+03
5.37091750e+22 1.07700000e+03
5.29520613e+22 1.07800000e+03
5.21966577e+22 1.07900000e+03
5.14439057e+22 1.08000000e+03
5.06947013e+22 1.08100000e+03
4.99498952e+22 1.08200000e+03
4.92102933e+22 1.08300000e+03
4.84766574e+22 1.08400000e+03
4.77497059e+22 1.08500000e+03
4.70301147e+22 1.08600000e+03
4.63185185e+22 1.08700000e+03
4.56155114e+22 1.08800000e+03
4.49216483e+22 1.08900000e+03
4.42374462e+22 1.09000000e+03
4.35633853e+22 1.09100000e+03
4.28999105e+22 1.09200000e+03
4.22474328e+22 1.09300000e+03
4.16063305e+22 1.09400000e+03
4.09769511e+22 1.09500000e+03
4.03596123e+22 1.09600000e+03
3.97546035e+22 1.09700000e+03
3.91621880e+22 1.09800000e+03
3.85826034e+22 1.09900000e+03
3.80160642e+22 1.10000000e+03
3.74627625e+22 1.10100000e+03
3.69228700e+22 1.10200000e+03
3.63965391e+22 1.10300000e+03
3.58839047e+22 1.10400000e+03
3.53850854e+22 1.10500000e+03
3.49001852e+22 1.10600000e+03
3.44292948e+22 1.10700000e+03
3.39724929e+22 1.10800000e+03
3.35298475e+22 1.10900000e+03
3.31014179e+22 1.11000000e+03
3.26872551e+22 1.11100000e+03
3.22874038e+22 1.11200000e+03
3.19019036e+22 1.11300000e+03
3.15307900e+22 1.11400000e+03
3.11740959e+22 1.11500000e+03
3.08318530e+22 1.11600000e+03
3.05031764e+22 1.11700000e+03
3.01799713e+22 1.11800000e+03
2.98603422e+22 1.11900000e+03
2.95443025e+22 1.12000000e+03
2.92318639e+22 1.12100000e+03
2.89230361e+22 1.12200000e+03
2.86178273e+22 1.12300000e+03
2.83162441e+22 1.12400000e+03
2.80182912e+22 1.12500000e+03
2.77239722e+22 1.12600000e+03
2.74332889e+22 1.12700000e+03
2.71462419e+22 1.12800000e+03
2.68628302e+22 1.12900000e+03
2.65830517e+22 1.13000000e+03
2.63069029e+22 1.13100000e+03
2.60343794e+22 1.13200000e+03
2.57654752e+22 1.13300000e+03
2.55001836e+22 1.13400000e+03
2.52384966e+22 1.13500000e+03
2.49804052e+22 1.13600000e+03
2.47258998e+22 1.13700000e+03
2.44749694e+22 1.13800000e+03
2.42276024e+22 1.13900000e+03
2.39837865e+22 1.14000000e+03
2.37435085e+22 1.14100000e+03
2.35067544e+22 1.14200000e+03
2.32735097e+22 1.14300000e+03
2.30437592e+22 1.14400000e+03
2.28174870e+22 1.14500000e+03
2.25946768e+22 1.14600000e+03
2.23753118e+22 1.14700000e+03
2.21593746e+22 1.14800000e+03
2.19468475e+22 1.14900000e+03
2.17377122e+22 1.15000000e+03
2.15319504e+22 1.15100000e+03
2.13295430e+22 1.15200000e+03
2.11304711e+22 1.15300000e+03
2.09347153e+22 1.15400000e+03
2.07422559e+22 1.15500000e+03
2.05530732e+22 1.15600000e+03
2.03671473e+22 1.15700000e+03
2.01844580e+22 1.15800000e+03
2.00049853e+22 1.15900000e+03
1.98287090e+22 1.16000000e+03
1.96556088e+22 1.16100000e+03
1.94856646e+22 1.16200000e+03
1.93188560e+22 1.16300000e+03
1.91551629e+22 1.16400000e+03
1.89945653e+22 1.16500000e+03
1.88370432e+22 1.16600000e+03
1.86825768e+22 1.16700000e+03
1.85311463e+22 1.16800000e+03
1.83827324e+22 1.16900000e+03
1.82373156e+22 1.17000000e+03
1.80948770e+22 1.17100000e+03
1.79553978e+22 1.17200000e+03
1.78188595e+22 1.17300000e+03
1.76852437e+22 1.17400000e+03
1.75545327e+22 1.17500000e+03
1.74267089e+22 1.17600000e+03
1.73017551e+22 1.17700000e+03
1.71796545e+22 1.17800000e+03
1.70603908e+22 1.17900000e+03
1.69439479e+22 1.18000000e+03
1.68303104e+22 1.18100000e+03
1.67194632e+22 1.18200000e+03
1.66109582e+22 1.18300000e+03
1.65036439e+22 1.18400000e+03
1.63974616e+22 1.18500000e+03
1.62924131e+22 1.18600000e+03
1.61885003e+22 1.18700000e+03
1.60857248e+22 1.18800000e+03
1.59840879e+22 1.18900000e+03
1.58835910e+22 1.19000000e+03
1.57842350e+22 1.19100000e+03
1.56860209e+22 1.19200000e+03
1.55889494e+22 1.19300000e+03
1.54930209e+22 1.19400000e+03
1.53982359e+22 1.19500000e+03
1.53045947e+22 1.19600000e+03
1.52120974e+22 1.19700000e+03
1.51207441e+22 1.19800000e+03
1.50305345e+22 1.19900000e+03
1.49414684e+22 1.20000000e+03
1.48535456e+22 1.20100000e+03
1.47667656e+22 1.20200000e+03
1.46811278e+22 1.20300000e+03
1.45966317e+22 1.20400000e+03
1.45132766e+22 1.20500000e+03
1.44310616e+22 1.20600000e+03
1.43499860e+22 1.20700000e+03
1.42700488e+22 1.20800000e+03
1.41912492e+22 1.20900000e+03
1.41135861e+22 1.21000000e+03
1.40370585e+22 1.21100000e+03
1.39616653e+22 1.21200000e+03
1.38874055e+22 1.21300000e+03
1.38142779e+22 1.21400000e+03
1.37422814e+22 1.21500000e+03
1.36714149e+22 1.21600000e+03
1.36016771e+22 1.21700000e+03
1.35330671e+22 1.21800000e+03
1.34655835e+22 1.21900000e+03
1.33992254e+22 1.22000000e+03
1.33339916e+22 1.22100000e+03
1.32698810e+22 1.22200000e+03
1.32068926e+22 1.22300000e+03
1.31450255e+22 1.22400000e+03
1.30842785e+22 1.22500000e+03
1.30246509e+22 1.22600000e+03
1.29661417e+22 1.22700000e+03
1.29087502e+22 1.22800000e+03
1.28524756e+22 1.22900000e+03
1.27973173e+22 1.23000000e+03
1.27432747e+22 1.23100000e+03
1.26903472e+22 1.23200000e+03
1.26385345e+22 1.23300000e+03
1.25878363e+22 1.23400000e+03
1.25382523e+22 1.23500000e+03
1.24897825e+22 1.23600000e+03
1.24424267e+22 1.23700000e+03
1.23961852e+22 1.23800000e+03
1.23510582e+22 1.23900000e+03
1.23070460e+22 1.24000000e+03
1.22641491e+22 1.24100000e+03
1.22223682e+22 1.24200000e+03
1.21817041e+22 1.24300000e+03
1.21421576e+22 1.24400000e+03
1.21037300e+22 1.24500000e+03
1.20664224e+22 1.24600000e+03
1.20302363e+22 1.24700000e+03
1.19951724e+22 1.24800000e+03
1.19608002e+22 1.24900000e+03
1.19267588e+22 1.25000000e+03
1.18930499e+22 1.25100000e+03
1.18596750e+22 1.25200000e+03
1.18266356e+22 1.25300000e+03
1.17939333e+22 1.25400000e+03
1.17615696e+22 1.25500000e+03
1.17295461e+22 1.25600000e+03
1.16978642e+22 1.25700000e+03
1.16665254e+22 1.25800000e+03
1.16355312e+22 1.25900000e+03
1.16048831e+22 1.26000000e+03
1.15745825e+22 1.26100000e+03
1.15446308e+22 1.26200000e+03
1.15150295e+22 1.26300000e+03
1.14857800e+22 1.26400000e+03
1.14568837e+22 1.26500000e+03
1.14283421e+22 1.26600000e+03
1.14001565e+22 1.26700000e+03
1.13723283e+22 1.26800000e+03
1.13448591e+22 1.26900000e+03
1.13177500e+22 1.27000000e+03
1.12910026e+22 1.27100000e+03
1.12646183e+22 1.27200000e+03
1.12385983e+22 1.27300000e+03
1.12129442e+22 1.27400000e+03
1.11876574e+22 1.27500000e+03
1.11627391e+22 1.27600000e+03
1.11381909e+22 1.27700000e+03
1.11140140e+22 1.27800000e+03
1.10902101e+22 1.27900000e+03
1.10667804e+22 1.28000000e+03
1.10437263e+22 1.28100000e+03
1.10210494e+22 1.28200000e+03
1.09987511e+22 1.28300000e+03
1.09768327e+22 1.28400000e+03
1.09552958e+22 1.28500000e+03
1.09341419e+22 1.28600000e+03
1.09133723e+22 1.28700000e+03
1.08929887e+22 1.28800000e+03
1.08729925e+22 1.28900000e+03
1.08533852e+22 1.29000000e+03
1.08341685e+22 1.29100000e+03
1.08153438e+22 1.29200000e+03
1.07969127e+22 1.29300000e+03
1.07788769e+22 1.29400000e+03
1.07612378e+22 1.29500000e+03
1.07439973e+22 1.29600000e+03
1.07271568e+22 1.29700000e+03
1.07107182e+22 1.29800000e+03
1.06946831e+22 1.29900000e+03
1.06790532e+22 1.30000000e+03
1.06638303e+22 1.30100000e+03
1.06490161e+22 1.30200000e+03
1.06346125e+22 1.30300000e+03
1.06206214e+22 1.30400000e+03
1.06070444e+22 1.30500000e+03
1.05938837e+22 1.30600000e+03
1.05811410e+22 1.30700000e+03
1.05688183e+22 1.30800000e+03
1.05569177e+22 1.30900000e+03
1.05454412e+22 1.31000000e+03
1.05343907e+22 1.31100000e+03
1.05237685e+22 1.31200000e+03
1.05135767e+22 1.31300000e+03
1.05037948e+22 1.31400000e+03
1.04941761e+22 1.31500000e+03
1.04846522e+22 1.31600000e+03
1.04752238e+22 1.31700000e+03
1.04658915e+22 1.31800000e+03
1.04566559e+22 1.31900000e+03
1.04475177e+22 1.32000000e+03
1.04384774e+22 1.32100000e+03
1.04295356e+22 1.32200000e+03
1.04206931e+22 1.32300000e+03
1.04119503e+22 1.32400000e+03
1.04033079e+22 1.32500000e+03
1.03947666e+22 1.32600000e+03
1.03863268e+22 1.32700000e+03
1.03779893e+22 1.32800000e+03
1.03697546e+22 1.32900000e+03
1.03616234e+22 1.33000000e+03
1.03535962e+22 1.33100000e+03
1.03456738e+22 1.33200000e+03
1.03378566e+22 1.33300000e+03
1.03301453e+22 1.33400000e+03
1.03225406e+22 1.33500000e+03
1.03150430e+22 1.33600000e+03
1.03076531e+22 1.33700000e+03
1.03003717e+22 1.33800000e+03
1.02931992e+22 1.33900000e+03
1.02861363e+22 1.34000000e+03
1.02791837e+22 1.34100000e+03
1.02723420e+22 1.34200000e+03
1.02656117e+22 1.34300000e+03
1.02589936e+22 1.34400000e+03
1.02524881e+22 1.34500000e+03
1.02460961e+22 1.34600000e+03
1.02398180e+22 1.34700000e+03
1.02336546e+22 1.34800000e+03
1.02276064e+22 1.34900000e+03
1.02216741e+22 1.35000000e+03
1.02158584e+22 1.35100000e+03
1.02101598e+22 1.35200000e+03
1.02045791e+22 1.35300000e+03
1.01991168e+22 1.35400000e+03
1.01937736e+22 1.35500000e+03
1.01885501e+22 1.35600000e+03
1.01834471e+22 1.35700000e+03
1.01784651e+22 1.35800000e+03
1.01736049e+22 1.35900000e+03
1.01688670e+22 1.36000000e+03
1.01642521e+22 1.36100000e+03
1.01597610e+22 1.36200000e+03
1.01553942e+22 1.36300000e+03
1.01511524e+22 1.36400000e+03
1.01470364e+22 1.36500000e+03
1.01430467e+22 1.36600000e+03
1.01391842e+22 1.36700000e+03
1.01354493e+22 1.36800000e+03
1.01318430e+22 1.36900000e+03
1.01283657e+22 1.37000000e+03
1.01250183e+22 1.37100000e+03
1.01218014e+22 1.37200000e+03
1.01187158e+22 1.37300000e+03
1.01157621e+22 1.37400000e+03
1.01129410e+22 1.37500000e+03
1.01102533e+22 1.37600000e+03
1.01076997e+22 1.37700000e+03
1.01052810e+22 1.37800000e+03
1.01029977e+22 1.37900000e+03
1.01008244e+22 1.38000000e+03
1.00986798e+22 1.38100000e+03
1.00965586e+22 1.38200000e+03
1.00944607e+22 1.38300000e+03
1.00923864e+22 1.38400000e+03
1.00903357e+22 1.38500000e+03
1.00883088e+22 1.38600000e+03
1.00863059e+22 1.38700000e+03
1.00843270e+22 1.38800000e+03
1.00823723e+22 1.38900000e+03
1.00804419e+22 1.39000000e+03
1.00785360e+22 1.39100000e+03
1.00766547e+22 1.39200000e+03
1.00747981e+22 1.39300000e+03
1.00729665e+22 1.39400000e+03
1.00711598e+22 1.39500000e+03
1.00693782e+22 1.39600000e+03
1.00676220e+22 1.39700000e+03
1.00658912e+22 1.39800000e+03
1.00641859e+22 1.39900000e+03
1.00625063e+22 1.40000000e+03
1.00608525e+22 1.40100000e+03
1.00592246e+22 1.40200000e+03
1.00576229e+22 1.40300000e+03
1.00560474e+22 1.40400000e+03
1.00544983e+22 1.40500000e+03
1.00529756e+22 1.40600000e+03
1.00514796e+22 1.40700000e+03
1.00500104e+22 1.40800000e+03
1.00485681e+22 1.40900000e+03
1.00471528e+22 1.41000000e+03
1.00457647e+22 1.41100000e+03
1.00444039e+22 1.41200000e+03
1.00430706e+22 1.41300000e+03
1.00417649e+22 1.41400000e+03
1.00404869e+22 1.41500000e+03
1.00392368e+22 1.41600000e+03
1.00380147e+22 1.41700000e+03
1.00368208e+22 1.41800000e+03
1.00356551e+22 1.41900000e+03
1.00345179e+22 1.42000000e+03
1.00334092e+22 1.42100000e+03
1.00323292e+22 1.42200000e+03
1.00312781e+22 1.42300000e+03
1.00302559e+22 1.42400000e+03
1.00292629e+22 1.42500000e+03
1.00282991e+22 1.42600000e+03
1.00273647e+22 1.42700000e+03
1.00264598e+22 1.42800000e+03
1.00255846e+22 1.42900000e+03
1.00247393e+22 1.43000000e+03
1.00239239e+22 1.43100000e+03
1.00231386e+22 1.43200000e+03
1.00223835e+22 1.43300000e+03
1.00216588e+22 1.43400000e+03
1.00209646e+22 1.43500000e+03
1.00203011e+22 1.43600000e+03
1.00196684e+22 1.43700000e+03
1.00190666e+22 1.43800000e+03
1.00184960e+22 1.43900000e+03
1.00179565e+22 1.44000000e+03
1.00174484e+22 1.44100000e+03
1.00169719e+22 1.44200000e+03
1.00165270e+22 1.44300000e+03
1.00161139e+22 1.44400000e+03
1.00157328e+22 1.44500000e+03
1.00153698e+22 1.44600000e+03
1.00150111e+22 1.44700000e+03
1.00146566e+22 1.44800000e+03
1.00143065e+22 1.44900000e+03
1.00139607e+22 1.45000000e+03
1.00136193e+22 1.45100000e+03
1.00132822e+22 1.45200000e+03
1.00129495e+22 1.45300000e+03
1.00126212e+22 1.45400000e+03
1.00122974e+22 1.45500000e+03
1.00119779e+22 1.45600000e+03
1.00116630e+22 1.45700000e+03
1.00113525e+22 1.45800000e+03
1.00110465e+22 1.45900000e+03
1.00107450e+22 1.46000000e+03
1.00104481e+22 1.46100000e+03
1.00101557e+22 1.46200000e+03
1.00098679e+22 1.46300000e+03
1.00095846e+22 1.46400000e+03
1.00093060e+22 1.46500000e+03
1.00090321e+22 1.46600000e+03
1.00087627e+22 1.46700000e+03
1.00084980e+22 1.46800000e+03
1.00082381e+22 1.46900000e+03
1.00079828e+22 1.47000000e+03
1.00077322e+22 1.47100000e+03
1.00074864e+22 1.47200000e+03
1.00072454e+22 1.47300000e+03
1.00070091e+22 1.47400000e+03
1.00067776e+22 1.47500000e+03
1.00065509e+22 1.47600000e+03
1.00063291e+22 1.47700000e+03
1.00061122e+22 1.47800000e+03
1.00059001e+22 1.47900000e+03
1.00056929e+22 1.48000000e+03
1.00054906e+22 1.48100000e+03
1.00052932e+22 1.48200000e+03
1.00051008e+22 1.48300000e+03
1.00049134e+22 1.48400000e+03
1.00047309e+22 1.48500000e+03
1.00045535e+22 1.48600000e+03
1.00043810e+22 1.48700000e+03
1.00042137e+22 1.48800000e+03
1.00040514e+22 1.48900000e+03
1.00038941e+22 1.49000000e+03
1.00037420e+22 1.49100000e+03
1.00035950e+22 1.49200000e+03
1.00034531e+22 1.49300000e+03
1.00033164e+22 1.49400000e+03
1.00031849e+22 1.49500000e+03
1.00030585e+22 1.49600000e+03
1.00029374e+22 1.49700000e+03
1.00028215e+22 1.49800000e+03
1.00027109e+22 1.49900000e+03
1.00026055e+22 1.50000000e+03
1.00025054e+22 1.50100000e+03
1.00024107e+22 1.50200000e+03
1.00023212e+22 1.50300000e+03
1.00022371e+22 1.50400000e+03
1.00021584e+22 1.50500000e+03
1.00020851e+22 1.50600000e+03
1.00020172e+22 1.50700000e+03
1.00019547e+22 1.50800000e+03
1.00018976e+22 1.50900000e+03
1.00018460e+22 1.51000000e+03
1.00017996e+22 1.51100000e+03
1.00017550e+22 1.51200000e+03
1.00017109e+22 1.51300000e+03
1.00016674e+22 1.51400000e+03
1.00016244e+22 1.51500000e+03
1.00015821e+22 1.51600000e+03
1.00015403e+22 1.51700000e+03
1.00014990e+22 1.51800000e+03
1.00014584e+22 1.51900000e+03
1.00014183e+22 1.52000000e+03
1.00013789e+22 1.52100000e+03
1.00013400e+22 1.52200000e+03
1.00013017e+22 1.52300000e+03
1.00012640e+22 1.52400000e+03
1.00012268e+22 1.52500000e+03
1.00011903e+22 1.52600000e+03
1.00011543e+22 1.52700000e+03
1.00011190e+22 1.52800000e+03
1.00010842e+22 1.52900000e+03
1.00010501e+22 1.53000000e+03
1.00010165e+22 1.53100000e+03
1.00009836e+22 1.53200000e+03
1.00009512e+22 1.53300000e+03
1.00009195e+22 1.53400000e+03
1.00008884e+22 1.53500000e+03
1.00008578e+22 1.53600000e+03
1.00008279e+22 1.53700000e+03
1.00007986e+22 1.53800000e+03
1.00007699e+22 1.53900000e+03
1.00007419e+22 1.54000000e+03
1.00007144e+22 1.54100000e+03
1.00006876e+22 1.54200000e+03
1.00006614e+22 1.54300000e+03
1.00006358e+22 1.54400000e+03
1.00006108e+22 1.54500000e+03
1.00005865e+22 1.54600000e+03
1.00005628e+22 1.54700000e+03
1.00005397e+22 1.54800000e+03
1.00005173e+22 1.54900000e+03
1.00004955e+22 1.55000000e+03
1.00004743e+22 1.55100000e+03
1.00004538e+22 1.55200000e+03
1.00004339e+22 1.55300000e+03
1.00004147e+22 1.55400000e+03
1.00003961e+22 1.55500000e+03
1.00003781e+22 1.55600000e+03
1.00003608e+22 1.55700000e+03
1.00003441e+22 1.55800000e+03
1.00003281e+22 1.55900000e+03
1.00003128e+22 1.56000000e+03
1.00002981e+22 1.56100000e+03
1.00002840e+22 1.56200000e+03
1.00002706e+22 1.56300000e+03
1.00002579e+22 1.56400000e+03
1.00002458e+22 1.56500000e+03
1.00002344e+22 1.56600000e+03
1.00002237e+22 1.56700000e+03
1.00002136e+22 1.56800000e+03
1.00002042e+22 1.56900000e+03
1.00001955e+22 1.57000000e+03
1.00001874e+22 1.57100000e+03
1.00001800e+22 1.57200000e+03
1.00001733e+22 1.57300000e+03
1.00001673e+22 1.57400000e+03
1.00001619e+22 1.57500000e+03
1.00001573e+22 1.57600000e+03
1.00001531e+22 1.57700000e+03
1.00001491e+22 1.57800000e+03
1.00001452e+22 1.57900000e+03
1.00001412e+22 1.58000000e+03
1.00001374e+22 1.58100000e+03
1.00001336e+22 1.58200000e+03
1.00001298e+22 1.58300000e+03
1.00001261e+22 1.58400000e+03
1.00001225e+22 1.58500000e+03
1.00001189e+22 1.58600000e+03
1.00001154e+22 1.58700000e+03
1.00001119e+22 1.58800000e+03
1.00001085e+22 1.58900000e+03
1.00001052e+22 1.59000000e+03
1.00001018e+22 1.59100000e+03
1.00000986e+22 1.59200000e+03
1.00000954e+22 1.59300000e+03
1.00000923e+22 1.59400000e+03
1.00000892e+22 1.59500000e+03
1.00000862e+22 1.59600000e+03
1.00000832e+22 1.59700000e+03
1.00000803e+22 1.59800000e+03
1.00000774e+22 1.59900000e+03
1.00000746e+22 1.60000000e+03
1.00000719e+22 1.60100000e+03
1.00000692e+22 1.60200000e+03
1.00000666e+22 1.60300000e+03
1.00000640e+22 1.60400000e+03
1.00000615e+22 1.60500000e+03
1.00000590e+22 1.60600000e+03
1.00000566e+22 1.60700000e+03
1.00000543e+22 1.60800000e+03
1.00000520e+22 1.60900000e+03
1.00000498e+22 1.61000000e+03
1.00000476e+22 1.61100000e+03
1.00000455e+22 1.61200000e+03
1.00000434e+22 1.61300000e+03
1.00000415e+22 1.61400000e+03
1.00000395e+22 1.61500000e+03
1.00000376e+22 1.61600000e+03
1.00000358e+22 1.61700000e+03
1.00000341e+22 1.61800000e+03
1.00000324e+22 1.61900000e+03
1.00000307e+22 1.62000000e+03
1.00000292e+22 1.62100000e+03
1.00000276e+22 1.62200000e+03
1.00000262e+22 1.62300000e+03
1.00000248e+22 1.62400000e+03
1.00000234e+22 1.62500000e+03
1.00000222e+22 1.62600000e+03
1.00000209e+22 1.62700000e+03
1.00000198e+22 1.62800000e+03
1.00000187e+22 1.62900000e+03
1.00000176e+22 1.63000000e+03
1.00000167e+22 1.63100000e+03
1.00000157e+22 1.63200000e+03
1.00000149e+22 1.63300000e+03
1.00000141e+22 1.63400000e+03
1.00000134e+22 1.63500000e+03
1.00000127e+22 1.63600000e+03
1.00000121e+22 1.63700000e+03
1.00000115e+22 1.63800000e+03
1.00000110e+22 1.63900000e+03
1.00000106e+22 1.64000000e+03
1.00000102e+22 1.64100000e+03
1.00000099e+22 1.64200000e+03
1.00000097e+22 1.64300000e+03
1.00000094e+22 1.64400000e+03
1.00000091e+22 1.64500000e+03
1.00000089e+22 1.64600000e+03
1.00000086e+22 1.64700000e+03
1.00000084e+22 1.64800000e+03
1.00000081e+22 1.64900000e+03
1.00000079e+22 1.65000000e+03
1.00000077e+22 1.65100000e+03
1.00000074e+22 1.65200000e+03
1.00000072e+22 1.65300000e+03
1.00000070e+22 1.65400000e+03
1.00000067e+22 1.65500000e+03
1.00000065e+22 1.65600000e+03
1.00000063e+22 1.65700000e+03
1.00000061e+22 1.65800000e+03
1.00000059e+22 1.65900000e+03
1.00000057e+22 1.66000000e+03
1.00000055e+22 1.66100000e+03
1.00000053e+22 1.66200000e+03
1.00000051e+22 1.66300000e+03
1.00000049e+22 1.66400000e+03
1.00000047e+22 1.66500000e+03
1.00000045e+22 1.66600000e+03
1.00000043e+22 1.66700000e+03
1.00000042e+22 1.66800000e+03
1.00000040e+22 1.66900000e+03
1.00000038e+22 1.67000000e+03
1.00000037e+22 1.67100000e+03
1.00000035e+22 1.67200000e+03
1.00000034e+22 1.67300000e+03
1.00000032e+22 1.67400000e+03
1.00000031e+22 1.67500000e+03
1.00000029e+22 1.67600000e+03
1.00000028e+22 1.67700000e+03
1.00000027e+22 1.67800000e+03
1.00000025e+22 1.67900000e+03
1.00000024e+22 1.68000000e+03
1.00000023e+22 1.68100000e+03
1.00000022e+22 1.68200000e+03
1.00000020e+22 1.68300000e+03
1.00000019e+22 1.68400000e+03
1.00000018e+22 1.68500000e+03
1.00000017e+22 1.68600000e+03
1.00000016e+22 1.68700000e+03
1.00000015e+22 1.68800000e+03
1.00000014e+22 1.68900000e+03
1.00000013e+22 1.69000000e+03
1.00000013e+22 1.69100000e+03
1.00000012e+22 1.69200000e+03
1.00000011e+22 1.69300000e+03
1.00000010e+22 1.69400000e+03
1.00000010e+22 1.69500000e+03
1.00000009e+22 1.69600000e+03
1.00000008e+22 1.69700000e+03
1.00000008e+22 1.69800000e+03
1.00000007e+22 1.69900000e+03
1.00000007e+22 1.70000000e+03
1.00000006e+22 1.70100000e+03
1.00000006e+22 1.70200000e+03
1.00000006e+22 1.70300000e+03
1.00000005e+22 1.70400000e+03
1.00000005e+22 1.70500000e+03
1.00000005e+22 1.70600000e+03
1.00000005e+22 1.70700000e+03
1.00000005e+22 1.70800000e+03
1.00000005e+22 1.70900000e+03
1.00000004e+22 1.71000000e+03
1.00000004e+22 1.71100000e+03
1.00000004e+22 1.71200000e+03
1.00000004e+22 1.71300000e+03
1.00000004e+22 1.71400000e+03
1.00000004e+22 1.71500000e+03
1.00000004e+22 1.71600000e+03
1.00000004e+22 1.71700000e+03
1.00000003e+22 1.71800000e+03
1.00000003e+22 1.71900000e+03
1.00000003e+22 1.72000000e+03
1.00000003e+22 1.72100000e+03
1.00000003e+22 1.72200000e+03
1.00000003e+22 1.72300000e+03
1.00000003e+22 1.72400000e+03
1.00000003e+22 1.72500000e+03
1.00000003e+22 1.72600000e+03
1.00000002e+22 1.72700000e+03
1.00000002e+22 1.72800000e+03
1.00000002e+22 1.72900000e+03
1.00000002e+22 1.73000000e+03
1.00000002e+22 1.73100000e+03
1.00000002e+22 1.73200000e+03
1.00000002e+22 1.73300000e+03
1.00000002e+22 1.73400000e+03
1.00000002e+22 1.73500000e+03
1.00000002e+22 1.73600000e+03
1.00000002e+22 1.73700000e+03
1.00000002e+22 1.73800000e+03
1.00000001e+22 1.73900000e+03
1.00000001e+22 1.74000000e+03
1.00000001e+22 1.74100000e+03
1.00000001e+22 1.74200000e+03
1.00000001e+22 1.74300000e+03
1.00000001e+22 1.74400000e+03
1.00000001e+22 1.74500000e+03
1.00000001e+22 1.74600000e+03
1.00000001e+22 1.74700000e+03
1.00000001e+22 1.74800000e+03
1.00000001e+22 1.74900000e+03
1.00000001e+22 1.75000000e+03
1.00000001e+22 1.75100000e+03
1.00000001e+22 1.75200000e+03
1.00000001e+22 1.75300000e+03
1.00000001e+22 1.75400000e+03
1.00000001e+22 1.75500000e+03
1.00000001e+22 1.75600000e+03
1.00000001e+22 1.75700000e+03
1.00000000e+22 1.75800000e+03
1.00000000e+22 1.75900000e+03
1.00000000e+22 1.76000000e+03
1.00000000e+22 1.76100000e+03
1.00000000e+22 1.76200000e+03
1.00000000e+22 1.76300000e+03
1.00000000e+22 1.76400000e+03
1.00000000e+22 1.76500000e+03
1.00000000e+22 1.76600000e+03
1.00000000e+22 1.76700000e+03
1.00000000e+22 1.76800000e+03
1.00000000e+22 1.76900000e+03
1.00000000e+22 1.77000000e+03
1.00000000e+22 1.77100000e+03
1.00000000e+22 1.77200000e+03
1.00000000e+22 1.77300000e+03
1.00000000e+22 1.77400000e+03
1.00000000e+22 1.77500000e+03
1.00000000e+22 1.77600000e+03
1.00000000e+22 1.77700000e+03
1.00000000e+22 1.77800000e+03
1.00000000e+22 1.77900000e+03
1.00000000e+22 1.78000000e+03
1.00000000e+22 1.78100000e+03
1.00000000e+22 1.78200000e+03
1.00000000e+22 1.78300000e+03
1.00000000e+22 1.78400000e+03
1.00000000e+22 1.78500000e+03
1.00000000e+22 1.78600000e+03
1.00000000e+22 1.78700000e+03
1.00000000e+22 1.78800000e+03
1.00000000e+22 1.78900000e+03
1.00000000e+22 1.79000000e+03
1.00000000e+22 1.79100000e+03
1.00000000e+22 1.79200000e+03
1.00000000e+22 1.79300000e+03
1.00000000e+22 1.79400000e+03
1.00000000e+22 1.79500000e+03
1.00000000e+22 1.79600000e+03
1.00000000e+22 1.79700000e+03
1.00000000e+22 1.79800000e+03
1.00000000e+22 1.79900000e+03
1.00000000e+22 1.80000000e+03
1.00000000e+22 1.80100000e+03
1.00000000e+22 1.80200000e+03
1.00000000e+22 1.80300000e+03
1.00000000e+22 1.80400000e+03
1.00000000e+22 1.80500000e+03
1.00000000e+22 1.80600000e+03
1.00000000e+22 1.80700000e+03
1.00000000e+22 1.80800000e+03
1.00000000e+22 1.80900000e+03
1.00000000e+22 1.81000000e+03
1.00000000e+22 1.81100000e+03
1.00000000e+22 1.81200000e+03
1.00000000e+22 1.81300000e+03
1.00000000e+22 1.81400000e+03
1.00000000e+22 1.81500000e+03
1.00000000e+22 1.81600000e+03
1.00000000e+22 1.81700000e+03
1.00000000e+22 1.81800000e+03
1.00000000e+22 1.81900000e+03
1.00000000e+22 1.82000000e+03
1.00000000e+22 1.82100000e+03
1.00000000e+22 1.82200000e+03
1.00000000e+22 1.82300000e+03
1.00000000e+22 1.82400000e+03
1.00000000e+22 1.82500000e+03
1.00000000e+22 1.82600000e+03
1.00000000e+22 1.82700000e+03
1.00000000e+22 1.82800000e+03
1.00000000e+22 1.82900000e+03
1.00000000e+22 1.83000000e+03
1.00000000e+22 1.83100000e+03
1.00000000e+22 1.83200000e+03
1.00000000e+22 1.83300000e+03
1.00000000e+22 1.83400000e+03
1.00000000e+22 1.83500000e+03
1.00000000e+22 1.83600000e+03
1.00000000e+22 1.83700000e+03
1.00000000e+22 1.83800000e+03
1.00000000e+22 1.83900000e+03
1.00000000e+22 1.84000000e+03
1.00000000e+22 1.84100000e+03
1.00000000e+22 1.84200000e+03
1.00000000e+22 1.84300000e+03
1.00000000e+22 1.84400000e+03
1.00000000e+22 1.84500000e+03
1.00000000e+22 1.84600000e+03
1.00000000e+22 1.84700000e+03
1.00000000e+22 1.84800000e+03
1.00000000e+22 1.84900000e+03
1.00000000e+22 1.85000000e+03
1.00000000e+22 1.85100000e+03
1.00000000e+22 1.85200000e+03
1.00000000e+22 1.85300000e+03
1.00000000e+22 1.85400000e+03
1.00000000e+22 1.85500000e+03
1.00000000e+22 1.85600000e+03
1.00000000e+22 1.85700000e+03
1.00000000e+22 1.85800000e+03
1.00000000e+22 1.85900000e+03
1.00000000e+22 1.86000000e+03
1.00000000e+22 1.86100000e+03
1.00000000e+22 1.86200000e+03
1.00000000e+22 1.86300000e+03
1.00000000e+22 1.86400000e+03
1.00000000e+22 1.86500000e+03
1.00000000e+22 1.86600000e+03
1.00000000e+22 1.86700000e+03
1.00000000e+22 1.86800000e+03
1.00000000e+22 1.86900000e+03
1.00000000e+22 1.87000000e+03
1.00000000e+22 1.87100000e+03
1.00000000e+22 1.87200000e+03
1.00000000e+22 1.87300000e+03
1.00000000e+22 1.87400000e+03
1.00000000e+22 1.87500000e+03
1.00000000e+22 1.87600000e+03
1.00000000e+22 1.87700000e+03
1.00000000e+22 1.87800000e+03
1.00000000e+22 1.87900000e+03
1.00000000e+22 1.88000000e+03
1.00000000e+22 1.88100000e+03
1.00000000e+22 1.88200000e+03
1.00000000e+22 1.88300000e+03
1.00000000e+22 1.88400000e+03
1.00000000e+22 1.88500000e+03
1.00000000e+22 1.88600000e+03
1.00000000e+22 1.88700000e+03
1.00000000e+22 1.88800000e+03
1.00000000e+22 1.88900000e+03
1.00000000e+22 1.89000000e+03
1.00000000e+22 1.89100000e+03
1.00000000e+22 1.89200000e+03
1.00000000e+22 1.89300000e+03
1.00000000e+22 1.89400000e+03
1.00000000e+22 1.89500000e+03
1.00000000e+22 1.89600000e+03
1.00000000e+22 1.89700000e+03
1.00000000e+22 1.89800000e+03
1.00000000e+22 1.89900000e+03
1.00000000e+22 1.90000000e+03
1.00000000e+22 1.90100000e+03
1.00000000e+22 1.90200000e+03
1.00000000e+22 1.90300000e+03
1.00000000e+22 1.90400000e+03
1.00000000e+22 1.90500000e+03
1.00000000e+22 1.90600000e+03
1.00000000e+22 1.90700000e+03
1.00000000e+22 1.90800000e+03
1.00000000e+22 1.90900000e+03
1.00000000e+22 1.91000000e+03
1.00000000e+22 1.91100000e+03
1.00000000e+22 1.91200000e+03
1.00000000e+22 1.91300000e+03
1.00000000e+22 1.91400000e+03
1.00000000e+22 1.91500000e+03
1.00000000e+22 1.91600000e+03
1.00000000e+22 1.91700000e+03
1.00000000e+22 1.91800000e+03
1.00000000e+22 1.91900000e+03
1.00000000e+22 1.92000000e+03
1.00000000e+22 1.92100000e+03
1.00000000e+22 1.92200000e+03
1.00000000e+22 1.92300000e+03
1.00000000e+22 1.92400000e+03
1.00000000e+22 1.92500000e+03
1.00000000e+22 1.92600000e+03
1.00000000e+22 1.92700000e+03
1.00000000e+22 1.92800000e+03
1.00000000e+22 1.92900000e+03
1.00000000e+22 1.93000000e+03
1.00000000e+22 1.93100000e+03
1.00000000e+22 1.93200000e+03
1.00000000e+22 1.93300000e+03
1.00000000e+22 1.93400000e+03
1.00000000e+22 1.93500000e+03
1.00000000e+22 1.93600000e+03
1.00000000e+22 1.93700000e+03
1.00000000e+22 1.93800000e+03
1.00000000e+22 1.93900000e+03
1.00000000e+22 1.94000000e+03
1.00000000e+22 1.94100000e+03
1.00000000e+22 1.94200000e+03
1.00000000e+22 1.94300000e+03
1.00000000e+22 1.94400000e+03
1.00000000e+22 1.94500000e+03
1.00000000e+22 1.94600000e+03
1.00000000e+22 1.94700000e+03
1.00000000e+22 1.94800000e+03
1.00000000e+22 1.94900000e+03
1.00000000e+22 1.95000000e+03
1.00000000e+22 1.95100000e+03
1.00000000e+22 1.95200000e+03
1.00000000e+22 1.95300000e+03
1.00000000e+22 1.95400000e+03
1.00000000e+22 1.95500000e+03
1.00000000e+22 1.95600000e+03
1.00000000e+22 1.95700000e+03
1.00000000e+22 1.95800000e+03
1.00000000e+22 1.95900000e+03
1.00000000e+22 1.96000000e+03
1.00000000e+22 1.96100000e+03
1.00000000e+22 1.96200000e+03
1.00000000e+22 1.96300000e+03
1.00000000e+22 1.96400000e+03
1.00000000e+22 1.96500000e+03
1.00000000e+22 1.96600000e+03
1.00000000e+22 1.96700000e+03
1.00000000e+22 1.96800000e+03
1.00000000e+22 1.96900000e+03
1.00000000e+22 1.97000000e+03
1.00000000e+22 1.97100000e+03
1.00000000e+22 1.97200000e+03
1.00000000e+22 1.97300000e+03
1.00000000e+22 1.97400000e+03
1.00000000e+22 1.97500000e+03
1.00000000e+22 1.97600000e+03
1.00000000e+22 1.97700000e+03
1.00000000e+22 1.97800000e+03
1.00000000e+22 1.97900000e+03
1.00000000e+22 1.98000000e+03
1.00000000e+22 1.98100000e+03
1.00000000e+22 1.98200000e+03
1.00000000e+22 1.98300000e+03
1.00000000e+22 1.98400000e+03
1.00000000e+22 1.98500000e+03
1.00000000e+22 1.98600000e+03
1.00000000e+22 1.98700000e+03
1.00000000e+22 1.98800000e+03
1.00000000e+22 1.98900000e+03
1.00000000e+22 1.99000000e+03
1.00000000e+22 1.99100000e+03
1.00000000e+22 1.99200000e+03
1.00000000e+22 1.99300000e+03
1.00000000e+22 1.99400000e+03
1.00000000e+22 1.99500000e+03
1.00000000e+22 1.99600000e+03
1.00000000e+22 1.99700000e+03
1.00000000e+22 1.99800000e+03
1.00000000e+22 1.99900000e+03
1.00000000e+22 2.00000000e+03
1.00000000e+22 2.00100000e+03
1.00000000e+22 2.00200000e+03
1.00000000e+22 2.00300000e+03
1.00000000e+22 2.00400000e+03
1.00000000e+22 2.00500000e+03
1.00000000e+22 2.00600000e+03
1.00000000e+22 2.00700000e+03
1.00000000e+22 2.00800000e+03
1.00000000e+22 2.00900000e+03
1.00000000e+22 2.01000000e+03
1.00000000e+22 2.01100000e+03
1.00000000e+22 2.01200000e+03
1.00000000e+22 2.01300000e+03
1.00000000e+22 2.01400000e+03
1.00000000e+22 2.01500000e+03
1.00000000e+22 2.01600000e+03
1.00000000e+22 2.01700000e+03
1.00000000e+22 2.01800000e+03
1.00000000e+22 2.01900000e+03
1.00000000e+22 2.02000000e+03
1.00000000e+22 2.02100000e+03
1.00000000e+22 2.02200000e+03
1.00000000e+22 2.02300000e+03
1.00000000e+22 2.02400000e+03
1.00000000e+22 2.02500000e+03
1.00000000e+22 2.02600000e+03
1.00000000e+22 2.02700000e+03
1.00000000e+22 2.02800000e+03
1.00000000e+22 2.02900000e+03
1.00000000e+22 2.03000000e+03
1.00000000e+22 2.03100000e+03
1.00000000e+22 2.03200000e+03
1.00000000e+22 2.03300000e+03
1.00000000e+22 2.03400000e+03
1.00000000e+22 2.03500000e+03
1.00000000e+22 2.03600000e+03
1.00000000e+22 2.03700000e+03
1.00000000e+22 2.03800000e+03
1.00000000e+22 2.03900000e+03
1.00000000e+22 2.04000000e+03
1.00000000e+22 2.04100000e+03
1.00000000e+22 2.04200000e+03
1.00000000e+22 2.04300000e+03
1.00000000e+22 2.04400000e+03
1.00000000e+22 2.04500000e+03
1.00000000e+22 2.04600000e+03
1.00000000e+22 2.04700000e+03
1.00000000e+22 2.04800000e+03
1.00000000e+22 2.04900000e+03
1.00000000e+22 2.05000000e+03
1.00000000e+22 2.05100000e+03
1.00000000e+22 2.05200000e+03
1.00000000e+22 2.05300000e+03
1.00000000e+22 2.05400000e+03
1.00000000e+22 2.05500000e+03
1.00000000e+22 2.05600000e+03
1.00000000e+22 2.05700000e+03
1.00000000e+22 2.05800000e+03
1.00000000e+22 2.05900000e+03
1.00000000e+22 2.06000000e+03
1.00000000e+22 2.06100000e+03
1.00000000e+22 2.06200000e+03
1.00000000e+22 2.06300000e+03
1.00000000e+22 2.06400000e+03
1.00000000e+22 2.06500000e+03
1.00000000e+22 2.06600000e+03
1.00000000e+22 2.06700000e+03
1.00000000e+22 2.06800000e+03
1.00000000e+22 2.06900000e+03
1.00000000e+22 2.07000000e+03
1.00000000e+22 2.07100000e+03
1.00000000e+22 2.07200000e+03
1.00000000e+22 2.07300000e+03
1.00000000e+22 2.07400000e+03
1.00000000e+22 2.07500000e+03
1.00000000e+22 2.07600000e+03
1.00000000e+22 2.07700000e+03
1.00000000e+22 2.07800000e+03
1.00000000e+22 2.07900000e+03
1.00000000e+22 2.08000000e+03
1.00000000e+22 2.08100000e+03
1.00000000e+22 2.08200000e+03
1.00000000e+22 2.08300000e+03
1.00000000e+22 2.08400000e+03
1.00000000e+22 2.08500000e+03
1.00000000e+22 2.08600000e+03
1.00000000e+22 2.08700000e+03
1.00000000e+22 2.08800000e+03
1.00000000e+22 2.08900000e+03
1.00000000e+22 2.09000000e+03
1.00000000e+22 2.09100000e+03
1.00000000e+22 2.09200000e+03
1.00000000e+22 2.09300000e+03
1.00000000e+22 2.09400000e+03
1.00000000e+22 2.09500000e+03
1.00000000e+22 2.09600000e+03
1.00000000e+22 2.09700000e+03
1.00000000e+22 2.09800000e+03
1.00000000e+22 2.09900000e+03
1.00000000e+22 2.10000000e+03
1.00000000e+22 2.10100000e+03
1.00000000e+22 2.10200000e+03
1.00000000e+22 2.10300000e+03
1.00000000e+22 2.10400000e+03
1.00000000e+22 2.10500000e+03
1.00000000e+22 2.10600000e+03
1.00000000e+22 2.10700000e+03
1.00000000e+22 2.10800000e+03
1.00000000e+22 2.10900000e+03
1.00000000e+22 2.11000000e+03
1.00000000e+22 2.11100000e+03
1.00000000e+22 2.11200000e+03
1.00000000e+22 2.11300000e+03
1.00000000e+22 2.11400000e+03
1.00000000e+22 2.11500000e+03
1.00000000e+22 2.11600000e+03
1.00000000e+22 2.11700000e+03
1.00000000e+22 2.11800000e+03
1.00000000e+22 2.11900000e+03
1.00000000e+22 2.12000000e+03
1.00000000e+22 2.12100000e+03
1.00000000e+22 2.12200000e+03
1.00000000e+22 2.12300000e+03
1.00000000e+22 2.12400000e+03
1.00000000e+22 2.12500000e+03
1.00000000e+22 2.12600000e+03
1.00000000e+22 2.12700000e+03
1.00000000e+22 2.12800000e+03
1.00000000e+22 2.12900000e+03
1.00000000e+22 2.13000000e+03
1.00000000e+22 2.13100000e+03
1.00000000e+22 2.13200000e+03
1.00000000e+22 2.13300000e+03
1.00000000e+22 2.13400000e+03
1.00000000e+22 2.13500000e+03
1.00000000e+22 2.13600000e+03
1.00000000e+22 2.13700000e+03
1.00000000e+22 2.13800000e+03
1.00000000e+22 2.13900000e+03
1.00000000e+22 2.14000000e+03
1.00000000e+22 2.14100000e+03
1.00000000e+22 2.14200000e+03
1.00000000e+22 2.14300000e+03
1.00000000e+22 2.14400000e+03
1.00000000e+22 2.14500000e+03
1.00000000e+22 2.14600000e+03
1.00000000e+22 2.14700000e+03
1.00000000e+22 2.14800000e+03
1.00000000e+22 2.14900000e+03
1.00000000e+22 2.15000000e+03
1.00000000e+22 2.15100000e+03
1.00000000e+22 2.15200000e+03
1.00000000e+22 2.15300000e+03
1.00000000e+22 2.15400000e+03
1.00000000e+22 2.15500000e+03
1.00000000e+22 2.15600000e+03
1.00000000e+22 2.15700000e+03
1.00000000e+22 2.15800000e+03
1.00000000e+22 2.15900000e+03
1.00000000e+22 2.16000000e+03
1.00000000e+22 2.16100000e+03
1.00000000e+22 2.16200000e+03
1.00000000e+22 2.16300000e+03
1.00000000e+22 2.16400000e+03
1.00000000e+22 2.16500000e+03
1.00000000e+22 2.16600000e+03
1.00000000e+22 2.16700000e+03
1.00000000e+22 2.16800000e+03
1.00000000e+22 2.16900000e+03
1.00000000e+22 2.17000000e+03
1.00000000e+22 2.17100000e+03
1.00000000e+22 2.17200000e+03
1.00000000e+22 2.17300000e+03
1.00000000e+22 2.17400000e+03
1.00000000e+22 2.17500000e+03
1.00000000e+22 2.17600000e+03
1.00000000e+22 2.17700000e+03
1.00000000e+22 2.17800000e+03
1.00000000e+22 2.17900000e+03
1.00000000e+22 2.18000000e+03
1.00000000e+22 2.18100000e+03
1.00000000e+22 2.18200000e+03
1.00000000e+22 2.18300000e+03
1.00000000e+22 2.18400000e+03
1.00000000e+22 2.18500000e+03
1.00000000e+22 2.18600000e+03
1.00000000e+22 2.18700000e+03
1.00000000e+22 2.18800000e+03
1.00000000e+22 2.18900000e+03
1.00000000e+22 2.19000000e+03
1.00000000e+22 2.19100000e+03
1.00000000e+22 2.19200000e+03
1.00000000e+22 2.19300000e+03
1.00000000e+22 2.19400000e+03
1.00000000e+22 2.19500000e+03
1.00000000e+22 2.19600000e+03
1.00000000e+22 2.19700000e+03
1.00000000e+22 2.19800000e+03
1.00000000e+22 2.19900000e+03
1.00000000e+22 2.20000000e+03
1.00000000e+22 2.20100000e+03
1.00000000e+22 2.20200000e+03
1.00000000e+22 2.20300000e+03
1.00000000e+22 2.20400000e+03
1.00000000e+22 2.20500000e+03
1.00000000e+22 2.20600000e+03
1.00000000e+22 2.20700000e+03
1.00000000e+22 2.20800000e+03
1.00000000e+22 2.20900000e+03
1.00000000e+22 2.21000000e+03
1.00000000e+22 2.21100000e+03
1.00000000e+22 2.21200000e+03
1.00000000e+22 2.21300000e+03
1.00000000e+22 2.21400000e+03
1.00000000e+22 2.21500000e+03
1.00000000e+22 2.21600000e+03
1.00000000e+22 2.21700000e+03
1.00000000e+22 2.21800000e+03
1.00000000e+22 2.21900000e+03
1.00000000e+22 2.22000000e+03
1.00000000e+22 2.22100000e+03
1.00000000e+22 2.22200000e+03
1.00000000e+22 2.22300000e+03
1.00000000e+22 2.22400000e+03
1.00000000e+22 2.22500000e+03
1.00000000e+22 2.22600000e+03
1.00000000e+22 2.22700000e+03
1.00000000e+22 2.22800000e+03
1.00000000e+22 2.22900000e+03
1.00000000e+22 2.23000000e+03
1.00000000e+22 2.23100000e+03
1.00000000e+22 2.23200000e+03
1.00000000e+22 2.23300000e+03
1.00000000e+22 2.23400000e+03
1.00000000e+22 2.23500000e+03
1.00000000e+22 2.23600000e+03
1.00000000e+22 2.23700000e+03
1.00000000e+22 2.23800000e+03
1.00000000e+22 2.23900000e+03
1.00000000e+22 2.24000000e+03
1.00000000e+22 2.24100000e+03
1.00000000e+22 2.24200000e+03
1.00000000e+22 2.24300000e+03
1.00000000e+22 2.24400000e+03
1.00000000e+22 2.24500000e+03
1.00000000e+22 2.24600000e+03
1.00000000e+22 2.24700000e+03
1.00000000e+22 2.24800000e+03
1.00000000e+22 2.24900000e+03
1.00000000e+22 2.25000000e+03
1.00000000e+22 2.25100000e+03
1.00000000e+22 2.25200000e+03
1.00000000e+22 2.25300000e+03
1.00000000e+22 2.25400000e+03
1.00000000e+22 2.25500000e+03
1.00000000e+22 2.25600000e+03
1.00000000e+22 2.25700000e+03
1.00000000e+22 2.25800000e+03
1.00000000e+22 2.25900000e+03
1.00000000e+22 2.26000000e+03
1.00000000e+22 2.26100000e+03
1.00000000e+22 2.26200000e+03
1.00000000e+22 2.26300000e+03
1.00000000e+22 2.26400000e+03
1.00000000e+22 2.26500000e+03
1.00000000e+22 2.26600000e+03
1.00000000e+22 2.26700000e+03
1.00000000e+22 2.26800000e+03
1.00000000e+22 2.26900000e+03
1.00000000e+22 2.27000000e+03
1.00000000e+22 2.27100000e+03
1.00000000e+22 2.27200000e+03
1.00000000e+22 2.27300000e+03
1.00000000e+22 2.27400000e+03
1.00000000e+22 2.27500000e+03
1.00000000e+22 2.27600000e+03
1.00000000e+22 2.27700000e+03
1.00000000e+22 2.27800000e+03
1.00000000e+22 2.27900000e+03
1.00000000e+22 2.28000000e+03
1.00000000e+22 2.28100000e+03
1.00000000e+22 2.28200000e+03
1.00000000e+22 2.28300000e+03
1.00000000e+22 2.28400000e+03
1.00000000e+22 2.28500000e+03
1.00000000e+22 2.28600000e+03
1.00000000e+22 2.28700000e+03
1.00000000e+22 2.28800000e+03
1.00000000e+22 2.28900000e+03
1.00000000e+22 2.29000000e+03
1.00000000e+22 2.29100000e+03
1.00000000e+22 2.29200000e+03
1.00000000e+22 2.29300000e+03
1.00000000e+22 2.29400000e+03
1.00000000e+22 2.29500000e+03
1.00000000e+22 2.29600000e+03
1.00000000e+22 2.29700000e+03
1.00000000e+22 2.29800000e+03
1.00000000e+22 2.29900000e+03
1.00000000e+22 2.30000000e+03
1.00000000e+22 2.30100000e+03
1.00000000e+22 2.30200000e+03
1.00000000e+22 2.30300000e+03
1.00000000e+22 2.30400000e+03
1.00000000e+22 2.30500000e+03
1.00000000e+22 2.30600000e+03
1.00000000e+22 2.30700000e+03
1.00000000e+22 2.30800000e+03
1.00000000e+22 2.30900000e+03
1.00000000e+22 2.31000000e+03
1.00000000e+22 2.31100000e+03
1.00000000e+22 2.31200000e+03
1.00000000e+22 2.31300000e+03
1.00000000e+22 2.31400000e+03
1.00000000e+22 2.31500000e+03
1.00000000e+22 2.31600000e+03
1.00000000e+22 2.31700000e+03
1.00000000e+22 2.31800000e+03
1.00000000e+22 2.31900000e+03
1.00000000e+22 2.32000000e+03
1.00000000e+22 2.32100000e+03
1.00000000e+22 2.32200000e+03
1.00000000e+22 2.32300000e+03
1.00000000e+22 2.32400000e+03
1.00000000e+22 2.32500000e+03
1.00000000e+22 2.32600000e+03
1.00000000e+22 2.32700000e+03
1.00000000e+22 2.32800000e+03
1.00000000e+22 2.32900000e+03
1.00000000e+22 2.33000000e+03
1.00000000e+22 2.33100000e+03
1.00000000e+22 2.33200000e+03
1.00000000e+22 2.33300000e+03
1.00000000e+22 2.33400000e+03
1.00000000e+22 2.33500000e+03
1.00000000e+22 2.33600000e+03
1.00000000e+22 2.33700000e+03
1.00000000e+22 2.33800000e+03
1.00000000e+22 2.33900000e+03
1.00000000e+22 2.34000000e+03
1.00000000e+22 2.34100000e+03
1.00000000e+22 2.34200000e+03
1.00000000e+22 2.34300000e+03
1.00000000e+22 2.34400000e+03
1.00000000e+22 2.34500000e+03
1.00000000e+22 2.34600000e+03
1.00000000e+22 2.34700000e+03
1.00000000e+22 2.34800000e+03
1.00000000e+22 2.34900000e+03
1.00000000e+22 2.35000000e+03
1.00000000e+22 2.35100000e+03
1.00000000e+22 2.35200000e+03
1.00000000e+22 2.35300000e+03
1.00000000e+22 2.35400000e+03
1.00000000e+22 2.35500000e+03
1.00000000e+22 2.35600000e+03
1.00000000e+22 2.35700000e+03
1.00000000e+22 2.35800000e+03
1.00000000e+22 2.35900000e+03
1.00000000e+22 2.36000000e+03
1.00000000e+22 2.36100000e+03
1.00000000e+22 2.36200000e+03
1.00000000e+22 2.36300000e+03
1.00000000e+22 2.36400000e+03
1.00000000e+22 2.36500000e+03
1.00000000e+22 2.36600000e+03
1.00000000e+22 2.36700000e+03
1.00000000e+22 2.36800000e+03
1.00000000e+22 2.36900000e+03
1.00000000e+22 2.37000000e+03
1.00000000e+22 2.37100000e+03
1.00000000e+22 2.37200000e+03
1.00000000e+22 2.37300000e+03
1.00000000e+22 2.37400000e+03
1.00000000e+22 2.37500000e+03
1.00000000e+22 2.37600000e+03
1.00000000e+22 2.37700000e+03
1.00000000e+22 2.37800000e+03
1.00000000e+22 2.37900000e+03
1.00000000e+22 2.38000000e+03
1.00000000e+22 2.38100000e+03
1.00000000e+22 2.38200000e+03
1.00000000e+22 2.38300000e+03
1.00000000e+22 2.38400000e+03
1.00000000e+22 2.38500000e+03
1.00000000e+22 2.38600000e+03
1.00000000e+22 2.38700000e+03
1.00000000e+22 2.38800000e+03
1.00000000e+22 2.38900000e+03
1.00000000e+22 2.39000000e+03
1.00000000e+22 2.39100000e+03
1.00000000e+22 2.39200000e+03
1.00000000e+22 2.39300000e+03
1.00000000e+22 2.39400000e+03
1.00000000e+22 2.39500000e+03
1.00000000e+22 2.39600000e+03
1.00000000e+22 2.39700000e+03
1.00000000e+22 2.39800000e+03
1.00000000e+22 2.39900000e+03
1.00000000e+22 2.40000000e+03
1.00000000e+22 2.40100000e+03
1.00000000e+22 2.40200000e+03
1.00000000e+22 2.40300000e+03
1.00000000e+22 2.40400000e+03
1.00000000e+22 2.40500000e+03
1.00000000e+22 2.40600000e+03
1.00000000e+22 2.40700000e+03
1.00000000e+22 2.40800000e+03
1.00000000e+22 2.40900000e+03
1.00000000e+22 2.41000000e+03
1.00000000e+22 2.41100000e+03
1.00000000e+22 2.41200000e+03
1.00000000e+22 2.41300000e+03
1.00000000e+22 2.41400000e+03
1.00000000e+22 2.41500000e+03
1.00000000e+22 2.41600000e+03
1.00000000e+22 2.41700000e+03
1.00000000e+22 2.41800000e+03
1.00000000e+22 2.41900000e+03
1.00000000e+22 2.42000000e+03
1.00000000e+22 2.42100000e+03
1.00000000e+22 2.42200000e+03
1.00000000e+22 2.42300000e+03
1.00000000e+22 2.42400000e+03
1.00000000e+22 2.42500000e+03
1.00000000e+22 2.42600000e+03
1.00000000e+22 2.42700000e+03
1.00000000e+22 2.42800000e+03
1.00000000e+22 2.42900000e+03
1.00000000e+22 2.43000000e+03
1.00000000e+22 2.43100000e+03
1.00000000e+22 2.43200000e+03
1.00000000e+22 2.43300000e+03
1.00000000e+22 2.43400000e+03
1.00000000e+22 2.43500000e+03
1.00000000e+22 2.43600000e+03
1.00000000e+22 2.43700000e+03
1.00000000e+22 2.43800000e+03
1.00000000e+22 2.43900000e+03
1.00000000e+22 2.44000000e+03
1.00000000e+22 2.44100000e+03
1.00000000e+22 2.44200000e+03
1.00000000e+22 2.44300000e+03
1.00000000e+22 2.44400000e+03
1.00000000e+22 2.44500000e+03
1.00000000e+22 2.44600000e+03
1.00000000e+22 2.44700000e+03
1.00000000e+22 2.44800000e+03
1.00000000e+22 2.44900000e+03
1.00000000e+22 2.45000000e+03
1.00000000e+22 2.45100000e+03
1.00000000e+22 2.45200000e+03
1.00000000e+22 2.45300000e+03
1.00000000e+22 2.45400000e+03
1.00000000e+22 2.45500000e+03
1.00000000e+22 2.45600000e+03
1.00000000e+22 2.45700000e+03
1.00000000e+22 2.45800000e+03
1.00000000e+22 2.45900000e+03
1.00000000e+22 2.46000000e+03
1.00000000e+22 2.46100000e+03
1.00000000e+22 2.46200000e+03
1.00000000e+22 2.46300000e+03
1.00000000e+22 2.46400000e+03
1.00000000e+22 2.46500000e+03
1.00000000e+22 2.46600000e+03
1.00000000e+22 2.46700000e+03
1.00000000e+22 2.46800000e+03
1.00000000e+22 2.46900000e+03
1.00000000e+22 2.47000000e+03
1.00000000e+22 2.47100000e+03
1.00000000e+22 2.47200000e+03
1.00000000e+22 2.47300000e+03
1.00000000e+22 2.47400000e+03
1.00000000e+22 2.47500000e+03
1.00000000e+22 2.47600000e+03
1.00000000e+22 2.47700000e+03
1.00000000e+22 2.47800000e+03
1.00000000e+22 2.47900000e+03
1.00000000e+22 2.48000000e+03
1.00000000e+22 2.48100000e+03
1.00000000e+22 2.48200000e+03
1.00000000e+22 2.48300000e+03
1.00000000e+22 2.48400000e+03
1.00000000e+22 2.48500000e+03
1.00000000e+22 2.48600000e+03
1.00000000e+22 2.48700000e+03
1.00000000e+22 2.48800000e+03
1.00000000e+22 2.48900000e+03
1.00000000e+22 2.49000000e+03
1.00000000e+22 2.49100000e+03
1.00000000e+22 2.49200000e+03
1.00000000e+22 2.49300000e+03
1.00000000e+22 2.49400000e+03
1.00000000e+22 2.49500000e+03
1.00000000e+22 2.49600000e+03
1.00000000e+22 2.49700000e+03
1.00000000e+22 2.49800000e+03
1.00000000e+22 2.49900000e+03
1.00000000e+22 2.50000000e+03
1.00000000e+22 2.50100000e+03
1.00000000e+22 2.50200000e+03
1.00000000e+22 2.50300000e+03
1.00000000e+22 2.50400000e+03
1.00000000e+22 2.50500000e+03
1.00000000e+22 2.50600000e+03
1.00000000e+22 2.50700000e+03
1.00000000e+22 2.50800000e+03
1.00000000e+22 2.50900000e+03
1.00000000e+22 2.51000000e+03
1.00000000e+22 2.51100000e+03
1.00000000e+22 2.51200000e+03
1.00000000e+22 2.51300000e+03
1.00000000e+22 2.51400000e+03
1.00000000e+22 2.51500000e+03
1.00000000e+22 2.51600000e+03
1.00000000e+22 2.51700000e+03
1.00000000e+22 2.51800000e+03
1.00000000e+22 2.51900000e+03
1.00000000e+22 2.52000000e+03
1.00000000e+22 2.52100000e+03
1.00000000e+22 2.52200000e+03
1.00000000e+22 2.52300000e+03
1.00000000e+22 2.52400000e+03
1.00000000e+22 2.52500000e+03
1.00000000e+22 2.52600000e+03
1.00000000e+22 2.52700000e+03
1.00000000e+22 2.52800000e+03
1.00000000e+22 2.52900000e+03
1.00000000e+22 2.53000000e+03
1.00000000e+22 2.53100000e+03
1.00000000e+22 2.53200000e+03
1.00000000e+22 2.53300000e+03
1.00000000e+22 2.53400000e+03
1.00000000e+22 2.53500000e+03
1.00000000e+22 2.53600000e+03
1.00000000e+22 2.53700000e+03
1.00000000e+22 2.53800000e+03
1.00000000e+22 2.53900000e+03
1.00000000e+22 2.54000000e+03
1.00000000e+22 2.54100000e+03
1.00000000e+22 2.54200000e+03
1.00000000e+22 2.54300000e+03
1.00000000e+22 2.54400000e+03
1.00000000e+22 2.54500000e+03
1.00000000e+22 2.54600000e+03
1.00000000e+22 2.54700000e+03
1.00000000e+22 2.54800000e+03
1.00000000e+22 2.54900000e+03
1.00000000e+22 2.55000000e+03
1.00000000e+22 2.55100000e+03
1.00000000e+22 2.55200000e+03
1.00000000e+22 2.55300000e+03
1.00000000e+22 2.55400000e+03
1.00000000e+22 2.55500000e+03
1.00000000e+22 2.55600000e+03
1.00000000e+22 2.55700000e+03
1.00000000e+22 2.55800000e+03
1.00000000e+22 2.55900000e+03
1.00000000e+22 2.56000000e+03
1.00000000e+22 2.56100000e+03
1.00000000e+22 2.56200000e+03
1.00000000e+22 2.56300000e+03
1.00000000e+22 2.56400000e+03
1.00000000e+22 2.56500000e+03
1.00000000e+22 2.56600000e+03
1.00000000e+22 2.56700000e+03
1.00000000e+22 2.56800000e+03
1.00000000e+22 2.56900000e+03
1.00000000e+22 2.57000000e+03
1.00000000e+22 2.57100000e+03
1.00000000e+22 2.57200000e+03
1.00000000e+22 2.57300000e+03
1.00000000e+22 2.57400000e+03
1.00000000e+22 2.57500000e+03
1.00000000e+22 2.57600000e+03
1.00000000e+22 2.57700000e+03
1.00000000e+22 2.57800000e+03
1.00000000e+22 2.57900000e+03
1.00000000e+22 2.58000000e+03
1.00000000e+22 2.58100000e+03
1.00000000e+22 2.58200000e+03
1.00000000e+22 2.58300000e+03
1.00000000e+22 2.58400000e+03
1.00000000e+22 2.58500000e+03
1.00000000e+22 2.58600000e+03
1.00000000e+22 2.58700000e+03
1.00000000e+22 2.58800000e+03
1.00000000e+22 2.58900000e+03
1.00000000e+22 2.59000000e+03
1.00000000e+22 2.59100000e+03
1.00000000e+22 2.59200000e+03
1.00000000e+22 2.59300000e+03
1.00000000e+22 2.59400000e+03
1.00000000e+22 2.59500000e+03
1.00000000e+22 2.59600000e+03
1.00000000e+22 2.59700000e+03
1.00000000e+22 2.59800000e+03
1.00000000e+22 2.59900000e+03
1.00000000e+22 2.60000000e+03
1.00000000e+22 2.60100000e+03
1.00000000e+22 2.60200000e+03
1.00000000e+22 2.60300000e+03
1.00000000e+22 2.60400000e+03
1.00000000e+22 2.60500000e+03
1.00000000e+22 2.60600000e+03
1.00000000e+22 2.60700000e+03
1.00000000e+22 2.60800000e+03
1.00000000e+22 2.60900000e+03
1.00000000e+22 2.61000000e+03
1.00000000e+22 2.61100000e+03
1.00000000e+22 2.61200000e+03
1.00000000e+22 2.61300000e+03
1.00000000e+22 2.61400000e+03
1.00000000e+22 2.61500000e+03
1.00000000e+22 2.61600000e+03
1.00000000e+22 2.61700000e+03
1.00000000e+22 2.61800000e+03
1.00000000e+22 2.61900000e+03
1.00000000e+22 2.62000000e+03
1.00000000e+22 2.62100000e+03
1.00000000e+22 2.62200000e+03
1.00000000e+22 2.62300000e+03
1.00000000e+22 2.62400000e+03
1.00000000e+22 2.62500000e+03
1.00000000e+22 2.62600000e+03
1.00000000e+22 2.62700000e+03
1.00000000e+22 2.62800000e+03
1.00000000e+22 2.62900000e+03
1.00000000e+22 2.63000000e+03
1.00000000e+22 2.63100000e+03
1.00000000e+22 2.63200000e+03
1.00000000e+22 2.63300000e+03
1.00000000e+22 2.63400000e+03
1.00000000e+22 2.63500000e+03
1.00000000e+22 2.63600000e+03
1.00000000e+22 2.63700000e+03
1.00000000e+22 2.63800000e+03
1.00000000e+22 2.63900000e+03
1.00000000e+22 2.64000000e+03
1.00000000e+22 2.64100000e+03
1.00000000e+22 2.64200000e+03
1.00000000e+22 2.64300000e+03
1.00000000e+22 2.64400000e+03
1.00000000e+22 2.64500000e+03
1.00000000e+22 2.64600000e+03
1.00000000e+22 2.64700000e+03
1.00000000e+22 2.64800000e+03
1.00000000e+22 2.64900000e+03
1.00000000e+22 2.65000000e+03
1.00000000e+22 2.65100000e+03
1.00000000e+22 2.65200000e+03
1.00000000e+22 2.65300000e+03
1.00000000e+22 2.65400000e+03
1.00000000e+22 2.65500000e+03
1.00000000e+22 2.65600000e+03
1.00000000e+22 2.65700000e+03
1.00000000e+22 2.65800000e+03
1.00000000e+22 2.65900000e+03
1.00000000e+22 2.66000000e+03
1.00000000e+22 2.66100000e+03
1.00000000e+22 2.66200000e+03
1.00000000e+22 2.66300000e+03
1.00000000e+22 2.66400000e+03
1.00000000e+22 2.66500000e+03
1.00000000e+22 2.66600000e+03
1.00000000e+22 2.66700000e+03
1.00000000e+22 2.66800000e+03
1.00000000e+22 2.66900000e+03
1.00000000e+22 2.67000000e+03
1.00000000e+22 2.67100000e+03
1.00000000e+22 2.67200000e+03
1.00000000e+22 2.67300000e+03
1.00000000e+22 2.67400000e+03
1.00000000e+22 2.67500000e+03
1.00000000e+22 2.67600000e+03
1.00000000e+22 2.67700000e+03
1.00000000e+22 2.67800000e+03
1.00000000e+22 2.67900000e+03
1.00000000e+22 2.68000000e+03
1.00000000e+22 2.68100000e+03
1.00000000e+22 2.68200000e+03
1.00000000e+22 2.68300000e+03
1.00000000e+22 2.68400000e+03
1.00000000e+22 2.68500000e+03
1.00000000e+22 2.68600000e+03
1.00000000e+22 2.68700000e+03
1.00000000e+22 2.68800000e+03
1.00000000e+22 2.68900000e+03
1.00000000e+22 2.69000000e+03
1.00000000e+22 2.69100000e+03
1.00000000e+22 2.69200000e+03
1.00000000e+22 2.69300000e+03
1.00000000e+22 2.69400000e+03
1.00000000e+22 2.69500000e+03
1.00000000e+22 2.69600000e+03
1.00000000e+22 2.69700000e+03
1.00000000e+22 2.69800000e+03
1.00000000e+22 2.69900000e+03
1.00000000e+22 2.70000000e+03
1.00000000e+22 2.70100000e+03
1.00000000e+22 2.70200000e+03
1.00000000e+22 2.70300000e+03
1.00000000e+22 2.70400000e+03
1.00000000e+22 2.70500000e+03
1.00000000e+22 2.70600000e+03
1.00000000e+22 2.70700000e+03
1.00000000e+22 2.70800000e+03
1.00000000e+22 2.70900000e+03
1.00000000e+22 2.71000000e+03
1.00000000e+22 2.71100000e+03
1.00000000e+22 2.71200000e+03
1.00000000e+22 2.71300000e+03
1.00000000e+22 2.71400000e+03
1.00000000e+22 2.71500000e+03
1.00000000e+22 2.71600000e+03
1.00000000e+22 2.71700000e+03
1.00000000e+22 2.71800000e+03
1.00000000e+22 2.71900000e+03
1.00000000e+22 2.72000000e+03
1.00000000e+22 2.72100000e+03
1.00000000e+22 2.72200000e+03
1.00000000e+22 2.72300000e+03
1.00000000e+22 2.72400000e+03
1.00000000e+22 2.72500000e+03
1.00000000e+22 2.72600000e+03
1.00000000e+22 2.72700000e+03
1.00000000e+22 2.72800000e+03
1.00000000e+22 2.72900000e+03
1.00000000e+22 2.73000000e+03
1.00000000e+22 2.73100000e+03
1.00000000e+22 2.73200000e+03
1.00000000e+22 2.73300000e+03
1.00000000e+22 2.73400000e+03
1.00000000e+22 2.73500000e+03
1.00000000e+22 2.73600000e+03
1.00000000e+22 2.73700000e+03
1.00000000e+22 2.73800000e+03
1.00000000e+22 2.73900000e+03
1.00000000e+22 2.74000000e+03
1.00000000e+22 2.74100000e+03
1.00000000e+22 2.74200000e+03
1.00000000e+22 2.74300000e+03
1.00000000e+22 2.74400000e+03
1.00000000e+22 2.74500000e+03
1.00000000e+22 2.74600000e+03
1.00000000e+22 2.74700000e+03
1.00000000e+22 2.74800000e+03
1.00000000e+22 2.74900000e+03
1.00000000e+22 2.75000000e+03
1.00000000e+22 2.75100000e+03
1.00000000e+22 2.75200000e+03
1.00000000e+22 2.75300000e+03
1.00000000e+22 2.75400000e+03
1.00000000e+22 2.75500000e+03
1.00000000e+22 2.75600000e+03
1.00000000e+22 2.75700000e+03
1.00000000e+22 2.75800000e+03
1.00000000e+22 2.75900000e+03
1.00000000e+22 2.76000000e+03
1.00000000e+22 2.76100000e+03
1.00000000e+22 2.76200000e+03
1.00000000e+22 2.76300000e+03
1.00000000e+22 2.76400000e+03
1.00000000e+22 2.76500000e+03
1.00000000e+22 2.76600000e+03
1.00000000e+22 2.76700000e+03
1.00000000e+22 2.76800000e+03
1.00000000e+22 2.76900000e+03
1.00000000e+22 2.77000000e+03
1.00000000e+22 2.77100000e+03
1.00000000e+22 2.77200000e+03
1.00000000e+22 2.77300000e+03
1.00000000e+22 2.77400000e+03
1.00000000e+22 2.77500000e+03
1.00000000e+22 2.77600000e+03
1.00000000e+22 2.77700000e+03
1.00000000e+22 2.77800000e+03
1.00000000e+22 2.77900000e+03
1.00000000e+22 2.78000000e+03
1.00000000e+22 2.78100000e+03
1.00000000e+22 2.78200000e+03
1.00000000e+22 2.78300000e+03
1.00000000e+22 2.78400000e+03
1.00000000e+22 2.78500000e+03
1.00000000e+22 2.78600000e+03
1.00000000e+22 2.78700000e+03
1.00000000e+22 2.78800000e+03
1.00000000e+22 2.78900000e+03
1.00000000e+22 2.79000000e+03
1.00000000e+22 2.79100000e+03
1.00000000e+22 2.79200000e+03
1.00000000e+22 2.79300000e+03
1.00000000e+22 2.79400000e+03
1.00000000e+22 2.79500000e+03
1.00000000e+22 2.79600000e+03
1.00000000e+22 2.79700000e+03
1.00000000e+22 2.79800000e+03
1.00000000e+22 2.79900000e+03
1.00000000e+22 2.80000000e+03
1.00000000e+22 2.80100000e+03
1.00000000e+22 2.80200000e+03
1.00000000e+22 2.80300000e+03
1.00000000e+22 2.80400000e+03
1.00000000e+22 2.80500000e+03
1.00000000e+22 2.80600000e+03
1.00000000e+22 2.80700000e+03
1.00000000e+22 2.80800000e+03
1.00000000e+22 2.80900000e+03
1.00000000e+22 2.81000000e+03
1.00000000e+22 2.81100000e+03
1.00000000e+22 2.81200000e+03
1.00000000e+22 2.81300000e+03
1.00000000e+22 2.81400000e+03
1.00000000e+22 2.81500000e+03
1.00000000e+22 2.81600000e+03
1.00000000e+22 2.81700000e+03
1.00000000e+22 2.81800000e+03
1.00000000e+22 2.81900000e+03
1.00000000e+22 2.82000000e+03
1.00000000e+22 2.82100000e+03
1.00000000e+22 2.82200000e+03
1.00000000e+22 2.82300000e+03
1.00000000e+22 2.82400000e+03
1.00000000e+22 2.82500000e+03
1.00000000e+22 2.82600000e+03
1.00000000e+22 2.82700000e+03
1.00000000e+22 2.82800000e+03
1.00000000e+22 2.82900000e+03
1.00000000e+22 2.83000000e+03
1.00000000e+22 2.83100000e+03
1.00000000e+22 2.83200000e+03
1.00000000e+22 2.83300000e+03
1.00000000e+22 2.83400000e+03
1.00000000e+22 2.83500000e+03
1.00000000e+22 2.83600000e+03
1.00000000e+22 2.83700000e+03
1.00000000e+22 2.83800000e+03
1.00000000e+22 2.83900000e+03
1.00000000e+22 2.84000000e+03
1.00000000e+22 2.84100000e+03
1.00000000e+22 2.84200000e+03
1.00000000e+22 2.84300000e+03
1.00000000e+22 2.84400000e+03
1.00000000e+22 2.84500000e+03
1.00000000e+22 2.84600000e+03
1.00000000e+22 2.84700000e+03
1.00000000e+22 2.84800000e+03
1.00000000e+22 2.84900000e+03
1.00000000e+22 2.85000000e+03
1.00000000e+22 2.85100000e+03
1.00000000e+22 2.85200000e+03
1.00000000e+22 2.85300000e+03
1.00000000e+22 2.85400000e+03
1.00000000e+22 2.85500000e+03
1.00000000e+22 2.85600000e+03
1.00000000e+22 2.85700000e+03
1.00000000e+22 2.85800000e+03
1.00000000e+22 2.85900000e+03
1.00000000e+22 2.86000000e+03
1.00000000e+22 2.86100000e+03
1.00000000e+22 2.86200000e+03
1.00000000e+22 2.86300000e+03
1.00000000e+22 2.86400000e+03
1.00000000e+22 2.86500000e+03
1.00000000e+22 2.86600000e+03
1.00000000e+22 2.86700000e+03
1.00000000e+22 2.86800000e+03
1.00000000e+22 2.86900000e+03
1.00000000e+22 2.87000000e+03
1.00000000e+22 2.87100000e+03
1.00000000e+22 2.87200000e+03
1.00000000e+22 2.87300000e+03
1.00000000e+22 2.87400000e+03
1.00000000e+22 2.87500000e+03
1.00000000e+22 2.87600000e+03
1.00000000e+22 2.87700000e+03
1.00000000e+22 2.87800000e+03
1.00000000e+22 2.87900000e+03
1.00000000e+22 2.88000000e+03
1.00000000e+22 2.88100000e+03
1.00000000e+22 2.88200000e+03
1.00000000e+22 2.88300000e+03
1.00000000e+22 2.88400000e+03
1.00000000e+22 2.88500000e+03
1.00000000e+22 2.88600000e+03
1.00000000e+22 2.88700000e+03
1.00000000e+22 2.88800000e+03
1.00000000e+22 2.88900000e+03
1.00000000e+22 2.89000000e+03
