1.01207397e+24 0.00000000e+00
1.01207397e+24 1.45276410e+01
1.01207397e+24 2.90552820e+01
1.01207397e+24 4.35829220e+01
1.01207397e+24 5.81105630e+01
1.02749864e+24 7.26382040e+01
7.85279490e+23 8.71658450e+01
4.36439706e+23 1.01693486e+02
1.59019856e+23 1.16221127e+02
7.65030861e+22 1.30748767e+02
4.69706375e+22 1.45276408e+02
1.23500604e+21 1.59804049e+02
1.02752302e+21 1.74331690e+02
1.03093012e+21 1.88859331e+02
1.00994416e+21 2.03386972e+02
1.06956588e+21 2.17914612e+02
9.93657514e+20 2.32442253e+02
1.00000000e+21 2.46969894e+02
9.89751647e+20 2.61497535e+02
1.08281616e+21 2.76025176e+02
1.22650505e+21 2.90552817e+02
1.30192270e+21 3.05080457e+02
1.37926146e+21 3.19608098e+02
1.35417409e+21 3.34135739e+02
1.36440908e+21 3.48663380e+02
1.40748540e+21 3.63191021e+02
1.41499824e+21 3.77718662e+02
1.47923236e+21 3.92246302e+02
1.52275102e+21 4.06773943e+02
1.50650647e+21 4.21301584e+02
1.54838587e+21 4.35829225e+02
1.54493958e+21 4.50356866e+02
1.54005702e+21 4.64884507e+02
1.53193804e+21 4.79412147e+02
1.52935814e+21 4.93939788e+02
1.53416298e+21 5.08467429e+02
1.53619872e+21 5.22995070e+02
1.49167840e+21 5.37522711e+02
1.49170862e+21 5.52050352e+02
1.43883038e+21 5.66577992e+02
1.41610514e+21 5.81105633e+02
1.30529748e+21 5.95633274e+02
1.28702327e+21 6.10160915e+02
1.24916492e+21 6.24688556e+02
1.13349769e+21 6.39216196e+02
1.05384794e+21 6.53743837e+02
9.85708170e+20 6.68271478e+02
9.08456507e+20 6.82799119e+02
8.06624261e+20 6.97326760e+02
7.31683733e+20 7.11854401e+02
6.19431661e+20 7.26382041e+02
6.29023542e+20 7.40909682e+02
5.94840185e+20 7.55437323e+02
6.67637312e+20 7.69964964e+02
6.56625584e+20 7.84492605e+02
7.15298312e+20 7.99020246e+02
7.38906692e+20 8.13547886e+02
7.89812313e+20 8.28075527e+02
9.53001513e+20 8.42603168e+02
1.26146121e+21 8.57130809e+02
1.50916839e+21 8.71658450e+02
1.68746743e+21 8.86186091e+02
1.79550410e+21 9.00713731e+02
2.06740994e+21 9.15241372e+02
2.50279397e+21 9.29769013e+02
3.01759395e+21 9.44296654e+02
3.51446077e+21 9.58824295e+02
4.41061246e+21 9.73351936e+02
4.71419562e+21 9.87879576e+02
5.27904057e+21 1.00240722e+03
5.58110380e+21 1.01693486e+03
7.66403183e+21 1.03146250e+03
9.66848216e+21 1.04599014e+03
1.14197869e+22 1.06051778e+03
1.41853808e+22 1.07504542e+03
1.57351903e+22 1.08957306e+03
2.33411366e+22 1.10410070e+03
2.87484213e+22 1.11862834e+03
4.13210168e+22 1.13315599e+03
5.06171863e+22 1.14768363e+03
6.35632361e+22 1.16221127e+03
9.22535315e+22 1.17673891e+03
1.21568204e+23 1.19126655e+03
1.28107336e+23 1.20579419e+03
1.33988646e+23 1.22032183e+03
1.41953466e+23 1.23484947e+03
1.51720407e+23 1.24937711e+03
1.65700188e+23 1.26390475e+03
1.84290098e+23 1.27843239e+03
1.79904903e+23 1.29296003e+03
1.58229334e+23 1.30748768e+03
1.49166741e+23 1.32201532e+03
1.01789739e+23 1.33654296e+03
8.70714947e+22 1.35107060e+03
6.48679241e+22 1.36559824e+03
5.32904024e+22 1.38012588e+03
4.13706172e+22 1.39465352e+03
2.66350183e+22 1.40918116e+03
2.25189948e+22 1.42370880e+03
1.84758318e+22 1.43823644e+03
1.57413871e+22 1.45276408e+03
1.36556067e+22 1.46729172e+03
1.23057192e+22 1.48181937e+03
9.40005295e+21 1.49634701e+03
8.52787842e+21 1.51087465e+03
8.05250309e+21 1.52540229e+03
7.97438501e+21 1.53992993e+03
7.86095120e+21 1.55445757e+03
7.04355159e+21 1.56898521e+03
6.74721890e+21 1.58351285e+03
6.50805029e+21 1.59804049e+03
6.26907117e+21 1.61256813e+03
5.51805595e+21 1.62709577e+03
4.33278461e+21 1.64162341e+03
4.08095964e+21 1.65615106e+03
3.84353464e+21 1.67067870e+03
3.37005509e+21 1.68520634e+03
2.90552221e+21 1.69973398e+03
2.74876112e+21 1.71426162e+03
2.71722061e+21 1.72878926e+03
3.27329012e+21 1.74331690e+03
3.30575376e+21 1.75784454e+03
2.87594317e+21 1.77237218e+03
2.97937795e+21 1.78689982e+03
3.01357150e+21 1.80142746e+03
2.69334942e+21 1.81595510e+03
2.10974759e+21 1.83048274e+03
1.88105762e+21 1.84501039e+03
1.76931965e+21 1.85953803e+03
1.50239905e+21 1.87406567e+03
1.43034236e+21 1.88859331e+03
1.33484672e+21 1.90312095e+03
1.35740299e+21 1.91764859e+03
1.30343296e+21 1.93217623e+03
9.86591828e+20 1.94670387e+03
7.21470038e+20 1.96123151e+03
7.11732176e+20 1.97575915e+03
6.85665503e+20 1.99028679e+03
6.39594617e+20 2.00481443e+03
6.23997141e+20 2.01934208e+03
6.28290365e+20 2.03386972e+03
6.79664990e+20 2.04839736e+03
8.92956042e+20 2.06292500e+03
9.00075644e+20 2.07745264e+03
8.94686656e+20 2.09198028e+03
8.83931051e+20 2.10650792e+03
8.67931599e+20 2.12103556e+03
8.02565580e+20 2.13556320e+03
8.03784801e+20 2.15009084e+03
8.78388174e+20 2.16461848e+03
9.01701620e+20 2.17914612e+03
9.12413432e+20 2.19367377e+03
9.76916062e+20 2.20820141e+03
1.00835759e+21 2.22272905e+03
1.03102772e+21 2.23725669e+03
1.13869460e+21 2.25178433e+03
1.20059447e+21 2.26631197e+03
1.23695209e+21 2.28083961e+03
1.44964479e+21 2.29536725e+03
2.90763173e+21 2.30989489e+03
3.33492599e+21 2.32442253e+03
3.67708357e+21 2.33895017e+03
5.05538691e+21 2.35347781e+03
5.76944184e+21 2.36800545e+03
6.39043762e+21 2.38253310e+03
6.73124503e+21 2.39706074e+03
7.04890407e+21 2.41158838e+03
7.93529726e+21 2.42611602e+03
8.23423770e+21 2.44064366e+03
9.52923418e+21 2.45517130e+03
1.01156781e+22 2.46969894e+03
1.07374956e+22 2.48422658e+03
1.15332047e+22 2.49875422e+03
1.19706022e+22 2.51328186e+03
1.26693986e+22 2.52780950e+03
1.35510516e+22 2.54233714e+03
1.41250502e+22 2.55686479e+03
1.61783788e+22 2.57139243e+03
1.83052220e+22 2.58592007e+03
1.94887507e+22 2.60044771e+03
2.19447178e+22 2.61497535e+03
2.30987777e+22 2.62950299e+03
2.50881132e+22 2.64403063e+03
2.60368236e+22 2.65855827e+03
2.63540885e+22 2.67308591e+03
2.71960606e+22 2.68761355e+03
2.84997467e+22 2.70214119e+03
2.92945614e+22 2.71666883e+03
3.03808556e+22 2.73119648e+03
2.90322035e+22 2.74572412e+03
2.89945919e+22 2.76025176e+03
2.86235832e+22 2.77477940e+03
2.75571944e+22 2.78930704e+03
2.61000897e+22 2.80383468e+03
2.47150219e+22 2.81836232e+03
2.41209829e+22 2.83288996e+03
2.28072540e+22 2.84741760e+03
2.28072540e+22 2.86194524e+03
2.28072540e+22 2.87647288e+03
2.28072540e+22 2.89100052e+03
