# H/nR [K], depth [km]
60139.52 1
60139.52 2
60139.52 3
60139.52 4
60139.52 5
60139.52 6
60139.52 7
60139.52 8
60139.52 9
60139.52 10
60139.52 11
60139.52 12
60139.52 13
60139.52 14
60139.52 15
60139.52 16
60139.52 17
60139.52 18
60139.52 19
60139.52 20
60139.52 21
60139.52 22
60139.52 23
60139.52 24
60139.52 25
60139.52 26
60139.52 27
60139.52 28
60139.52 29
60139.52 30
60139.52 31
60139.52 32
60139.52 33
60139.52 34
60139.52 35
60139.52 36
60139.52 37
60139.52 38
60139.52 39
60139.52 40
60139.52 41
60139.52 42
60139.52 43
60139.52 44
60139.52 45
60139.52 46
60139.52 47
60139.52 48
60139.52 49
60139.52 50
60139.52 51
60139.52 52
60139.52 53
60139.52 54
60139.52 55
60139.52 56
60139.52 57
60139.52 58
60139.52 59
60139.52 60
60139.52 61
60139.52 62
60139.52 63
60139.52 64
60139.52 65
60139.52 66
60139.52 67
60139.52 68
60139.52 69
60139.52 70
60139.52 71
60139.52 72
60139.52 73
60139.52 74
60139.52 75
60139.52 76
60139.52 77
60139.52 78
60139.52 79
60139.52 80
60139.52 81
60139.52 82
60139.52 83
60139.52 84
60139.52 85
60139.52 86
60139.52 87
60139.52 88
60139.52 89
60139.52 90
60139.52 91
60139.52 92
60139.52 93
60139.52 94
60139.52 95
60139.52 96
60139.52 97
60139.52 98
60139.52 99
60139.52 100
60139.52 101
60139.52 102
60139.52 103
60139.52 104
60139.52 105
60139.52 106
60139.52 107
60139.52 108
60139.52 109
60139.52 110
60139.52 111
60139.52 112
60139.52 113
60139.52 114
60139.52 115
60139.52 116
60139.52 117
60139.52 118
60139.52 119
60139.52 120
60139.52 121
60139.52 122
60139.52 123
60139.52 124
60139.52 125
60139.52 126
60139.52 127
60139.52 128
60139.52 129
60139.52 130
60139.52 131
60139.52 132
60139.52 133
60139.52 134
60139.52 135
60139.52 136
60139.52 137
60139.52 138
60139.52 139
60139.52 140
60139.52 141
60139.52 142
60139.52 143
60139.52 144
60139.52 145
60139.52 146
60139.52 147
60139.52 148
60139.52 149
60139.52 150
60139.52 151
60139.52 152
60139.52 153
60139.52 154
60139.52 155
60139.52 156
60139.52 157
60139.52 158
60139.52 159
60139.52 160
60139.52 161
60139.52 162
60139.52 163
60139.52 164
60139.52 165
60139.52 166
60139.52 167
60139.52 168
60139.52 169
60139.52 170
60139.52 171
60139.52 172
60139.52 173
60139.52 174
60139.52 175
60139.52 176
60139.52 177
60139.52 178
60139.52 179
60139.52 180
60139.52 181
60139.52 182
60139.52 183
60139.52 184
60139.52 185
60139.52 186
60139.52 187
60139.52 188
60139.52 189
60139.52 190
60139.52 191
60139.52 192
60139.52 193
60139.52 194
60139.52 195
60139.52 196
60139.52 197
60139.52 198
60139.52 199
60139.52 200
60139.52 201
60139.52 202
60139.52 203
60139.52 204
60139.52 205
60139.52 206
60139.52 207
60139.52 208
60139.52 209
60139.52 210
60139.52 211
60139.52 212
60139.52 213
60139.52 214
60139.52 215
60139.52 216
60139.52 217
60139.52 218
60139.52 219
60139.52 220
60139.52 221
60139.52 222
60139.52 223
60139.52 224
60139.52 225
60139.52 226
60139.52 227
60139.52 228
60139.52 229
60139.52 230
60139.52 231
60139.52 232
60139.52 233
60139.52 234
60139.52 235
60139.52 236
60139.52 237
60139.52 238
60139.52 239
60139.52 240
60139.52 241
60139.52 242
60139.52 243
60139.52 244
60139.52 245
60139.52 246
60139.52 247
60139.52 248
60139.52 249
60139.52 250
60139.52 251
60139.52 252
60139.52 253
60139.52 254
60139.52 255
60139.52 256
60139.52 257
60139.52 258
60139.52 259
60139.52 260
60139.52 261
60139.52 262
60139.52 263
60139.52 264
60139.52 265
60139.52 266
60139.52 267
60139.52 268
60139.52 269
60139.52 270
60139.52 271
60139.52 272
60139.52 273
60139.52 274
60139.52 275
60139.52 276
60139.52 277
60139.52 278
60139.52 279
60139.52 280
60139.52 281
60139.52 282
60139.52 283
60139.52 284
60139.52 285
60139.52 286
60139.52 287
60139.52 288
60139.52 289
60139.52 290
60139.52 291
60139.52 292
60139.52 293
60139.52 294
60139.52 295
60139.52 296
60139.52 297
60139.52 298
60139.52 299
60139.52 300
60139.52 301
60139.52 302
60139.52 303
60139.52 304
60139.52 305
60139.52 306
60139.52 307
60139.52 308
60139.52 309
60139.52 310
60139.52 311
60139.52 312
60139.52 313
60139.52 314
60139.52 315
60139.52 316
60139.52 317
60139.52 318
60139.52 319
60139.52 320
60139.52 321
60139.52 322
60139.52 323
60139.52 324
60139.52 325
60139.52 326
60139.52 327
60139.52 328
60139.52 329
60139.52 330
60139.52 331
60139.52 332
60139.52 333
60139.52 334
60139.52 335
60139.52 336
60139.52 337
60139.52 338
60139.52 339
60139.52 340
60139.52 341
60139.52 342
60139.52 343
60139.52 344
60139.52 345
60139.52 346
60139.52 347
60139.52 348
60139.52 349
60139.52 350
60139.52 351
60139.52 352
60139.52 353
60139.52 354
60139.52 355
60139.52 356
60139.52 357
60139.52 358
60139.52 359
60139.52 360
60139.52 361
60139.52 362
60139.52 363
60139.52 364
60139.52 365
60139.52 366
60139.52 367
60139.52 368
60139.52 369
60139.52 370
60139.52 371
60139.52 372
60139.52 373
60139.52 374
60139.52 375
60139.52 376
60139.52 377
60139.52 378
60139.52 379
60139.52 380
60139.52 381
60139.52 382
60139.52 383
60139.52 384
60139.52 385
60139.52 386
60139.52 387
60139.52 388
60139.52 389
60139.52 390
60139.52 391
60139.52 392
60139.52 393
60139.52 394
60139.52 395
60139.52 396
60139.52 397
60139.52 398
60139.52 399
60139.52 400
60139.52 401
60139.52 402
60139.52 403
60139.52 404
60139.52 405
60139.52 406
60139.52 407
60139.52 408
60139.52 409
60139.52 410
60139.52 411
60139.52 412
60139.52 413
60139.52 414
60139.52 415
60139.52 416
60139.52 417
60139.52 418
60139.52 419
60139.52 420
60139.52 421
60139.52 422
60139.52 423
60139.52 424
60139.52 425
60139.52 426
60139.52 427
60139.52 428
60139.52 429
60139.52 430
60139.52 431
60139.52 432
60139.52 433
60139.52 434
60139.52 435
60139.52 436
60139.52 437
60139.52 438
60139.52 439
60139.52 440
60139.52 441
60139.52 442
60139.52 443
60139.52 444
60139.52 445
60139.52 446
60139.52 447
60139.52 448
60139.52 449
60139.52 450
60139.52 451
60139.52 452
60139.52 453
60139.52 454
60139.52 455
60139.52 456
60139.52 457
60139.52 458
60139.52 459
60139.52 460
60139.52 461
60139.52 462
60139.52 463
60139.52 464
60139.52 465
60139.52 466
60139.52 467
60139.52 468
60139.52 469
60139.52 470
60139.52 471
60139.52 472
60139.52 473
60139.52 474
60139.52 475
60139.52 476
60139.52 477
60139.52 478
60139.52 479
60139.52 480
60139.52 481
60139.52 482
60139.52 483
60139.52 484
60139.52 485
60139.52 486
60139.52 487
60139.52 488
60139.52 489
60139.52 490
60139.52 491
60139.52 492
60139.52 493
60139.52 494
60139.52 495
60139.52 496
60139.52 497
60139.52 498
60139.52 499
60139.52 500
60139.52 501
60139.52 502
60139.52 503
60139.52 504
60139.52 505
60139.52 506
60139.52 507
60139.52 508
60139.52 509
60139.52 510
60139.52 511
60139.52 512
60139.52 513
60139.52 514
60139.52 515
60139.52 516
60139.52 517
60139.52 518
60139.52 519
60139.52 520
60139.52 521
60139.52 522
60139.52 523
60139.52 524
60139.52 525
60139.52 526
60139.52 527
60139.52 528
60139.52 529
60139.52 530
60139.52 531
60139.52 532
60139.52 533
60139.52 534
60139.52 535
60139.52 536
60139.52 537
60139.52 538
60139.52 539
60139.52 540
60139.52 541
60139.52 542
60139.52 543
60139.52 544
60139.52 545
60139.52 546
60139.52 547
60139.52 548
60139.52 549
60139.52 550
60139.52 551
60139.52 552
60139.52 553
60139.52 554
60139.52 555
60139.52 556
60139.52 557
60139.52 558
60139.52 559
60139.52 560
60139.52 561
60139.52 562
60139.52 563
60139.52 564
60139.52 565
60139.52 566
60139.52 567
60139.52 568
60139.52 569
60139.52 570
60139.52 571
60139.52 572
60139.52 573
60139.52 574
60139.52 575
60139.52 576
60139.52 577
60139.52 578
60139.52 579
60139.52 580
60139.52 581
60139.52 582
60139.52 583
60139.52 584
60139.52 585
60139.52 586
60139.52 587
60139.52 588
60139.52 589
60139.52 590
60139.52 591
60139.52 592
60139.52 593
60139.52 594
60139.52 595
60139.52 596
60139.52 597
60139.52 598
60139.52 599
60139.52 600
60139.52 601
60139.52 602
60139.52 603
60139.52 604
60139.52 605
60139.52 606
60139.52 607
60139.52 608
60139.52 609
60139.52 610
60139.52 611
60139.52 612
60139.52 613
60139.52 614
60139.52 615
60139.52 616
60139.52 617
60139.52 618
60139.52 619
60139.52 620
60139.52 621
60139.52 622
60139.52 623
60139.52 624
60139.52 625
60139.52 626
60139.52 627
60139.52 628
60139.52 629
60139.52 630
60139.52 631
60139.52 632
60139.52 633
60139.52 634
60139.52 635
60139.52 636
60139.52 637
60139.52 638
60139.52 639
60139.52 640
60139.52 641
60139.52 642
60139.52 643
60139.52 644
60139.52 645
60139.52 646
60139.52 647
60139.52 648
60139.52 649
60139.52 650
60139.52 651
60139.52 652
60139.52 653
60139.52 654
60139.52 655
60139.52 656
60139.52 657
60139.52 658
60139.52 659
60139.52 660
60139.52 661
60139.52 662
60139.52 663
60139.52 664
60139.52 665
60139.52 666
60139.52 667
60139.52 668
60139.52 669
60139.52 670
60139.52 671
60139.52 672
60139.52 673
60139.52 674
60139.52 675
60139.52 676
60139.52 677
60139.52 678
60139.52 679
60139.52 680
60139.52 681
60139.52 682
60139.52 683
60139.52 684
60139.52 685
60139.52 686
60139.52 687
60139.52 688
60139.52 689
60139.52 690
60139.52 691
60139.52 692
60139.52 693
60139.52 694
60139.52 695
60139.52 696
60139.52 697
60139.52 698
60139.52 699
60139.52 700
60139.52 701
60139.52 702
60139.52 703
60139.52 704
60139.52 705
60139.52 706
60139.52 707
60139.52 708
60139.52 709
60139.52 710
60139.52 711
60139.52 712
60139.52 713
60139.52 714
60139.52 715
60139.52 716
60139.52 717
60139.52 718
60139.52 719
60139.52 720
60139.52 721
60139.52 722
60139.52 723
60139.52 724
60139.52 725
60139.52 726
60139.52 727
60139.52 728
60139.52 729
60139.52 730
60139.52 731
60139.52 732
60139.52 733
60139.52 734
60139.52 735
60139.52 736
60139.52 737
60139.52 738
60139.52 739
60139.52 740
60139.52 741
60139.52 742
60139.52 743
60139.52 744
60139.52 745
60139.52 746
60139.52 747
60139.52 748
60139.52 749
60139.52 750
60139.52 751
60139.52 752
60139.52 753
60139.52 754
60139.52 755
60139.52 756
60139.52 757
60139.52 758
60139.52 759
60139.52 760
60139.52 761
60139.52 762
60139.52 763
60139.52 764
60139.52 765
60139.52 766
60139.52 767
60139.52 768
60139.52 769
60139.52 770
60139.52 771
60139.52 772
60139.52 773
60139.52 774
60139.52 775
60139.52 776
60139.52 777
60139.52 778
60139.52 779
60139.52 780
60139.52 781
60139.52 782
60139.52 783
60139.52 784
60139.52 785
60139.52 786
60139.52 787
60139.52 788
60139.52 789
60139.52 790
60139.52 791
60139.52 792
60139.52 793
60139.52 794
60139.52 795
60139.52 796
60139.52 797
60139.52 798
60139.52 799
60139.52 800
60139.52 801
60139.52 802
60139.52 803
60139.52 804
60139.52 805
60139.52 806
60139.52 807
60139.52 808
60139.52 809
60139.52 810
60139.52 811
60139.52 812
60139.52 813
60139.52 814
60139.52 815
60139.52 816
60139.52 817
60139.52 818
60139.52 819
60139.52 820
60139.52 821
60139.52 822
60139.52 823
60139.52 824
60139.52 825
60139.52 826
60139.52 827
60139.52 828
60139.52 829
60139.52 830
60139.52 831
60139.52 832
60139.52 833
60139.52 834
60139.52 835
60139.52 836
60139.52 837
60139.52 838
60139.52 839
60139.52 840
60139.52 841
60139.52 842
60139.52 843
60139.52 844
60139.52 845
60139.52 846
60139.52 847
60139.52 848
60139.52 849
60139.52 850
60139.52 851
60139.52 852
60139.52 853
60139.52 854
60139.52 855
60139.52 856
60139.52 857
60139.52 858
60139.52 859
60139.52 860
60139.52 861
60139.52 862
60139.52 863
60139.52 864
60139.52 865
60139.52 866
60139.52 867
60139.52 868
60139.52 869
60139.52 870
60139.52 871
60139.52 872
60139.52 873
60139.52 874
60139.52 875
60139.52 876
60139.52 877
60139.52 878
60139.52 879
60139.52 880
60139.52 881
60139.52 882
60139.52 883
60139.52 884
60139.52 885
60139.52 886
60139.52 887
60139.52 888
60139.52 889
60139.52 890
60139.52 891
60139.52 892
60139.52 893
60139.52 894
60139.52 895
60139.52 896
60139.52 897
60139.52 898
60139.52 899
60139.52 900
60139.52 901
60139.52 902
60139.52 903
60139.52 904
60139.52 905
60139.52 906
60139.52 907
60139.52 908
60139.52 909
60139.52 910
60139.52 911
60139.52 912
60139.52 913
60139.52 914
60139.52 915
60139.52 916
60139.52 917
60139.52 918
60139.52 919
60139.52 920
60139.52 921
60139.52 922
60139.52 923
60139.52 924
60139.52 925
60139.52 926
60139.52 927
60139.52 928
60139.52 929
60139.52 930
60139.52 931
60139.52 932
60139.52 933
60139.52 934
60139.52 935
60139.52 936
60139.52 937
60139.52 938
60139.52 939
60139.52 940
60139.52 941
60139.52 942
60139.52 943
60139.52 944
60139.52 945
60139.52 946
60139.52 947
60139.52 948
60139.52 949
60139.52 950
60139.52 951
60139.52 952
60139.52 953
60139.52 954
60139.52 955
60139.52 956
60139.52 957
60139.52 958
60139.52 959
60139.52 960
60139.52 961
60139.52 962
60139.52 963
60139.52 964
60139.52 965
60139.52 966
60139.52 967
60139.52 968
60139.52 969
60139.52 970
60139.52 971
60139.52 972
60139.52 973
60139.52 974
60139.52 975
60139.52 976
60139.52 977
60139.52 978
60139.52 979
60139.52 980
60139.52 981
60139.52 982
60139.52 983
60139.52 984
60139.52 985
60139.52 986
60139.52 987
60139.52 988
60139.52 989
60139.52 990
60139.52 991
60139.52 992
60139.52 993
60139.52 994
60139.52 995
60139.52 996
60139.52 997
60139.52 998
60139.52 999
60139.52 1000
60139.52 1001
60139.52 1002
60139.52 1003
60139.52 1004
60139.52 1005
60139.52 1006
60139.52 1007
60139.52 1008
60139.52 1009
60139.52 1010
60139.52 1011
60139.52 1012
60139.52 1013
60139.52 1014
60139.52 1015
60139.52 1016
60139.52 1017
60139.52 1018
60139.52 1019
60139.52 1020
60139.52 1021
60139.52 1022
60139.52 1023
60139.52 1024
60139.52 1025
60139.52 1026
60139.52 1027
60139.52 1028
60139.52 1029
60139.52 1030
60139.52 1031
60139.52 1032
60139.52 1033
60139.52 1034
60139.52 1035
60139.52 1036
60139.52 1037
60139.52 1038
60139.52 1039
60139.52 1040
60139.52 1041
60139.52 1042
60139.52 1043
60139.52 1044
60139.52 1045
60139.52 1046
60139.52 1047
60139.52 1048
60139.52 1049
60139.52 1050
60139.52 1051
60139.52 1052
60139.52 1053
60139.52 1054
60139.52 1055
60139.52 1056
60139.52 1057
60139.52 1058
60139.52 1059
60139.52 1060
60139.52 1061
60139.52 1062
60139.52 1063
60139.52 1064
60139.52 1065
60139.52 1066
60139.52 1067
60139.52 1068
60139.52 1069
60139.52 1070
60139.52 1071
60139.52 1072
60139.52 1073
60139.52 1074
60139.52 1075
60139.52 1076
60139.52 1077
60139.52 1078
60139.52 1079
60139.52 1080
60139.52 1081
60139.52 1082
60139.52 1083
60139.52 1084
60139.52 1085
60139.52 1086
60139.52 1087
60139.52 1088
60139.52 1089
60139.52 1090
60139.52 1091
60139.52 1092
60139.52 1093
60139.52 1094
60139.52 1095
60139.52 1096
60139.52 1097
60139.52 1098
60139.52 1099
60139.52 1100
60139.52 1101
60139.52 1102
60139.52 1103
60139.52 1104
60139.52 1105
60139.52 1106
60139.52 1107
60139.52 1108
60139.52 1109
60139.52 1110
60139.52 1111
60139.52 1112
60139.52 1113
60139.52 1114
60139.52 1115
60139.52 1116
60139.52 1117
60139.52 1118
60139.52 1119
60139.52 1120
60139.52 1121
60139.52 1122
60139.52 1123
60139.52 1124
60139.52 1125
60139.52 1126
60139.52 1127
60139.52 1128
60139.52 1129
60139.52 1130
60139.52 1131
60139.52 1132
60139.52 1133
60139.52 1134
60139.52 1135
60139.52 1136
60139.52 1137
60139.52 1138
60139.52 1139
60139.52 1140
60139.52 1141
60139.52 1142
60139.52 1143
60139.52 1144
60139.52 1145
60139.52 1146
60139.52 1147
60139.52 1148
60139.52 1149
60139.52 1150
60139.52 1151
60139.52 1152
60139.52 1153
60139.52 1154
60139.52 1155
60139.52 1156
60139.52 1157
60139.52 1158
60139.52 1159
60139.52 1160
60139.52 1161
60139.52 1162
60139.52 1163
60139.52 1164
60139.52 1165
60139.52 1166
60139.52 1167
60139.52 1168
60139.52 1169
60139.52 1170
60139.52 1171
60139.52 1172
60139.52 1173
60139.52 1174
60139.52 1175
60139.52 1176
60139.52 1177
60139.52 1178
60139.52 1179
60139.52 1180
60139.52 1181
60139.52 1182
60139.52 1183
60139.52 1184
60139.52 1185
60139.52 1186
60139.52 1187
60139.52 1188
60139.52 1189
60139.52 1190
60139.52 1191
60139.52 1192
60139.52 1193
60139.52 1194
60139.52 1195
60139.52 1196
60139.52 1197
60139.52 1198
60139.52 1199
60139.52 1200
60139.52 1201
60139.52 1202
60139.52 1203
60139.52 1204
60139.52 1205
60139.52 1206
60139.52 1207
60139.52 1208
60139.52 1209
60139.52 1210
60139.52 1211
60139.52 1212
60139.52 1213
60139.52 1214
60139.52 1215
60139.52 1216
60139.52 1217
60139.52 1218
60139.52 1219
60139.52 1220
60139.52 1221
60139.52 1222
60139.52 1223
60139.52 1224
60139.52 1225
60139.52 1226
60139.52 1227
60139.52 1228
60139.52 1229
60139.52 1230
60139.52 1231
60139.52 1232
60139.52 1233
60139.52 1234
60139.52 1235
60139.52 1236
60139.52 1237
60139.52 1238
60139.52 1239
60139.52 1240
60139.52 1241
60139.52 1242
60139.52 1243
60139.52 1244
60139.52 1245
60139.52 1246
60139.52 1247
60139.52 1248
60139.52 1249
60139.52 1250
60139.52 1251
60139.52 1252
60139.52 1253
60139.52 1254
60139.52 1255
60139.52 1256
60139.52 1257
60139.52 1258
60139.52 1259
60139.52 1260
60139.52 1261
60139.52 1262
60139.52 1263
60139.52 1264
60139.52 1265
60139.52 1266
60139.52 1267
60139.52 1268
60139.52 1269
60139.52 1270
60139.52 1271
60139.52 1272
60139.52 1273
60139.52 1274
60139.52 1275
60139.52 1276
60139.52 1277
60139.52 1278
60139.52 1279
60139.52 1280
60139.52 1281
60139.52 1282
60139.52 1283
60139.52 1284
60139.52 1285
60139.52 1286
60139.52 1287
60139.52 1288
60139.52 1289
60139.52 1290
60139.52 1291
60139.52 1292
60139.52 1293
60139.52 1294
60139.52 1295
60139.52 1296
60139.52 1297
60139.52 1298
60139.52 1299
60139.52 1300
60139.52 1301
60139.52 1302
60139.52 1303
60139.52 1304
60139.52 1305
60139.52 1306
60139.52 1307
60139.52 1308
60139.52 1309
60139.52 1310
60139.52 1311
60139.52 1312
60139.52 1313
60139.52 1314
60139.52 1315
60139.52 1316
60139.52 1317
60139.52 1318
60139.52 1319
60139.52 1320
60139.52 1321
60139.52 1322
60139.52 1323
60139.52 1324
60139.52 1325
60139.52 1326
60139.52 1327
60139.52 1328
60139.52 1329
60139.52 1330
60139.52 1331
60139.52 1332
60139.52 1333
60139.52 1334
60139.52 1335
60139.52 1336
60139.52 1337
60139.52 1338
60139.52 1339
60139.52 1340
60139.52 1341
60139.52 1342
60139.52 1343
60139.52 1344
60139.52 1345
60139.52 1346
60139.52 1347
60139.52 1348
60139.52 1349
60139.52 1350
60139.52 1351
60139.52 1352
60139.52 1353
60139.52 1354
60139.52 1355
60139.52 1356
60139.52 1357
60139.52 1358
60139.52 1359
60139.52 1360
60139.52 1361
60139.52 1362
60139.52 1363
60139.52 1364
60139.52 1365
60139.52 1366
60139.52 1367
60139.52 1368
60139.52 1369
60139.52 1370
60139.52 1371
60139.52 1372
60139.52 1373
60139.52 1374
60139.52 1375
60139.52 1376
60139.52 1377
60139.52 1378
60139.52 1379
60139.52 1380
60139.52 1381
60139.52 1382
60139.52 1383
60139.52 1384
60139.52 1385
60139.52 1386
60139.52 1387
60139.52 1388
60139.52 1389
60139.52 1390
60139.52 1391
60139.52 1392
60139.52 1393
60139.52 1394
60139.52 1395
60139.52 1396
60139.52 1397
60139.52 1398
60139.52 1399
60139.52 1400
60139.52 1401
60139.52 1402
60139.52 1403
60139.52 1404
60139.52 1405
60139.52 1406
60139.52 1407
60139.52 1408
60139.52 1409
60139.52 1410
60139.52 1411
60139.52 1412
60139.52 1413
60139.52 1414
60139.52 1415
60139.52 1416
60139.52 1417
60139.52 1418
60139.52 1419
60139.52 1420
60139.52 1421
60139.52 1422
60139.52 1423
60139.52 1424
60139.52 1425
60139.52 1426
60139.52 1427
60139.52 1428
60139.52 1429
60139.52 1430
60139.52 1431
60139.52 1432
60139.52 1433
60139.52 1434
60139.52 1435
60139.52 1436
60139.52 1437
60139.52 1438
60139.52 1439
60139.52 1440
60139.52 1441
60139.52 1442
60139.52 1443
60139.52 1444
60139.52 1445
60139.52 1446
60139.52 1447
60139.52 1448
60139.52 1449
60139.52 1450
60139.52 1451
60139.52 1452
60139.52 1453
60139.52 1454
60139.52 1455
60139.52 1456
60139.52 1457
60139.52 1458
60139.52 1459
60139.52 1460
60139.52 1461
60139.52 1462
60139.52 1463
60139.52 1464
60139.52 1465
60139.52 1466
60139.52 1467
60139.52 1468
60139.52 1469
60139.52 1470
60139.52 1471
60139.52 1472
60139.52 1473
60139.52 1474
60139.52 1475
60139.52 1476
60139.52 1477
60139.52 1478
60139.52 1479
60139.52 1480
60139.52 1481
60139.52 1482
60139.52 1483
60139.52 1484
60139.52 1485
60139.52 1486
60139.52 1487
60139.52 1488
60139.52 1489
60139.52 1490
60139.52 1491
60139.52 1492
60139.52 1493
60139.52 1494
60139.52 1495
60139.52 1496
60139.52 1497
60139.52 1498
60139.52 1499
60139.52 1500
60139.52 1501
60139.52 1502
60139.52 1503
60139.52 1504
60139.52 1505
60139.52 1506
60139.52 1507
60139.52 1508
60139.52 1509
60139.52 1510
60139.52 1511
60139.52 1512
60139.52 1513
60139.52 1514
60139.52 1515
60139.52 1516
60139.52 1517
60139.52 1518
60139.52 1519
60139.52 1520
60139.52 1521
60139.52 1522
60139.52 1523
60139.52 1524
60139.52 1525
60139.52 1526
60139.52 1527
60139.52 1528
60139.52 1529
60139.52 1530
60139.52 1531
60139.52 1532
60139.52 1533
60139.52 1534
60139.52 1535
60139.52 1536
60139.52 1537
60139.52 1538
60139.52 1539
60139.52 1540
60139.52 1541
60139.52 1542
60139.52 1543
60139.52 1544
60139.52 1545
60139.52 1546
60139.52 1547
60139.52 1548
60139.52 1549
60139.52 1550
60139.52 1551
60139.52 1552
60139.52 1553
60139.52 1554
60139.52 1555
60139.52 1556
60139.52 1557
60139.52 1558
60139.52 1559
60139.52 1560
60139.52 1561
60139.52 1562
60139.52 1563
60139.52 1564
60139.52 1565
60139.52 1566
60139.52 1567
60139.52 1568
60139.52 1569
60139.52 1570
60139.52 1571
60139.52 1572
60139.52 1573
60139.52 1574
60139.52 1575
60139.52 1576
60139.52 1577
60139.52 1578
60139.52 1579
60139.52 1580
60139.52 1581
60139.52 1582
60139.52 1583
60139.52 1584
60139.52 1585
60139.52 1586
60139.52 1587
60139.52 1588
60139.52 1589
60139.52 1590
60139.52 1591
60139.52 1592
60139.52 1593
60139.52 1594
60139.52 1595
60139.52 1596
60139.52 1597
60139.52 1598
60139.52 1599
60139.52 1600
60139.52 1601
60139.52 1602
60139.52 1603
60139.52 1604
60139.52 1605
60139.52 1606
60139.52 1607
60139.52 1608
60139.52 1609
60139.52 1610
60139.52 1611
60139.52 1612
60139.52 1613
60139.52 1614
60139.52 1615
60139.52 1616
60139.52 1617
60139.52 1618
60139.52 1619
60139.52 1620
60139.52 1621
60139.52 1622
60139.52 1623
60139.52 1624
60139.52 1625
60139.52 1626
60139.52 1627
60139.52 1628
60139.52 1629
60139.52 1630
60139.52 1631
60139.52 1632
60139.52 1633
60139.52 1634
60139.52 1635
60139.52 1636
60139.52 1637
60139.52 1638
60139.52 1639
60139.52 1640
60139.52 1641
60139.52 1642
60139.52 1643
60139.52 1644
60139.52 1645
60139.52 1646
60139.52 1647
60139.52 1648
60139.52 1649
60139.52 1650
60139.52 1651
60139.52 1652
60139.52 1653
60139.52 1654
60139.52 1655
60139.52 1656
60139.52 1657
60139.52 1658
60139.52 1659
60139.52 1660
60139.52 1661
60139.52 1662
60139.52 1663
60139.52 1664
60139.52 1665
60139.52 1666
60139.52 1667
60139.52 1668
60139.52 1669
60139.52 1670
60139.52 1671
60139.52 1672
60139.52 1673
60139.52 1674
60139.52 1675
60139.52 1676
60139.52 1677
60139.52 1678
60139.52 1679
60139.52 1680
60139.52 1681
60139.52 1682
60139.52 1683
60139.52 1684
60139.52 1685
60139.52 1686
60139.52 1687
60139.52 1688
60139.52 1689
60139.52 1690
60139.52 1691
60139.52 1692
60139.52 1693
60139.52 1694
60139.52 1695
60139.52 1696
60139.52 1697
60139.52 1698
60139.52 1699
60139.52 1700
60139.52 1701
60139.52 1702
60139.52 1703
60139.52 1704
60139.52 1705
60139.52 1706
60139.52 1707
60139.52 1708
60139.52 1709
60139.52 1710
60139.52 1711
60139.52 1712
60139.52 1713
60139.52 1714
60139.52 1715
60139.52 1716
60139.52 1717
60139.52 1718
60139.52 1719
60139.52 1720
60139.52 1721
60139.52 1722
60139.52 1723
60139.52 1724
60139.52 1725
60139.52 1726
60139.52 1727
60139.52 1728
60139.52 1729
60139.52 1730
60139.52 1731
60139.52 1732
60139.52 1733
60139.52 1734
60139.52 1735
60139.52 1736
60139.52 1737
60139.52 1738
60139.52 1739
60139.52 1740
60139.52 1741
60139.52 1742
60139.52 1743
60139.52 1744
60139.52 1745
60139.52 1746
60139.52 1747
60139.52 1748
60139.52 1749
60139.52 1750
60139.52 1751
60139.52 1752
60139.52 1753
60139.52 1754
60139.52 1755
60139.52 1756
60139.52 1757
60139.52 1758
60139.52 1759
60139.52 1760
60139.52 1761
60139.52 1762
60139.52 1763
60139.52 1764
60139.52 1765
60139.52 1766
60139.52 1767
60139.52 1768
60139.52 1769
60139.52 1770
60139.52 1771
60139.52 1772
60139.52 1773
60139.52 1774
60139.52 1775
60139.52 1776
60139.52 1777
60139.52 1778
60139.52 1779
60139.52 1780
60139.52 1781
60139.52 1782
60139.52 1783
60139.52 1784
60139.52 1785
60139.52 1786
60139.52 1787
60139.52 1788
60139.52 1789
60139.52 1790
60139.52 1791
60139.52 1792
60139.52 1793
60139.52 1794
60139.52 1795
60139.52 1796
60139.52 1797
60139.52 1798
60139.52 1799
60139.52 1800
60139.52 1801
60139.52 1802
60139.52 1803
60139.52 1804
60139.52 1805
60139.52 1806
60139.52 1807
60139.52 1808
60139.52 1809
60139.52 1810
60139.52 1811
60139.52 1812
60139.52 1813
60139.52 1814
60139.52 1815
60139.52 1816
60139.52 1817
60139.52 1818
60139.52 1819
60139.52 1820
60139.52 1821
60139.52 1822
60139.52 1823
60139.52 1824
60139.52 1825
60139.52 1826
60139.52 1827
60139.52 1828
60139.52 1829
60139.52 1830
60139.52 1831
60139.52 1832
60139.52 1833
60139.52 1834
60139.52 1835
60139.52 1836
60139.52 1837
60139.52 1838
60139.52 1839
60139.52 1840
60139.52 1841
60139.52 1842
60139.52 1843
60139.52 1844
60139.52 1845
60139.52 1846
60139.52 1847
60139.52 1848
60139.52 1849
60139.52 1850
60139.52 1851
60139.52 1852
60139.52 1853
60139.52 1854
60139.52 1855
60139.52 1856
60139.52 1857
60139.52 1858
60139.52 1859
60139.52 1860
60139.52 1861
60139.52 1862
60139.52 1863
60139.52 1864
60139.52 1865
60139.52 1866
60139.52 1867
60139.52 1868
60139.52 1869
60139.52 1870
60139.52 1871
60139.52 1872
60139.52 1873
60139.52 1874
60139.52 1875
60139.52 1876
60139.52 1877
60139.52 1878
60139.52 1879
60139.52 1880
60139.52 1881
60139.52 1882
60139.52 1883
60139.52 1884
60139.52 1885
60139.52 1886
60139.52 1887
60139.52 1888
60139.52 1889
60139.52 1890
60139.52 1891
60139.52 1892
60139.52 1893
60139.52 1894
60139.52 1895
60139.52 1896
60139.52 1897
60139.52 1898
60139.52 1899
60139.52 1900
60139.52 1901
60139.52 1902
60139.52 1903
60139.52 1904
60139.52 1905
60139.52 1906
60139.52 1907
60139.52 1908
60139.52 1909
60139.52 1910
60139.52 1911
60139.52 1912
60139.52 1913
60139.52 1914
60139.52 1915
60139.52 1916
60139.52 1917
60139.52 1918
60139.52 1919
60139.52 1920
60139.52 1921
60139.52 1922
60139.52 1923
60139.52 1924
60139.52 1925
60139.52 1926
60139.52 1927
60139.52 1928
60139.52 1929
60139.52 1930
60139.52 1931
60139.52 1932
60139.52 1933
60139.52 1934
60139.52 1935
60139.52 1936
60139.52 1937
60139.52 1938
60139.52 1939
60139.52 1940
60139.52 1941
60139.52 1942
60139.52 1943
60139.52 1944
60139.52 1945
60139.52 1946
60139.52 1947
60139.52 1948
60139.52 1949
60139.52 1950
60139.52 1951
60139.52 1952
60139.52 1953
60139.52 1954
60139.52 1955
60139.52 1956
60139.52 1957
60139.52 1958
60139.52 1959
60139.52 1960
60139.52 1961
60139.52 1962
60139.52 1963
60139.52 1964
60139.52 1965
60139.52 1966
60139.52 1967
60139.52 1968
60139.52 1969
60139.52 1970
60139.52 1971
60139.52 1972
60139.52 1973
60139.52 1974
60139.52 1975
60139.52 1976
60139.52 1977
60139.52 1978
60139.52 1979
60139.52 1980
60139.52 1981
60139.52 1982
60139.52 1983
60139.52 1984
60139.52 1985
60139.52 1986
60139.52 1987
60139.52 1988
60139.52 1989
60139.52 1990
60139.52 1991
60139.52 1992
60139.52 1993
60139.52 1994
60139.52 1995
60139.52 1996
60139.52 1997
60139.52 1998
60139.52 1999
60139.52 2000
60139.52 2001
60139.52 2002
60139.52 2003
60139.52 2004
60139.52 2005
60139.52 2006
60139.52 2007
60139.52 2008
60139.52 2009
60139.52 2010
60139.52 2011
60139.52 2012
60139.52 2013
60139.52 2014
60139.52 2015
60139.52 2016
60139.52 2017
60139.52 2018
60139.52 2019
60139.52 2020
60139.52 2021
60139.52 2022
60139.52 2023
60139.52 2024
60139.52 2025
60139.52 2026
60139.52 2027
60139.52 2028
60139.52 2029
60139.52 2030
60139.52 2031
60139.52 2032
60139.52 2033
60139.52 2034
60139.52 2035
60139.52 2036
60139.52 2037
60139.52 2038
60139.52 2039
60139.52 2040
60139.52 2041
60139.52 2042
60139.52 2043
60139.52 2044
60139.52 2045
60139.52 2046
60139.52 2047
60139.52 2048
60139.52 2049
60139.52 2050
60139.52 2051
60139.52 2052
60139.52 2053
60139.52 2054
60139.52 2055
60139.52 2056
60139.52 2057
60139.52 2058
60139.52 2059
60139.52 2060
60139.52 2061
60139.52 2062
60139.52 2063
60139.52 2064
60139.52 2065
60139.52 2066
60139.52 2067
60139.52 2068
60139.52 2069
60139.52 2070
60139.52 2071
60139.52 2072
60139.52 2073
60139.52 2074
60139.52 2075
60139.52 2076
60139.52 2077
60139.52 2078
60139.52 2079
60139.52 2080
60139.52 2081
60139.52 2082
60139.52 2083
60139.52 2084
60139.52 2085
60139.52 2086
60139.52 2087
60139.52 2088
60139.52 2089
60139.52 2090
60139.52 2091
60139.52 2092
60139.52 2093
60139.52 2094
60139.52 2095
60139.52 2096
60139.52 2097
60139.52 2098
60139.52 2099
60139.52 2100
60139.52 2101
60139.52 2102
60139.52 2103
60139.52 2104
60139.52 2105
60139.52 2106
60139.52 2107
60139.52 2108
60139.52 2109
60139.52 2110
60139.52 2111
60139.52 2112
60139.52 2113
60139.52 2114
60139.52 2115
60139.52 2116
60139.52 2117
60139.52 2118
60139.52 2119
60139.52 2120
60139.52 2121
60139.52 2122
60139.52 2123
60139.52 2124
60139.52 2125
60139.52 2126
60139.52 2127
60139.52 2128
60139.52 2129
60139.52 2130
60139.52 2131
60139.52 2132
60139.52 2133
60139.52 2134
60139.52 2135
60139.52 2136
60139.52 2137
60139.52 2138
60139.52 2139
60139.52 2140
60139.52 2141
60139.52 2142
60139.52 2143
60139.52 2144
60139.52 2145
60139.52 2146
60139.52 2147
60139.52 2148
60139.52 2149
60139.52 2150
60139.52 2151
60139.52 2152
60139.52 2153
60139.52 2154
60139.52 2155
60139.52 2156
60139.52 2157
60139.52 2158
60139.52 2159
60139.52 2160
60139.52 2161
60139.52 2162
60139.52 2163
60139.52 2164
60139.52 2165
60139.52 2166
60139.52 2167
60139.52 2168
60139.52 2169
60139.52 2170
60139.52 2171
60139.52 2172
60139.52 2173
60139.52 2174
60139.52 2175
60139.52 2176
60139.52 2177
60139.52 2178
60139.52 2179
60139.52 2180
60139.52 2181
60139.52 2182
60139.52 2183
60139.52 2184
60139.52 2185
60139.52 2186
60139.52 2187
60139.52 2188
60139.52 2189
60139.52 2190
60139.52 2191
60139.52 2192
60139.52 2193
60139.52 2194
60139.52 2195
60139.52 2196
60139.52 2197
60139.52 2198
60139.52 2199
60139.52 2200
60139.52 2201
60139.52 2202
60139.52 2203
60139.52 2204
60139.52 2205
60139.52 2206
60139.52 2207
60139.52 2208
60139.52 2209
60139.52 2210
60139.52 2211
60139.52 2212
60139.52 2213
60139.52 2214
60139.52 2215
60139.52 2216
60139.52 2217
60139.52 2218
60139.52 2219
60139.52 2220
60139.52 2221
60139.52 2222
60139.52 2223
60139.52 2224
60139.52 2225
60139.52 2226
60139.52 2227
60139.52 2228
60139.52 2229
60139.52 2230
60139.52 2231
60139.52 2232
60139.52 2233
60139.52 2234
60139.52 2235
60139.52 2236
60139.52 2237
60139.52 2238
60139.52 2239
60139.52 2240
60139.52 2241
60139.52 2242
60139.52 2243
60139.52 2244
60139.52 2245
60139.52 2246
60139.52 2247
60139.52 2248
60139.52 2249
60139.52 2250
60139.52 2251
60139.52 2252
60139.52 2253
60139.52 2254
60139.52 2255
60139.52 2256
60139.52 2257
60139.52 2258
60139.52 2259
60139.52 2260
60139.52 2261
60139.52 2262
60139.52 2263
60139.52 2264
60139.52 2265
60139.52 2266
60139.52 2267
60139.52 2268
60139.52 2269
60139.52 2270
60139.52 2271
60139.52 2272
60139.52 2273
60139.52 2274
60139.52 2275
60139.52 2276
60139.52 2277
60139.52 2278
60139.52 2279
60139.52 2280
60139.52 2281
60139.52 2282
60139.52 2283
60139.52 2284
60139.52 2285
60139.52 2286
60139.52 2287
60139.52 2288
60139.52 2289
60139.52 2290
60139.52 2291
60139.52 2292
60139.52 2293
60139.52 2294
60139.52 2295
60139.52 2296
60139.52 2297
60139.52 2298
60139.52 2299
60139.52 2300
60139.52 2301
60139.52 2302
60139.52 2303
60139.52 2304
60139.52 2305
60139.52 2306
60139.52 2307
60139.52 2308
60139.52 2309
60139.52 2310
60139.52 2311
60139.52 2312
60139.52 2313
60139.52 2314
60139.52 2315
60139.52 2316
60139.52 2317
60139.52 2318
60139.52 2319
60139.52 2320
60139.52 2321
60139.52 2322
60139.52 2323
60139.52 2324
60139.52 2325
60139.52 2326
60139.52 2327
60139.52 2328
60139.52 2329
60139.52 2330
60139.52 2331
60139.52 2332
60139.52 2333
60139.52 2334
60139.52 2335
60139.52 2336
60139.52 2337
60139.52 2338
60139.52 2339
60139.52 2340
60139.52 2341
60139.52 2342
60139.52 2343
60139.52 2344
60139.52 2345
60139.52 2346
60139.52 2347
60139.52 2348
60139.52 2349
60139.52 2350
60139.52 2351
60139.52 2352
60139.52 2353
60139.52 2354
60139.52 2355
60139.52 2356
60139.52 2357
60139.52 2358
60139.52 2359
60139.52 2360
60139.52 2361
60139.52 2362
60139.52 2363
60139.52 2364
60139.52 2365
60139.52 2366
60139.52 2367
60139.52 2368
60139.52 2369
60139.52 2370
60139.52 2371
60139.52 2372
60139.52 2373
60139.52 2374
60139.52 2375
60139.52 2376
60139.52 2377
60139.52 2378
60139.52 2379
60139.52 2380
60139.52 2381
60139.52 2382
60139.52 2383
60139.52 2384
60139.52 2385
60139.52 2386
60139.52 2387
60139.52 2388
60139.52 2389
60139.52 2390
60139.52 2391
60139.52 2392
60139.52 2393
60139.52 2394
60139.52 2395
60139.52 2396
60139.52 2397
60139.52 2398
60139.52 2399
60139.52 2400
60139.52 2401
60139.52 2402
60139.52 2403
60139.52 2404
60139.52 2405
60139.52 2406
60139.52 2407
60139.52 2408
60139.52 2409
60139.52 2410
60139.52 2411
60139.52 2412
60139.52 2413
60139.52 2414
60139.52 2415
60139.52 2416
60139.52 2417
60139.52 2418
60139.52 2419
60139.52 2420
60139.52 2421
60139.52 2422
60139.52 2423
60139.52 2424
60139.52 2425
60139.52 2426
60139.52 2427
60139.52 2428
60139.52 2429
60139.52 2430
60139.52 2431
60139.52 2432
60139.52 2433
60139.52 2434
60139.52 2435
60139.52 2436
60139.52 2437
60139.52 2438
60139.52 2439
60139.52 2440
60139.52 2441
60139.52 2442
60139.52 2443
60139.52 2444
60139.52 2445
60139.52 2446
60139.52 2447
60139.52 2448
60139.52 2449
60139.52 2450
60139.52 2451
60139.52 2452
60139.52 2453
60139.52 2454
60139.52 2455
60139.52 2456
60139.52 2457
60139.52 2458
60139.52 2459
60139.52 2460
60139.52 2461
60139.52 2462
60139.52 2463
60139.52 2464
60139.52 2465
60139.52 2466
60139.52 2467
60139.52 2468
60139.52 2469
60139.52 2470
60139.52 2471
60139.52 2472
60139.52 2473
60139.52 2474
60139.52 2475
60139.52 2476
60139.52 2477
60139.52 2478
60139.52 2479
60139.52 2480
60139.52 2481
60139.52 2482
60139.52 2483
60139.52 2484
60139.52 2485
60139.52 2486
60139.52 2487
60139.52 2488
60139.52 2489
60139.52 2490
60139.52 2491
60139.52 2492
60139.52 2493
60139.52 2494
60139.52 2495
60139.52 2496
60139.52 2497
60139.52 2498
60139.52 2499
60139.52 2500
60139.52 2501
60139.52 2502
60139.52 2503
60139.52 2504
60139.52 2505
60139.52 2506
60139.52 2507
60139.52 2508
60139.52 2509
60139.52 2510
60139.52 2511
60139.52 2512
60139.52 2513
60139.52 2514
60139.52 2515
60139.52 2516
60139.52 2517
60139.52 2518
60139.52 2519
60139.52 2520
60139.52 2521
60139.52 2522
60139.52 2523
60139.52 2524
60139.52 2525
60139.52 2526
60139.52 2527
60139.52 2528
60139.52 2529
60139.52 2530
60139.52 2531
60139.52 2532
60139.52 2533
60139.52 2534
60139.52 2535
60139.52 2536
60139.52 2537
60139.52 2538
60139.52 2539
60139.52 2540
60139.52 2541
60139.52 2542
60139.52 2543
60139.52 2544
60139.52 2545
60139.52 2546
60139.52 2547
60139.52 2548
60139.52 2549
60139.52 2550
60139.52 2551
60139.52 2552
60139.52 2553
60139.52 2554
60139.52 2555
60139.52 2556
60139.52 2557
60139.52 2558
60139.52 2559
60139.52 2560
60139.52 2561
60139.52 2562
60139.52 2563
60139.52 2564
60139.52 2565
60139.52 2566
60139.52 2567
60139.52 2568
60139.52 2569
60139.52 2570
60139.52 2571
60139.52 2572
60139.52 2573
60139.52 2574
60139.52 2575
60139.52 2576
60139.52 2577
60139.52 2578
60139.52 2579
60139.52 2580
60139.52 2581
60139.52 2582
60139.52 2583
60139.52 2584
60139.52 2585
60139.52 2586
60139.52 2587
60139.52 2588
60139.52 2589
60139.52 2590
60139.52 2591
60139.52 2592
60139.52 2593
60139.52 2594
60139.52 2595
60139.52 2596
60139.52 2597
60139.52 2598
60139.52 2599
60139.52 2600
60139.52 2601
60139.52 2602
60139.52 2603
60139.52 2604
60139.52 2605
60139.52 2606
60139.52 2607
60139.52 2608
60139.52 2609
60139.52 2610
60139.52 2611
60139.52 2612
60139.52 2613
60139.52 2614
60139.52 2615
60139.52 2616
60139.52 2617
60139.52 2618
60139.52 2619
60139.52 2620
60139.52 2621
60139.52 2622
60139.52 2623
60139.52 2624
60139.52 2625
60139.52 2626
60139.52 2627
60139.52 2628
60139.52 2629
60139.52 2630
60139.52 2631
60139.52 2632
60139.52 2633
60139.52 2634
60139.52 2635
60139.52 2636
60139.52 2637
60139.52 2638
60139.52 2639
60139.52 2640
60139.52 2641
60139.52 2642
60139.52 2643
60139.52 2644
60139.52 2645
60139.52 2646
60139.52 2647
60139.52 2648
60139.52 2649
60139.52 2650
60139.52 2651
60139.52 2652
60139.52 2653
60139.52 2654
60139.52 2655
60139.52 2656
60139.52 2657
60139.52 2658
60139.52 2659
60139.52 2660
60139.52 2661
60139.52 2662
60139.52 2663
60139.52 2664
60139.52 2665
60139.52 2666
60139.52 2667
60139.52 2668
60139.52 2669
60139.52 2670
60139.52 2671
60139.52 2672
60139.52 2673
60139.52 2674
60139.52 2675
60139.52 2676
60139.52 2677
60139.52 2678
60139.52 2679
60139.52 2680
60139.52 2681
60139.52 2682
60139.52 2683
60139.52 2684
60139.52 2685
60139.52 2686
60139.52 2687
60139.52 2688
60139.52 2689
60139.52 2690
60139.52 2691
60139.52 2692
60139.52 2693
60139.52 2694
60139.52 2695
60139.52 2696
60139.52 2697
60139.52 2698
60139.52 2699
60139.52 2700
60139.52 2701
60139.52 2702
60139.52 2703
60139.52 2704
60139.52 2705
60139.52 2706
60139.52 2707
60139.52 2708
60139.52 2709
60139.52 2710
60139.52 2711
60139.52 2712
60139.52 2713
60139.52 2714
60139.52 2715
60139.52 2716
60139.52 2717
60139.52 2718
60139.52 2719
60139.52 2720
60139.52 2721
60139.52 2722
60139.52 2723
60139.52 2724
60139.52 2725
60139.52 2726
60139.52 2727
60139.52 2728
60139.52 2729
60139.52 2730
60139.52 2731
60139.52 2732
60139.52 2733
60139.52 2734
60139.52 2735
60139.52 2736
60139.52 2737
60139.52 2738
60139.52 2739
60139.52 2740
60139.52 2741
60139.52 2742
60139.52 2743
60139.52 2744
60139.52 2745
60139.52 2746
60139.52 2747
60139.52 2748
60139.52 2749
60139.52 2750
60139.52 2751
60139.52 2752
60139.52 2753
60139.52 2754
60139.52 2755
60139.52 2756
60139.52 2757
60139.52 2758
60139.52 2759
60139.52 2760
60139.52 2761
60139.52 2762
60139.52 2763
60139.52 2764
60139.52 2765
60139.52 2766
60139.52 2767
60139.52 2768
60139.52 2769
60139.52 2770
60139.52 2771
60139.52 2772
60139.52 2773
60139.52 2774
60139.52 2775
60139.52 2776
60139.52 2777
60139.52 2778
60139.52 2779
60139.52 2780
60139.52 2781
60139.52 2782
60139.52 2783
60139.52 2784
60139.52 2785
60139.52 2786
60139.52 2787
60139.52 2788
60139.52 2789
60139.52 2790
60139.52 2791
60139.52 2792
60139.52 2793
60139.52 2794
60139.52 2795
60139.52 2796
60139.52 2797
60139.52 2798
60139.52 2799
60139.52 2800
60139.52 2801
60139.52 2802
60139.52 2803
60139.52 2804
60139.52 2805
60139.52 2806
60139.52 2807
60139.52 2808
60139.52 2809
60139.52 2810
60139.52 2811
60139.52 2812
60139.52 2813
60139.52 2814
60139.52 2815
60139.52 2816
60139.52 2817
60139.52 2818
60139.52 2819
60139.52 2820
60139.52 2821
60139.52 2822
60139.52 2823
60139.52 2824
60139.52 2825
60139.52 2826
60139.52 2827
60139.52 2828
60139.52 2829
60139.52 2830
60139.52 2831
60139.52 2832
60139.52 2833
60139.52 2834
60139.52 2835
60139.52 2836
60139.52 2837
60139.52 2838
60139.52 2839
60139.52 2840
60139.52 2841
60139.52 2842
60139.52 2843
60139.52 2844
60139.52 2845
60139.52 2846
60139.52 2847
60139.52 2848
60139.52 2849
60139.52 2850
60139.52 2851
60139.52 2852
60139.52 2853
60139.52 2854
60139.52 2855
60139.52 2856
60139.52 2857
60139.52 2858
60139.52 2859
60139.52 2860
60139.52 2861
60139.52 2862
60139.52 2863
60139.52 2864
60139.52 2865
60139.52 2866
60139.52 2867
60139.52 2868
60139.52 2869
60139.52 2870
60139.52 2871
60139.52 2872
60139.52 2873
60139.52 2874
60139.52 2875
60139.52 2876
60139.52 2877
60139.52 2878
60139.52 2879
60139.52 2880
60139.52 2881
60139.52 2882
60139.52 2883
60139.52 2884
60139.52 2885
60139.52 2886
60139.52 2887
60139.52 2888
60139.52 2889
60139.52 2890
