# H/nR [K], depth [km]
84195.33 1
84195.33 2
84195.33 3
84195.33 4
84195.33 5
84195.33 6
84195.33 7
84195.33 8
84195.33 9
84195.33 10
84195.33 11
84195.33 12
84195.33 13
84195.33 14
84195.33 15
84195.33 16
84195.33 17
84195.33 18
84195.33 19
84195.33 20
84195.33 21
84195.33 22
84195.33 23
84195.33 24
84195.33 25
84195.33 26
84195.33 27
84195.33 28
84195.33 29
84195.33 30
84195.33 31
84195.33 32
84195.33 33
84195.33 34
84195.33 35
84195.33 36
84195.33 37
84195.33 38
84195.33 39
84195.33 40
84195.33 41
84195.33 42
84195.33 43
84195.33 44
84195.33 45
84195.33 46
84195.33 47
84195.33 48
84195.33 49
84195.33 50
84195.33 51
84195.33 52
84195.33 53
84195.33 54
84195.33 55
84195.33 56
84195.33 57
84195.33 58
84195.33 59
84195.33 60
84195.33 61
84195.33 62
84195.33 63
84195.33 64
84195.33 65
84195.33 66
84195.33 67
84195.33 68
84195.33 69
84195.33 70
84195.33 71
84195.33 72
84195.33 73
84195.33 74
84195.33 75
84195.33 76
84195.33 77
84195.33 78
84195.33 79
84195.33 80
84195.33 81
84195.33 82
84195.33 83
84195.33 84
84195.33 85
84195.33 86
84195.33 87
84195.33 88
84195.33 89
84195.33 90
84195.33 91
84195.33 92
84195.33 93
84195.33 94
84195.33 95
84195.33 96
84195.33 97
84195.33 98
84195.33 99
84195.33 100
84195.33 101
84195.33 102
84195.33 103
84195.33 104
84195.33 105
84195.33 106
84195.33 107
84195.33 108
84195.33 109
84195.33 110
84195.33 111
84195.33 112
84195.33 113
84195.33 114
84195.33 115
84195.33 116
84195.33 117
84195.33 118
84195.33 119
84195.33 120
84195.33 121
84195.33 122
84195.33 123
84195.33 124
84195.33 125
84195.33 126
84195.33 127
84195.33 128
84195.33 129
84195.33 130
84195.33 131
84195.33 132
84195.33 133
84195.33 134
84195.33 135
84195.33 136
84195.33 137
84195.33 138
84195.33 139
84195.33 140
84195.33 141
84195.33 142
84195.33 143
84195.33 144
84195.33 145
84195.33 146
84195.33 147
84195.33 148
84195.33 149
84195.33 150
84195.33 151
84195.33 152
84195.33 153
84195.33 154
84195.33 155
84195.33 156
84195.33 157
84195.33 158
84195.33 159
84195.33 160
84195.33 161
84195.33 162
84195.33 163
84195.33 164
84195.33 165
84195.33 166
84195.33 167
84195.33 168
84195.33 169
84195.33 170
84195.33 171
84195.33 172
84195.33 173
84195.33 174
84195.33 175
84195.33 176
84195.33 177
84195.33 178
84195.33 179
84195.33 180
84195.33 181
84195.33 182
84195.33 183
84195.33 184
84195.33 185
84195.33 186
84195.33 187
84195.33 188
84195.33 189
84195.33 190
84195.33 191
84195.33 192
84195.33 193
84195.33 194
84195.33 195
84195.33 196
84195.33 197
84195.33 198
84195.33 199
84195.33 200
84195.33 201
84195.33 202
84195.33 203
84195.33 204
84195.33 205
84195.33 206
84195.33 207
84195.33 208
84195.33 209
84195.33 210
84195.33 211
84195.33 212
84195.33 213
84195.33 214
84195.33 215
84195.33 216
84195.33 217
84195.33 218
84195.33 219
84195.33 220
84195.33 221
84195.33 222
84195.33 223
84195.33 224
84195.33 225
84195.33 226
84195.33 227
84195.33 228
84195.33 229
84195.33 230
84195.33 231
84195.33 232
84195.33 233
84195.33 234
84195.33 235
84195.33 236
84195.33 237
84195.33 238
84195.33 239
84195.33 240
84195.33 241
84195.33 242
84195.33 243
84195.33 244
84195.33 245
84195.33 246
84195.33 247
84195.33 248
84195.33 249
84195.33 250
84195.33 251
84195.33 252
84195.33 253
84195.33 254
84195.33 255
84195.33 256
84195.33 257
84195.33 258
84195.33 259
84195.33 260
84195.33 261
84195.33 262
84195.33 263
84195.33 264
84195.33 265
84195.33 266
84195.33 267
84195.33 268
84195.33 269
84195.33 270
84195.33 271
84195.33 272
84195.33 273
84195.33 274
84195.33 275
84195.33 276
84195.33 277
84195.33 278
84195.33 279
84195.33 280
84195.33 281
84195.33 282
84195.33 283
84195.33 284
84195.33 285
84195.33 286
84195.33 287
84195.33 288
84195.33 289
84195.33 290
84195.33 291
84195.33 292
84195.33 293
84195.33 294
84195.33 295
84195.33 296
84195.33 297
84195.33 298
84195.33 299
84195.33 300
84195.33 301
84195.33 302
84195.33 303
84195.33 304
84195.33 305
84195.33 306
84195.33 307
84195.33 308
84195.33 309
84195.33 310
84195.33 311
84195.33 312
84195.33 313
84195.33 314
84195.33 315
84195.33 316
84195.33 317
84195.33 318
84195.33 319
84195.33 320
84195.33 321
84195.33 322
84195.33 323
84195.33 324
84195.33 325
84195.33 326
84195.33 327
84195.33 328
84195.33 329
84195.33 330
84195.33 331
84195.33 332
84195.33 333
84195.33 334
84195.33 335
84195.33 336
84195.33 337
84195.33 338
84195.33 339
84195.33 340
84195.33 341
84195.33 342
84195.33 343
84195.33 344
84195.33 345
84195.33 346
84195.33 347
84195.33 348
84195.33 349
84195.33 350
84195.33 351
84195.33 352
84195.33 353
84195.33 354
84195.33 355
84195.33 356
84195.33 357
84195.33 358
84195.33 359
84195.33 360
84195.33 361
84195.33 362
84195.33 363
84195.33 364
84195.33 365
84195.33 366
84195.33 367
84195.33 368
84195.33 369
84195.33 370
84195.33 371
84195.33 372
84195.33 373
84195.33 374
84195.33 375
84195.33 376
84195.33 377
84195.33 378
84195.33 379
84195.33 380
84195.33 381
84195.33 382
84195.33 383
84195.33 384
84195.33 385
84195.33 386
84195.33 387
84195.33 388
84195.33 389
84195.33 390
84195.33 391
84195.33 392
84195.33 393
84195.33 394
84195.33 395
84195.33 396
84195.33 397
84195.33 398
84195.33 399
84195.33 400
84195.33 401
84195.33 402
84195.33 403
84195.33 404
84195.33 405
84195.33 406
84195.33 407
84195.33 408
84195.33 409
84195.33 410
84195.33 411
84195.33 412
84195.33 413
84195.33 414
84195.33 415
84195.33 416
84195.33 417
84195.33 418
84195.33 419
84195.33 420
84195.33 421
84195.33 422
84195.33 423
84195.33 424
84195.33 425
84195.33 426
84195.33 427
84195.33 428
84195.33 429
84195.33 430
84195.33 431
84195.33 432
84195.33 433
84195.33 434
84195.33 435
84195.33 436
84195.33 437
84195.33 438
84195.33 439
84195.33 440
84195.33 441
84195.33 442
84195.33 443
84195.33 444
84195.33 445
84195.33 446
84195.33 447
84195.33 448
84195.33 449
84195.33 450
84195.33 451
84195.33 452
84195.33 453
84195.33 454
84195.33 455
84195.33 456
84195.33 457
84195.33 458
84195.33 459
84195.33 460
84195.33 461
84195.33 462
84195.33 463
84195.33 464
84195.33 465
84195.33 466
84195.33 467
84195.33 468
84195.33 469
84195.33 470
84195.33 471
84195.33 472
84195.33 473
84195.33 474
84195.33 475
84195.33 476
84195.33 477
84195.33 478
84195.33 479
84195.33 480
84195.33 481
84195.33 482
84195.33 483
84195.33 484
84195.33 485
84195.33 486
84195.33 487
84195.33 488
84195.33 489
84195.33 490
84195.33 491
84195.33 492
84195.33 493
84195.33 494
84195.33 495
84195.33 496
84195.33 497
84195.33 498
84195.33 499
84195.33 500
84195.33 501
84195.33 502
84195.33 503
84195.33 504
84195.33 505
84195.33 506
84195.33 507
84195.33 508
84195.33 509
84195.33 510
84195.33 511
84195.33 512
84195.33 513
84195.33 514
84195.33 515
84195.33 516
84195.33 517
84195.33 518
84195.33 519
84195.33 520
84195.33 521
84195.33 522
84195.33 523
84195.33 524
84195.33 525
84195.33 526
84195.33 527
84195.33 528
84195.33 529
84195.33 530
84195.33 531
84195.33 532
84195.33 533
84195.33 534
84195.33 535
84195.33 536
84195.33 537
84195.33 538
84195.33 539
84195.33 540
84195.33 541
84195.33 542
84195.33 543
84195.33 544
84195.33 545
84195.33 546
84195.33 547
84195.33 548
84195.33 549
84195.33 550
84195.33 551
84195.33 552
84195.33 553
84195.33 554
84195.33 555
84195.33 556
84195.33 557
84195.33 558
84195.33 559
84195.33 560
84195.33 561
84195.33 562
84195.33 563
84195.33 564
84195.33 565
84195.33 566
84195.33 567
84195.33 568
84195.33 569
84195.33 570
84195.33 571
84195.33 572
84195.33 573
84195.33 574
84195.33 575
84195.33 576
84195.33 577
84195.33 578
84195.33 579
84195.33 580
84195.33 581
84195.33 582
84195.33 583
84195.33 584
84195.33 585
84195.33 586
84195.33 587
84195.33 588
84195.33 589
84195.33 590
84195.33 591
84195.33 592
84195.33 593
84195.33 594
84195.33 595
84195.33 596
84195.33 597
84195.33 598
84195.33 599
84195.33 600
84195.33 601
84195.33 602
84195.33 603
84195.33 604
84195.33 605
84195.33 606
84195.33 607
84195.33 608
84195.33 609
84195.33 610
84195.33 611
84195.33 612
84195.33 613
84195.33 614
84195.33 615
84195.33 616
84195.33 617
84195.33 618
84195.33 619
84195.33 620
84195.33 621
84195.33 622
84195.33 623
84195.33 624
84195.33 625
84195.33 626
84195.33 627
84195.33 628
84195.33 629
84195.33 630
84195.33 631
84195.33 632
84195.33 633
84195.33 634
84195.33 635
84195.33 636
84195.33 637
84195.33 638
84195.33 639
84195.33 640
84195.33 641
84195.33 642
84195.33 643
84195.33 644
84195.33 645
84195.33 646
84195.33 647
84195.33 648
84195.33 649
84195.33 650
84195.33 651
84195.33 652
84195.33 653
84195.33 654
84195.33 655
84195.33 656
84195.33 657
84195.33 658
84195.33 659
84195.33 660
36083.71 661
36083.71 662
36083.71 663
36083.71 664
36083.71 665
36083.71 666
36083.71 667
36083.71 668
36083.71 669
36083.71 670
36083.71 671
36083.71 672
36083.71 673
36083.71 674
36083.71 675
36083.71 676
36083.71 677
36083.71 678
36083.71 679
36083.71 680
36083.71 681
36083.71 682
36083.71 683
36083.71 684
36083.71 685
36083.71 686
36083.71 687
36083.71 688
36083.71 689
36083.71 690
36083.71 691
36083.71 692
36083.71 693
36083.71 694
36083.71 695
36083.71 696
36083.71 697
36083.71 698
36083.71 699
36083.71 700
36083.71 701
36083.71 702
36083.71 703
36083.71 704
36083.71 705
36083.71 706
36083.71 707
36083.71 708
36083.71 709
36083.71 710
36083.71 711
36083.71 712
36083.71 713
36083.71 714
36083.71 715
36083.71 716
36083.71 717
36083.71 718
36083.71 719
36083.71 720
36083.71 721
36083.71 722
36083.71 723
36083.71 724
36083.71 725
36083.71 726
36083.71 727
36083.71 728
36083.71 729
36083.71 730
36083.71 731
36083.71 732
36083.71 733
36083.71 734
36083.71 735
36083.71 736
36083.71 737
36083.71 738
36083.71 739
36083.71 740
36083.71 741
36083.71 742
36083.71 743
36083.71 744
36083.71 745
36083.71 746
36083.71 747
36083.71 748
36083.71 749
36083.71 750
36083.71 751
36083.71 752
36083.71 753
36083.71 754
36083.71 755
36083.71 756
36083.71 757
36083.71 758
36083.71 759
36083.71 760
36083.71 761
36083.71 762
36083.71 763
36083.71 764
36083.71 765
36083.71 766
36083.71 767
36083.71 768
36083.71 769
36083.71 770
36083.71 771
36083.71 772
36083.71 773
36083.71 774
36083.71 775
36083.71 776
36083.71 777
36083.71 778
36083.71 779
36083.71 780
36083.71 781
36083.71 782
36083.71 783
36083.71 784
36083.71 785
36083.71 786
36083.71 787
36083.71 788
36083.71 789
36083.71 790
36083.71 791
36083.71 792
36083.71 793
36083.71 794
36083.71 795
36083.71 796
36083.71 797
36083.71 798
36083.71 799
36083.71 800
36083.71 801
36083.71 802
36083.71 803
36083.71 804
36083.71 805
36083.71 806
36083.71 807
36083.71 808
36083.71 809
36083.71 810
36083.71 811
36083.71 812
36083.71 813
36083.71 814
36083.71 815
36083.71 816
36083.71 817
36083.71 818
36083.71 819
36083.71 820
36083.71 821
36083.71 822
36083.71 823
36083.71 824
36083.71 825
36083.71 826
36083.71 827
36083.71 828
36083.71 829
36083.71 830
36083.71 831
36083.71 832
36083.71 833
36083.71 834
36083.71 835
36083.71 836
36083.71 837
36083.71 838
36083.71 839
36083.71 840
36083.71 841
36083.71 842
36083.71 843
36083.71 844
36083.71 845
36083.71 846
36083.71 847
36083.71 848
36083.71 849
36083.71 850
36083.71 851
36083.71 852
36083.71 853
36083.71 854
36083.71 855
36083.71 856
36083.71 857
36083.71 858
36083.71 859
36083.71 860
36083.71 861
36083.71 862
36083.71 863
36083.71 864
36083.71 865
36083.71 866
36083.71 867
36083.71 868
36083.71 869
36083.71 870
36083.71 871
36083.71 872
36083.71 873
36083.71 874
36083.71 875
36083.71 876
36083.71 877
36083.71 878
36083.71 879
36083.71 880
36083.71 881
36083.71 882
36083.71 883
36083.71 884
36083.71 885
36083.71 886
36083.71 887
36083.71 888
36083.71 889
36083.71 890
36083.71 891
36083.71 892
36083.71 893
36083.71 894
36083.71 895
36083.71 896
36083.71 897
36083.71 898
36083.71 899
36083.71 900
36083.71 901
36083.71 902
36083.71 903
36083.71 904
36083.71 905
36083.71 906
36083.71 907
36083.71 908
36083.71 909
36083.71 910
36083.71 911
36083.71 912
36083.71 913
36083.71 914
36083.71 915
36083.71 916
36083.71 917
36083.71 918
36083.71 919
36083.71 920
36083.71 921
36083.71 922
36083.71 923
36083.71 924
36083.71 925
36083.71 926
36083.71 927
36083.71 928
36083.71 929
36083.71 930
36083.71 931
36083.71 932
36083.71 933
36083.71 934
36083.71 935
36083.71 936
36083.71 937
36083.71 938
36083.71 939
36083.71 940
36083.71 941
36083.71 942
36083.71 943
36083.71 944
36083.71 945
36083.71 946
36083.71 947
36083.71 948
36083.71 949
36083.71 950
36083.71 951
36083.71 952
36083.71 953
36083.71 954
36083.71 955
36083.71 956
36083.71 957
36083.71 958
36083.71 959
36083.71 960
36083.71 961
36083.71 962
36083.71 963
36083.71 964
36083.71 965
36083.71 966
36083.71 967
36083.71 968
36083.71 969
36083.71 970
36083.71 971
36083.71 972
36083.71 973
36083.71 974
36083.71 975
36083.71 976
36083.71 977
36083.71 978
36083.71 979
36083.71 980
36083.71 981
36083.71 982
36083.71 983
36083.71 984
36083.71 985
36083.71 986
36083.71 987
36083.71 988
36083.71 989
36083.71 990
36083.71 991
36083.71 992
36083.71 993
36083.71 994
36083.71 995
36083.71 996
36083.71 997
36083.71 998
36083.71 999
36083.71 1000
36083.71 1001
36083.71 1002
36083.71 1003
36083.71 1004
36083.71 1005
36083.71 1006
36083.71 1007
36083.71 1008
36083.71 1009
36083.71 1010
36083.71 1011
36083.71 1012
36083.71 1013
36083.71 1014
36083.71 1015
36083.71 1016
36083.71 1017
36083.71 1018
36083.71 1019
36083.71 1020
36083.71 1021
36083.71 1022
36083.71 1023
36083.71 1024
36083.71 1025
36083.71 1026
36083.71 1027
36083.71 1028
36083.71 1029
36083.71 1030
36083.71 1031
36083.71 1032
36083.71 1033
36083.71 1034
36083.71 1035
36083.71 1036
36083.71 1037
36083.71 1038
36083.71 1039
36083.71 1040
36083.71 1041
36083.71 1042
36083.71 1043
36083.71 1044
36083.71 1045
36083.71 1046
36083.71 1047
36083.71 1048
36083.71 1049
36083.71 1050
36083.71 1051
36083.71 1052
36083.71 1053
36083.71 1054
36083.71 1055
36083.71 1056
36083.71 1057
36083.71 1058
36083.71 1059
36083.71 1060
36083.71 1061
36083.71 1062
36083.71 1063
36083.71 1064
36083.71 1065
36083.71 1066
36083.71 1067
36083.71 1068
36083.71 1069
36083.71 1070
36083.71 1071
36083.71 1072
36083.71 1073
36083.71 1074
36083.71 1075
36083.71 1076
36083.71 1077
36083.71 1078
36083.71 1079
36083.71 1080
36083.71 1081
36083.71 1082
36083.71 1083
36083.71 1084
36083.71 1085
36083.71 1086
36083.71 1087
36083.71 1088
36083.71 1089
36083.71 1090
36083.71 1091
36083.71 1092
36083.71 1093
36083.71 1094
36083.71 1095
36083.71 1096
36083.71 1097
36083.71 1098
36083.71 1099
36083.71 1100
36083.71 1101
36083.71 1102
36083.71 1103
36083.71 1104
36083.71 1105
36083.71 1106
36083.71 1107
36083.71 1108
36083.71 1109
36083.71 1110
36083.71 1111
36083.71 1112
36083.71 1113
36083.71 1114
36083.71 1115
36083.71 1116
36083.71 1117
36083.71 1118
36083.71 1119
36083.71 1120
36083.71 1121
36083.71 1122
36083.71 1123
36083.71 1124
36083.71 1125
36083.71 1126
36083.71 1127
36083.71 1128
36083.71 1129
36083.71 1130
36083.71 1131
36083.71 1132
36083.71 1133
36083.71 1134
36083.71 1135
36083.71 1136
36083.71 1137
36083.71 1138
36083.71 1139
36083.71 1140
36083.71 1141
36083.71 1142
36083.71 1143
36083.71 1144
36083.71 1145
36083.71 1146
36083.71 1147
36083.71 1148
36083.71 1149
36083.71 1150
36083.71 1151
36083.71 1152
36083.71 1153
36083.71 1154
36083.71 1155
36083.71 1156
36083.71 1157
36083.71 1158
36083.71 1159
36083.71 1160
36083.71 1161
36083.71 1162
36083.71 1163
36083.71 1164
36083.71 1165
36083.71 1166
36083.71 1167
36083.71 1168
36083.71 1169
36083.71 1170
36083.71 1171
36083.71 1172
36083.71 1173
36083.71 1174
36083.71 1175
36083.71 1176
36083.71 1177
36083.71 1178
36083.71 1179
36083.71 1180
36083.71 1181
36083.71 1182
36083.71 1183
36083.71 1184
36083.71 1185
36083.71 1186
36083.71 1187
36083.71 1188
36083.71 1189
36083.71 1190
36083.71 1191
36083.71 1192
36083.71 1193
36083.71 1194
36083.71 1195
36083.71 1196
36083.71 1197
36083.71 1198
36083.71 1199
36083.71 1200
36083.71 1201
36083.71 1202
36083.71 1203
36083.71 1204
36083.71 1205
36083.71 1206
36083.71 1207
36083.71 1208
36083.71 1209
36083.71 1210
36083.71 1211
36083.71 1212
36083.71 1213
36083.71 1214
36083.71 1215
36083.71 1216
36083.71 1217
36083.71 1218
36083.71 1219
36083.71 1220
36083.71 1221
36083.71 1222
36083.71 1223
36083.71 1224
36083.71 1225
36083.71 1226
36083.71 1227
36083.71 1228
36083.71 1229
36083.71 1230
36083.71 1231
36083.71 1232
36083.71 1233
36083.71 1234
36083.71 1235
36083.71 1236
36083.71 1237
36083.71 1238
36083.71 1239
36083.71 1240
36083.71 1241
36083.71 1242
36083.71 1243
36083.71 1244
36083.71 1245
36083.71 1246
36083.71 1247
36083.71 1248
36083.71 1249
36083.71 1250
36083.71 1251
36083.71 1252
36083.71 1253
36083.71 1254
36083.71 1255
36083.71 1256
36083.71 1257
36083.71 1258
36083.71 1259
36083.71 1260
36083.71 1261
36083.71 1262
36083.71 1263
36083.71 1264
36083.71 1265
36083.71 1266
36083.71 1267
36083.71 1268
36083.71 1269
36083.71 1270
36083.71 1271
36083.71 1272
36083.71 1273
36083.71 1274
36083.71 1275
36083.71 1276
36083.71 1277
36083.71 1278
36083.71 1279
36083.71 1280
36083.71 1281
36083.71 1282
36083.71 1283
36083.71 1284
36083.71 1285
36083.71 1286
36083.71 1287
36083.71 1288
36083.71 1289
36083.71 1290
36083.71 1291
36083.71 1292
36083.71 1293
36083.71 1294
36083.71 1295
36083.71 1296
36083.71 1297
36083.71 1298
36083.71 1299
36083.71 1300
36083.71 1301
36083.71 1302
36083.71 1303
36083.71 1304
36083.71 1305
36083.71 1306
36083.71 1307
36083.71 1308
36083.71 1309
36083.71 1310
36083.71 1311
36083.71 1312
36083.71 1313
36083.71 1314
36083.71 1315
36083.71 1316
36083.71 1317
36083.71 1318
36083.71 1319
36083.71 1320
36083.71 1321
36083.71 1322
36083.71 1323
36083.71 1324
36083.71 1325
36083.71 1326
36083.71 1327
36083.71 1328
36083.71 1329
36083.71 1330
36083.71 1331
36083.71 1332
36083.71 1333
36083.71 1334
36083.71 1335
36083.71 1336
36083.71 1337
36083.71 1338
36083.71 1339
36083.71 1340
36083.71 1341
36083.71 1342
36083.71 1343
36083.71 1344
36083.71 1345
36083.71 1346
36083.71 1347
36083.71 1348
36083.71 1349
36083.71 1350
36083.71 1351
36083.71 1352
36083.71 1353
36083.71 1354
36083.71 1355
36083.71 1356
36083.71 1357
36083.71 1358
36083.71 1359
36083.71 1360
36083.71 1361
36083.71 1362
36083.71 1363
36083.71 1364
36083.71 1365
36083.71 1366
36083.71 1367
36083.71 1368
36083.71 1369
36083.71 1370
36083.71 1371
36083.71 1372
36083.71 1373
36083.71 1374
36083.71 1375
36083.71 1376
36083.71 1377
36083.71 1378
36083.71 1379
36083.71 1380
36083.71 1381
36083.71 1382
36083.71 1383
36083.71 1384
36083.71 1385
36083.71 1386
36083.71 1387
36083.71 1388
36083.71 1389
36083.71 1390
36083.71 1391
36083.71 1392
36083.71 1393
36083.71 1394
36083.71 1395
36083.71 1396
36083.71 1397
36083.71 1398
36083.71 1399
36083.71 1400
36083.71 1401
36083.71 1402
36083.71 1403
36083.71 1404
36083.71 1405
36083.71 1406
36083.71 1407
36083.71 1408
36083.71 1409
36083.71 1410
36083.71 1411
36083.71 1412
36083.71 1413
36083.71 1414
36083.71 1415
36083.71 1416
36083.71 1417
36083.71 1418
36083.71 1419
36083.71 1420
36083.71 1421
36083.71 1422
36083.71 1423
36083.71 1424
36083.71 1425
36083.71 1426
36083.71 1427
36083.71 1428
36083.71 1429
36083.71 1430
36083.71 1431
36083.71 1432
36083.71 1433
36083.71 1434
36083.71 1435
36083.71 1436
36083.71 1437
36083.71 1438
36083.71 1439
36083.71 1440
36083.71 1441
36083.71 1442
36083.71 1443
36083.71 1444
36083.71 1445
36083.71 1446
36083.71 1447
36083.71 1448
36083.71 1449
36083.71 1450
36083.71 1451
36083.71 1452
36083.71 1453
36083.71 1454
36083.71 1455
36083.71 1456
36083.71 1457
36083.71 1458
36083.71 1459
36083.71 1460
36083.71 1461
36083.71 1462
36083.71 1463
36083.71 1464
36083.71 1465
36083.71 1466
36083.71 1467
36083.71 1468
36083.71 1469
36083.71 1470
36083.71 1471
36083.71 1472
36083.71 1473
36083.71 1474
36083.71 1475
36083.71 1476
36083.71 1477
36083.71 1478
36083.71 1479
36083.71 1480
36083.71 1481
36083.71 1482
36083.71 1483
36083.71 1484
36083.71 1485
36083.71 1486
36083.71 1487
36083.71 1488
36083.71 1489
36083.71 1490
36083.71 1491
36083.71 1492
36083.71 1493
36083.71 1494
36083.71 1495
36083.71 1496
36083.71 1497
36083.71 1498
36083.71 1499
36083.71 1500
36083.71 1501
36083.71 1502
36083.71 1503
36083.71 1504
36083.71 1505
36083.71 1506
36083.71 1507
36083.71 1508
36083.71 1509
36083.71 1510
36083.71 1511
36083.71 1512
36083.71 1513
36083.71 1514
36083.71 1515
36083.71 1516
36083.71 1517
36083.71 1518
36083.71 1519
36083.71 1520
36083.71 1521
36083.71 1522
36083.71 1523
36083.71 1524
36083.71 1525
36083.71 1526
36083.71 1527
36083.71 1528
36083.71 1529
36083.71 1530
36083.71 1531
36083.71 1532
36083.71 1533
36083.71 1534
36083.71 1535
36083.71 1536
36083.71 1537
36083.71 1538
36083.71 1539
36083.71 1540
36083.71 1541
36083.71 1542
36083.71 1543
36083.71 1544
36083.71 1545
36083.71 1546
36083.71 1547
36083.71 1548
36083.71 1549
36083.71 1550
36083.71 1551
36083.71 1552
36083.71 1553
36083.71 1554
36083.71 1555
36083.71 1556
36083.71 1557
36083.71 1558
36083.71 1559
36083.71 1560
36083.71 1561
36083.71 1562
36083.71 1563
36083.71 1564
36083.71 1565
36083.71 1566
36083.71 1567
36083.71 1568
36083.71 1569
36083.71 1570
36083.71 1571
36083.71 1572
36083.71 1573
36083.71 1574
36083.71 1575
36083.71 1576
36083.71 1577
36083.71 1578
36083.71 1579
36083.71 1580
36083.71 1581
36083.71 1582
36083.71 1583
36083.71 1584
36083.71 1585
36083.71 1586
36083.71 1587
36083.71 1588
36083.71 1589
36083.71 1590
36083.71 1591
36083.71 1592
36083.71 1593
36083.71 1594
36083.71 1595
36083.71 1596
36083.71 1597
36083.71 1598
36083.71 1599
36083.71 1600
36083.71 1601
36083.71 1602
36083.71 1603
36083.71 1604
36083.71 1605
36083.71 1606
36083.71 1607
36083.71 1608
36083.71 1609
36083.71 1610
36083.71 1611
36083.71 1612
36083.71 1613
36083.71 1614
36083.71 1615
36083.71 1616
36083.71 1617
36083.71 1618
36083.71 1619
36083.71 1620
36083.71 1621
36083.71 1622
36083.71 1623
36083.71 1624
36083.71 1625
36083.71 1626
36083.71 1627
36083.71 1628
36083.71 1629
36083.71 1630
36083.71 1631
36083.71 1632
36083.71 1633
36083.71 1634
36083.71 1635
36083.71 1636
36083.71 1637
36083.71 1638
36083.71 1639
36083.71 1640
36083.71 1641
36083.71 1642
36083.71 1643
36083.71 1644
36083.71 1645
36083.71 1646
36083.71 1647
36083.71 1648
36083.71 1649
36083.71 1650
36083.71 1651
36083.71 1652
36083.71 1653
36083.71 1654
36083.71 1655
36083.71 1656
36083.71 1657
36083.71 1658
36083.71 1659
36083.71 1660
36083.71 1661
36083.71 1662
36083.71 1663
36083.71 1664
36083.71 1665
36083.71 1666
36083.71 1667
36083.71 1668
36083.71 1669
36083.71 1670
36083.71 1671
36083.71 1672
36083.71 1673
36083.71 1674
36083.71 1675
36083.71 1676
36083.71 1677
36083.71 1678
36083.71 1679
36083.71 1680
36083.71 1681
36083.71 1682
36083.71 1683
36083.71 1684
36083.71 1685
36083.71 1686
36083.71 1687
36083.71 1688
36083.71 1689
36083.71 1690
36083.71 1691
36083.71 1692
36083.71 1693
36083.71 1694
36083.71 1695
36083.71 1696
36083.71 1697
36083.71 1698
36083.71 1699
36083.71 1700
36083.71 1701
36083.71 1702
36083.71 1703
36083.71 1704
36083.71 1705
36083.71 1706
36083.71 1707
36083.71 1708
36083.71 1709
36083.71 1710
36083.71 1711
36083.71 1712
36083.71 1713
36083.71 1714
36083.71 1715
36083.71 1716
36083.71 1717
36083.71 1718
36083.71 1719
36083.71 1720
36083.71 1721
36083.71 1722
36083.71 1723
36083.71 1724
36083.71 1725
36083.71 1726
36083.71 1727
36083.71 1728
36083.71 1729
36083.71 1730
36083.71 1731
36083.71 1732
36083.71 1733
36083.71 1734
36083.71 1735
36083.71 1736
36083.71 1737
36083.71 1738
36083.71 1739
36083.71 1740
36083.71 1741
36083.71 1742
36083.71 1743
36083.71 1744
36083.71 1745
36083.71 1746
36083.71 1747
36083.71 1748
36083.71 1749
36083.71 1750
36083.71 1751
36083.71 1752
36083.71 1753
36083.71 1754
36083.71 1755
36083.71 1756
36083.71 1757
36083.71 1758
36083.71 1759
36083.71 1760
36083.71 1761
36083.71 1762
36083.71 1763
36083.71 1764
36083.71 1765
36083.71 1766
36083.71 1767
36083.71 1768
36083.71 1769
36083.71 1770
36083.71 1771
36083.71 1772
36083.71 1773
36083.71 1774
36083.71 1775
36083.71 1776
36083.71 1777
36083.71 1778
36083.71 1779
36083.71 1780
36083.71 1781
36083.71 1782
36083.71 1783
36083.71 1784
36083.71 1785
36083.71 1786
36083.71 1787
36083.71 1788
36083.71 1789
36083.71 1790
36083.71 1791
36083.71 1792
36083.71 1793
36083.71 1794
36083.71 1795
36083.71 1796
36083.71 1797
36083.71 1798
36083.71 1799
36083.71 1800
36083.71 1801
36083.71 1802
36083.71 1803
36083.71 1804
36083.71 1805
36083.71 1806
36083.71 1807
36083.71 1808
36083.71 1809
36083.71 1810
36083.71 1811
36083.71 1812
36083.71 1813
36083.71 1814
36083.71 1815
36083.71 1816
36083.71 1817
36083.71 1818
36083.71 1819
36083.71 1820
36083.71 1821
36083.71 1822
36083.71 1823
36083.71 1824
36083.71 1825
36083.71 1826
36083.71 1827
36083.71 1828
36083.71 1829
36083.71 1830
36083.71 1831
36083.71 1832
36083.71 1833
36083.71 1834
36083.71 1835
36083.71 1836
36083.71 1837
36083.71 1838
36083.71 1839
36083.71 1840
36083.71 1841
36083.71 1842
36083.71 1843
36083.71 1844
36083.71 1845
36083.71 1846
36083.71 1847
36083.71 1848
36083.71 1849
36083.71 1850
36083.71 1851
36083.71 1852
36083.71 1853
36083.71 1854
36083.71 1855
36083.71 1856
36083.71 1857
36083.71 1858
36083.71 1859
36083.71 1860
36083.71 1861
36083.71 1862
36083.71 1863
36083.71 1864
36083.71 1865
36083.71 1866
36083.71 1867
36083.71 1868
36083.71 1869
36083.71 1870
36083.71 1871
36083.71 1872
36083.71 1873
36083.71 1874
36083.71 1875
36083.71 1876
36083.71 1877
36083.71 1878
36083.71 1879
36083.71 1880
36083.71 1881
36083.71 1882
36083.71 1883
36083.71 1884
36083.71 1885
36083.71 1886
36083.71 1887
36083.71 1888
36083.71 1889
36083.71 1890
36083.71 1891
36083.71 1892
36083.71 1893
36083.71 1894
36083.71 1895
36083.71 1896
36083.71 1897
36083.71 1898
36083.71 1899
36083.71 1900
36083.71 1901
36083.71 1902
36083.71 1903
36083.71 1904
36083.71 1905
36083.71 1906
36083.71 1907
36083.71 1908
36083.71 1909
36083.71 1910
36083.71 1911
36083.71 1912
36083.71 1913
36083.71 1914
36083.71 1915
36083.71 1916
36083.71 1917
36083.71 1918
36083.71 1919
36083.71 1920
36083.71 1921
36083.71 1922
36083.71 1923
36083.71 1924
36083.71 1925
36083.71 1926
36083.71 1927
36083.71 1928
36083.71 1929
36083.71 1930
36083.71 1931
36083.71 1932
36083.71 1933
36083.71 1934
36083.71 1935
36083.71 1936
36083.71 1937
36083.71 1938
36083.71 1939
36083.71 1940
36083.71 1941
36083.71 1942
36083.71 1943
36083.71 1944
36083.71 1945
36083.71 1946
36083.71 1947
36083.71 1948
36083.71 1949
36083.71 1950
36083.71 1951
36083.71 1952
36083.71 1953
36083.71 1954
36083.71 1955
36083.71 1956
36083.71 1957
36083.71 1958
36083.71 1959
36083.71 1960
36083.71 1961
36083.71 1962
36083.71 1963
36083.71 1964
36083.71 1965
36083.71 1966
36083.71 1967
36083.71 1968
36083.71 1969
36083.71 1970
36083.71 1971
36083.71 1972
36083.71 1973
36083.71 1974
36083.71 1975
36083.71 1976
36083.71 1977
36083.71 1978
36083.71 1979
36083.71 1980
36083.71 1981
36083.71 1982
36083.71 1983
36083.71 1984
36083.71 1985
36083.71 1986
36083.71 1987
36083.71 1988
36083.71 1989
36083.71 1990
36083.71 1991
36083.71 1992
36083.71 1993
36083.71 1994
36083.71 1995
36083.71 1996
36083.71 1997
36083.71 1998
36083.71 1999
36083.71 2000
36083.71 2001
36083.71 2002
36083.71 2003
36083.71 2004
36083.71 2005
36083.71 2006
36083.71 2007
36083.71 2008
36083.71 2009
36083.71 2010
36083.71 2011
36083.71 2012
36083.71 2013
36083.71 2014
36083.71 2015
36083.71 2016
36083.71 2017
36083.71 2018
36083.71 2019
36083.71 2020
36083.71 2021
36083.71 2022
36083.71 2023
36083.71 2024
36083.71 2025
36083.71 2026
36083.71 2027
36083.71 2028
36083.71 2029
36083.71 2030
36083.71 2031
36083.71 2032
36083.71 2033
36083.71 2034
36083.71 2035
36083.71 2036
36083.71 2037
36083.71 2038
36083.71 2039
36083.71 2040
36083.71 2041
36083.71 2042
36083.71 2043
36083.71 2044
36083.71 2045
36083.71 2046
36083.71 2047
36083.71 2048
36083.71 2049
36083.71 2050
36083.71 2051
36083.71 2052
36083.71 2053
36083.71 2054
36083.71 2055
36083.71 2056
36083.71 2057
36083.71 2058
36083.71 2059
36083.71 2060
36083.71 2061
36083.71 2062
36083.71 2063
36083.71 2064
36083.71 2065
36083.71 2066
36083.71 2067
36083.71 2068
36083.71 2069
36083.71 2070
36083.71 2071
36083.71 2072
36083.71 2073
36083.71 2074
36083.71 2075
36083.71 2076
36083.71 2077
36083.71 2078
36083.71 2079
36083.71 2080
36083.71 2081
36083.71 2082
36083.71 2083
36083.71 2084
36083.71 2085
36083.71 2086
36083.71 2087
36083.71 2088
36083.71 2089
36083.71 2090
36083.71 2091
36083.71 2092
36083.71 2093
36083.71 2094
36083.71 2095
36083.71 2096
36083.71 2097
36083.71 2098
36083.71 2099
36083.71 2100
36083.71 2101
36083.71 2102
36083.71 2103
36083.71 2104
36083.71 2105
36083.71 2106
36083.71 2107
36083.71 2108
36083.71 2109
36083.71 2110
36083.71 2111
36083.71 2112
36083.71 2113
36083.71 2114
36083.71 2115
36083.71 2116
36083.71 2117
36083.71 2118
36083.71 2119
36083.71 2120
36083.71 2121
36083.71 2122
36083.71 2123
36083.71 2124
36083.71 2125
36083.71 2126
36083.71 2127
36083.71 2128
36083.71 2129
36083.71 2130
36083.71 2131
36083.71 2132
36083.71 2133
36083.71 2134
36083.71 2135
36083.71 2136
36083.71 2137
36083.71 2138
36083.71 2139
36083.71 2140
36083.71 2141
36083.71 2142
36083.71 2143
36083.71 2144
36083.71 2145
36083.71 2146
36083.71 2147
36083.71 2148
36083.71 2149
36083.71 2150
36083.71 2151
36083.71 2152
36083.71 2153
36083.71 2154
36083.71 2155
36083.71 2156
36083.71 2157
36083.71 2158
36083.71 2159
36083.71 2160
36083.71 2161
36083.71 2162
36083.71 2163
36083.71 2164
36083.71 2165
36083.71 2166
36083.71 2167
36083.71 2168
36083.71 2169
36083.71 2170
36083.71 2171
36083.71 2172
36083.71 2173
36083.71 2174
36083.71 2175
36083.71 2176
36083.71 2177
36083.71 2178
36083.71 2179
36083.71 2180
36083.71 2181
36083.71 2182
36083.71 2183
36083.71 2184
36083.71 2185
36083.71 2186
36083.71 2187
36083.71 2188
36083.71 2189
36083.71 2190
36083.71 2191
36083.71 2192
36083.71 2193
36083.71 2194
36083.71 2195
36083.71 2196
36083.71 2197
36083.71 2198
36083.71 2199
36083.71 2200
36083.71 2201
36083.71 2202
36083.71 2203
36083.71 2204
36083.71 2205
36083.71 2206
36083.71 2207
36083.71 2208
36083.71 2209
36083.71 2210
36083.71 2211
36083.71 2212
36083.71 2213
36083.71 2214
36083.71 2215
36083.71 2216
36083.71 2217
36083.71 2218
36083.71 2219
36083.71 2220
36083.71 2221
36083.71 2222
36083.71 2223
36083.71 2224
36083.71 2225
36083.71 2226
36083.71 2227
36083.71 2228
36083.71 2229
36083.71 2230
36083.71 2231
36083.71 2232
36083.71 2233
36083.71 2234
36083.71 2235
36083.71 2236
36083.71 2237
36083.71 2238
36083.71 2239
36083.71 2240
36083.71 2241
36083.71 2242
36083.71 2243
36083.71 2244
36083.71 2245
36083.71 2246
36083.71 2247
36083.71 2248
36083.71 2249
36083.71 2250
36083.71 2251
36083.71 2252
36083.71 2253
36083.71 2254
36083.71 2255
36083.71 2256
36083.71 2257
36083.71 2258
36083.71 2259
36083.71 2260
36083.71 2261
36083.71 2262
36083.71 2263
36083.71 2264
36083.71 2265
36083.71 2266
36083.71 2267
36083.71 2268
36083.71 2269
36083.71 2270
36083.71 2271
36083.71 2272
36083.71 2273
36083.71 2274
36083.71 2275
36083.71 2276
36083.71 2277
36083.71 2278
36083.71 2279
36083.71 2280
36083.71 2281
36083.71 2282
36083.71 2283
36083.71 2284
36083.71 2285
36083.71 2286
36083.71 2287
36083.71 2288
36083.71 2289
36083.71 2290
36083.71 2291
36083.71 2292
36083.71 2293
36083.71 2294
36083.71 2295
36083.71 2296
36083.71 2297
36083.71 2298
36083.71 2299
36083.71 2300
36083.71 2301
36083.71 2302
36083.71 2303
36083.71 2304
36083.71 2305
36083.71 2306
36083.71 2307
36083.71 2308
36083.71 2309
36083.71 2310
36083.71 2311
36083.71 2312
36083.71 2313
36083.71 2314
36083.71 2315
36083.71 2316
36083.71 2317
36083.71 2318
36083.71 2319
36083.71 2320
36083.71 2321
36083.71 2322
36083.71 2323
36083.71 2324
36083.71 2325
36083.71 2326
36083.71 2327
36083.71 2328
36083.71 2329
36083.71 2330
36083.71 2331
36083.71 2332
36083.71 2333
36083.71 2334
36083.71 2335
36083.71 2336
36083.71 2337
36083.71 2338
36083.71 2339
36083.71 2340
36083.71 2341
36083.71 2342
36083.71 2343
36083.71 2344
36083.71 2345
36083.71 2346
36083.71 2347
36083.71 2348
36083.71 2349
36083.71 2350
36083.71 2351
36083.71 2352
36083.71 2353
36083.71 2354
36083.71 2355
36083.71 2356
36083.71 2357
36083.71 2358
36083.71 2359
36083.71 2360
36083.71 2361
36083.71 2362
36083.71 2363
36083.71 2364
36083.71 2365
36083.71 2366
36083.71 2367
36083.71 2368
36083.71 2369
36083.71 2370
36083.71 2371
36083.71 2372
36083.71 2373
36083.71 2374
36083.71 2375
36083.71 2376
36083.71 2377
36083.71 2378
36083.71 2379
36083.71 2380
36083.71 2381
36083.71 2382
36083.71 2383
36083.71 2384
36083.71 2385
36083.71 2386
36083.71 2387
36083.71 2388
36083.71 2389
36083.71 2390
36083.71 2391
36083.71 2392
36083.71 2393
36083.71 2394
36083.71 2395
36083.71 2396
36083.71 2397
36083.71 2398
36083.71 2399
36083.71 2400
36083.71 2401
36083.71 2402
36083.71 2403
36083.71 2404
36083.71 2405
36083.71 2406
36083.71 2407
36083.71 2408
36083.71 2409
36083.71 2410
36083.71 2411
36083.71 2412
36083.71 2413
36083.71 2414
36083.71 2415
36083.71 2416
36083.71 2417
36083.71 2418
36083.71 2419
36083.71 2420
36083.71 2421
36083.71 2422
36083.71 2423
36083.71 2424
36083.71 2425
36083.71 2426
36083.71 2427
36083.71 2428
36083.71 2429
36083.71 2430
36083.71 2431
36083.71 2432
36083.71 2433
36083.71 2434
36083.71 2435
36083.71 2436
36083.71 2437
36083.71 2438
36083.71 2439
36083.71 2440
36083.71 2441
36083.71 2442
36083.71 2443
36083.71 2444
36083.71 2445
36083.71 2446
36083.71 2447
36083.71 2448
36083.71 2449
36083.71 2450
36083.71 2451
36083.71 2452
36083.71 2453
36083.71 2454
36083.71 2455
36083.71 2456
36083.71 2457
36083.71 2458
36083.71 2459
36083.71 2460
36083.71 2461
36083.71 2462
36083.71 2463
36083.71 2464
36083.71 2465
36083.71 2466
36083.71 2467
36083.71 2468
36083.71 2469
36083.71 2470
36083.71 2471
36083.71 2472
36083.71 2473
36083.71 2474
36083.71 2475
36083.71 2476
36083.71 2477
36083.71 2478
36083.71 2479
36083.71 2480
36083.71 2481
36083.71 2482
36083.71 2483
36083.71 2484
36083.71 2485
36083.71 2486
36083.71 2487
36083.71 2488
36083.71 2489
36083.71 2490
36083.71 2491
36083.71 2492
36083.71 2493
36083.71 2494
36083.71 2495
36083.71 2496
36083.71 2497
36083.71 2498
36083.71 2499
36083.71 2500
36083.71 2501
36083.71 2502
36083.71 2503
36083.71 2504
36083.71 2505
36083.71 2506
36083.71 2507
36083.71 2508
36083.71 2509
36083.71 2510
36083.71 2511
36083.71 2512
36083.71 2513
36083.71 2514
36083.71 2515
36083.71 2516
36083.71 2517
36083.71 2518
36083.71 2519
36083.71 2520
36083.71 2521
36083.71 2522
36083.71 2523
36083.71 2524
36083.71 2525
36083.71 2526
36083.71 2527
36083.71 2528
36083.71 2529
36083.71 2530
36083.71 2531
36083.71 2532
36083.71 2533
36083.71 2534
36083.71 2535
36083.71 2536
36083.71 2537
36083.71 2538
36083.71 2539
36083.71 2540
36083.71 2541
36083.71 2542
36083.71 2543
36083.71 2544
36083.71 2545
36083.71 2546
36083.71 2547
36083.71 2548
36083.71 2549
36083.71 2550
36083.71 2551
36083.71 2552
36083.71 2553
36083.71 2554
36083.71 2555
36083.71 2556
36083.71 2557
36083.71 2558
36083.71 2559
36083.71 2560
36083.71 2561
36083.71 2562
36083.71 2563
36083.71 2564
36083.71 2565
36083.71 2566
36083.71 2567
36083.71 2568
36083.71 2569
36083.71 2570
36083.71 2571
36083.71 2572
36083.71 2573
36083.71 2574
36083.71 2575
36083.71 2576
36083.71 2577
36083.71 2578
36083.71 2579
36083.71 2580
36083.71 2581
36083.71 2582
36083.71 2583
36083.71 2584
36083.71 2585
36083.71 2586
36083.71 2587
36083.71 2588
36083.71 2589
36083.71 2590
36083.71 2591
36083.71 2592
36083.71 2593
36083.71 2594
36083.71 2595
36083.71 2596
36083.71 2597
36083.71 2598
36083.71 2599
36083.71 2600
36083.71 2601
36083.71 2602
36083.71 2603
36083.71 2604
36083.71 2605
36083.71 2606
36083.71 2607
36083.71 2608
36083.71 2609
36083.71 2610
36083.71 2611
36083.71 2612
36083.71 2613
36083.71 2614
36083.71 2615
36083.71 2616
36083.71 2617
36083.71 2618
36083.71 2619
36083.71 2620
36083.71 2621
36083.71 2622
36083.71 2623
36083.71 2624
36083.71 2625
36083.71 2626
36083.71 2627
36083.71 2628
36083.71 2629
36083.71 2630
36083.71 2631
36083.71 2632
36083.71 2633
36083.71 2634
36083.71 2635
36083.71 2636
36083.71 2637
36083.71 2638
36083.71 2639
36083.71 2640
36083.71 2641
36083.71 2642
36083.71 2643
36083.71 2644
36083.71 2645
36083.71 2646
36083.71 2647
36083.71 2648
36083.71 2649
36083.71 2650
36083.71 2651
36083.71 2652
36083.71 2653
36083.71 2654
36083.71 2655
36083.71 2656
36083.71 2657
36083.71 2658
36083.71 2659
36083.71 2660
36083.71 2661
36083.71 2662
36083.71 2663
36083.71 2664
36083.71 2665
36083.71 2666
36083.71 2667
36083.71 2668
36083.71 2669
36083.71 2670
36083.71 2671
36083.71 2672
36083.71 2673
36083.71 2674
36083.71 2675
36083.71 2676
36083.71 2677
36083.71 2678
36083.71 2679
36083.71 2680
36083.71 2681
36083.71 2682
36083.71 2683
36083.71 2684
36083.71 2685
36083.71 2686
36083.71 2687
36083.71 2688
36083.71 2689
36083.71 2690
36083.71 2691
36083.71 2692
36083.71 2693
36083.71 2694
36083.71 2695
36083.71 2696
36083.71 2697
36083.71 2698
36083.71 2699
36083.71 2700
36083.71 2701
36083.71 2702
36083.71 2703
36083.71 2704
36083.71 2705
36083.71 2706
36083.71 2707
36083.71 2708
36083.71 2709
36083.71 2710
36083.71 2711
36083.71 2712
36083.71 2713
36083.71 2714
36083.71 2715
36083.71 2716
36083.71 2717
36083.71 2718
36083.71 2719
36083.71 2720
36083.71 2721
36083.71 2722
36083.71 2723
36083.71 2724
36083.71 2725
36083.71 2726
36083.71 2727
36083.71 2728
36083.71 2729
36083.71 2730
36083.71 2731
36083.71 2732
36083.71 2733
36083.71 2734
36083.71 2735
36083.71 2736
36083.71 2737
36083.71 2738
36083.71 2739
36083.71 2740
36083.71 2741
36083.71 2742
36083.71 2743
36083.71 2744
36083.71 2745
36083.71 2746
36083.71 2747
36083.71 2748
36083.71 2749
36083.71 2750
36083.71 2751
36083.71 2752
36083.71 2753
36083.71 2754
36083.71 2755
36083.71 2756
36083.71 2757
36083.71 2758
36083.71 2759
36083.71 2760
36083.71 2761
36083.71 2762
36083.71 2763
36083.71 2764
36083.71 2765
36083.71 2766
36083.71 2767
36083.71 2768
36083.71 2769
36083.71 2770
36083.71 2771
36083.71 2772
36083.71 2773
36083.71 2774
36083.71 2775
36083.71 2776
36083.71 2777
36083.71 2778
36083.71 2779
36083.71 2780
36083.71 2781
36083.71 2782
36083.71 2783
36083.71 2784
36083.71 2785
36083.71 2786
36083.71 2787
36083.71 2788
36083.71 2789
36083.71 2790
36083.71 2791
36083.71 2792
36083.71 2793
36083.71 2794
36083.71 2795
36083.71 2796
36083.71 2797
36083.71 2798
36083.71 2799
36083.71 2800
36083.71 2801
36083.71 2802
36083.71 2803
36083.71 2804
36083.71 2805
36083.71 2806
36083.71 2807
36083.71 2808
36083.71 2809
36083.71 2810
36083.71 2811
36083.71 2812
36083.71 2813
36083.71 2814
36083.71 2815
36083.71 2816
36083.71 2817
36083.71 2818
36083.71 2819
36083.71 2820
36083.71 2821
36083.71 2822
36083.71 2823
36083.71 2824
36083.71 2825
36083.71 2826
36083.71 2827
36083.71 2828
36083.71 2829
36083.71 2830
36083.71 2831
36083.71 2832
36083.71 2833
36083.71 2834
36083.71 2835
36083.71 2836
36083.71 2837
36083.71 2838
36083.71 2839
36083.71 2840
36083.71 2841
36083.71 2842
36083.71 2843
36083.71 2844
36083.71 2845
36083.71 2846
36083.71 2847
36083.71 2848
36083.71 2849
36083.71 2850
36083.71 2851
36083.71 2852
36083.71 2853
36083.71 2854
36083.71 2855
36083.71 2856
36083.71 2857
36083.71 2858
36083.71 2859
36083.71 2860
36083.71 2861
36083.71 2862
36083.71 2863
36083.71 2864
36083.71 2865
36083.71 2866
36083.71 2867
36083.71 2868
36083.71 2869
36083.71 2870
36083.71 2871
36083.71 2872
36083.71 2873
36083.71 2874
36083.71 2875
36083.71 2876
36083.71 2877
36083.71 2878
36083.71 2879
36083.71 2880
36083.71 2881
36083.71 2882
36083.71 2883
36083.71 2884
36083.71 2885
36083.71 2886
36083.71 2887
36083.71 2888
36083.71 2889
36083.71 2890
