# H/nR [K], depth [km]
72167.43 1
72167.43 2
72167.43 3
72167.43 4
72167.43 5
72167.43 6
72167.43 7
72167.43 8
72167.43 9
72167.43 10
72167.43 11
72167.43 12
72167.43 13
72167.43 14
72167.43 15
72167.43 16
72167.43 17
72167.43 18
72167.43 19
72167.43 20
72167.43 21
72167.43 22
72167.43 23
72167.43 24
72167.43 25
72167.43 26
72167.43 27
72167.43 28
72167.43 29
72167.43 30
72167.43 31
72167.43 32
72167.43 33
72167.43 34
72167.43 35
72167.43 36
72167.43 37
72167.43 38
72167.43 39
72167.43 40
72167.43 41
72167.43 42
72167.43 43
72167.43 44
72167.43 45
72167.43 46
72167.43 47
72167.43 48
72167.43 49
72167.43 50
72167.43 51
72167.43 52
72167.43 53
72167.43 54
72167.43 55
72167.43 56
72167.43 57
72167.43 58
72167.43 59
72167.43 60
72167.43 61
72167.43 62
72167.43 63
72167.43 64
72167.43 65
72167.43 66
72167.43 67
72167.43 68
72167.43 69
72167.43 70
72167.43 71
72167.43 72
72167.43 73
72167.43 74
72167.43 75
72167.43 76
72167.43 77
72167.43 78
72167.43 79
72167.43 80
72167.43 81
72167.43 82
72167.43 83
72167.43 84
72167.43 85
72167.43 86
72167.43 87
72167.43 88
72167.43 89
72167.43 90
72167.43 91
72167.43 92
72167.43 93
72167.43 94
72167.43 95
72167.43 96
72167.43 97
72167.43 98
72167.43 99
72167.43 100
72167.43 101
72167.43 102
72167.43 103
72167.43 104
72167.43 105
72167.43 106
72167.43 107
72167.43 108
72167.43 109
72167.43 110
72167.43 111
72167.43 112
72167.43 113
72167.43 114
72167.43 115
72167.43 116
72167.43 117
72167.43 118
72167.43 119
72167.43 120
72167.43 121
72167.43 122
72167.43 123
72167.43 124
72167.43 125
72167.43 126
72167.43 127
72167.43 128
72167.43 129
72167.43 130
72167.43 131
72167.43 132
72167.43 133
72167.43 134
72167.43 135
72167.43 136
72167.43 137
72167.43 138
72167.43 139
72167.43 140
72167.43 141
72167.43 142
72167.43 143
72167.43 144
72167.43 145
72167.43 146
72167.43 147
72167.43 148
72167.43 149
72167.43 150
72167.43 151
72167.43 152
72167.43 153
72167.43 154
72167.43 155
72167.43 156
72167.43 157
72167.43 158
72167.43 159
72167.43 160
72167.43 161
72167.43 162
72167.43 163
72167.43 164
72167.43 165
72167.43 166
72167.43 167
72167.43 168
72167.43 169
72167.43 170
72167.43 171
72167.43 172
72167.43 173
72167.43 174
72167.43 175
72167.43 176
72167.43 177
72167.43 178
72167.43 179
72167.43 180
72167.43 181
72167.43 182
72167.43 183
72167.43 184
72167.43 185
72167.43 186
72167.43 187
72167.43 188
72167.43 189
72167.43 190
72167.43 191
72167.43 192
72167.43 193
72167.43 194
72167.43 195
72167.43 196
72167.43 197
72167.43 198
72167.43 199
72167.43 200
72167.43 201
72167.43 202
72167.43 203
72167.43 204
72167.43 205
72167.43 206
72167.43 207
72167.43 208
72167.43 209
72167.43 210
72167.43 211
72167.43 212
72167.43 213
72167.43 214
72167.43 215
72167.43 216
72167.43 217
72167.43 218
72167.43 219
72167.43 220
72167.43 221
72167.43 222
72167.43 223
72167.43 224
72167.43 225
72167.43 226
72167.43 227
72167.43 228
72167.43 229
72167.43 230
72167.43 231
72167.43 232
72167.43 233
72167.43 234
72167.43 235
72167.43 236
72167.43 237
72167.43 238
72167.43 239
72167.43 240
72167.43 241
72167.43 242
72167.43 243
72167.43 244
72167.43 245
72167.43 246
72167.43 247
72167.43 248
72167.43 249
72167.43 250
72167.43 251
72167.43 252
72167.43 253
72167.43 254
72167.43 255
72167.43 256
72167.43 257
72167.43 258
72167.43 259
72167.43 260
72167.43 261
72167.43 262
72167.43 263
72167.43 264
72167.43 265
72167.43 266
72167.43 267
72167.43 268
72167.43 269
72167.43 270
72167.43 271
72167.43 272
72167.43 273
72167.43 274
72167.43 275
72167.43 276
72167.43 277
72167.43 278
72167.43 279
72167.43 280
72167.43 281
72167.43 282
72167.43 283
72167.43 284
72167.43 285
72167.43 286
72167.43 287
72167.43 288
72167.43 289
72167.43 290
72167.43 291
72167.43 292
72167.43 293
72167.43 294
72167.43 295
72167.43 296
72167.43 297
72167.43 298
72167.43 299
72167.43 300
72167.43 301
72167.43 302
72167.43 303
72167.43 304
72167.43 305
72167.43 306
72167.43 307
72167.43 308
72167.43 309
72167.43 310
72167.43 311
72167.43 312
72167.43 313
72167.43 314
72167.43 315
72167.43 316
72167.43 317
72167.43 318
72167.43 319
72167.43 320
72167.43 321
72167.43 322
72167.43 323
72167.43 324
72167.43 325
72167.43 326
72167.43 327
72167.43 328
72167.43 329
72167.43 330
72167.43 331
72167.43 332
72167.43 333
72167.43 334
72167.43 335
72167.43 336
72167.43 337
72167.43 338
72167.43 339
72167.43 340
72167.43 341
72167.43 342
72167.43 343
72167.43 344
72167.43 345
72167.43 346
72167.43 347
72167.43 348
72167.43 349
72167.43 350
72167.43 351
72167.43 352
72167.43 353
72167.43 354
72167.43 355
72167.43 356
72167.43 357
72167.43 358
72167.43 359
72167.43 360
72167.43 361
72167.43 362
72167.43 363
72167.43 364
72167.43 365
72167.43 366
72167.43 367
72167.43 368
72167.43 369
72167.43 370
72167.43 371
72167.43 372
72167.43 373
72167.43 374
72167.43 375
72167.43 376
72167.43 377
72167.43 378
72167.43 379
72167.43 380
72167.43 381
72167.43 382
72167.43 383
72167.43 384
72167.43 385
72167.43 386
72167.43 387
72167.43 388
72167.43 389
72167.43 390
72167.43 391
72167.43 392
72167.43 393
72167.43 394
72167.43 395
72167.43 396
72167.43 397
72167.43 398
72167.43 399
72167.43 400
72167.43 401
72167.43 402
72167.43 403
72167.43 404
72167.43 405
72167.43 406
72167.43 407
72167.43 408
72167.43 409
72167.43 410
72167.43 411
72167.43 412
72167.43 413
72167.43 414
72167.43 415
72167.43 416
72167.43 417
72167.43 418
72167.43 419
72167.43 420
72167.43 421
72167.43 422
72167.43 423
72167.43 424
72167.43 425
72167.43 426
72167.43 427
72167.43 428
72167.43 429
72167.43 430
72167.43 431
72167.43 432
72167.43 433
72167.43 434
72167.43 435
72167.43 436
72167.43 437
72167.43 438
72167.43 439
72167.43 440
72167.43 441
72167.43 442
72167.43 443
72167.43 444
72167.43 445
72167.43 446
72167.43 447
72167.43 448
72167.43 449
72167.43 450
72167.43 451
72167.43 452
72167.43 453
72167.43 454
72167.43 455
72167.43 456
72167.43 457
72167.43 458
72167.43 459
72167.43 460
72167.43 461
72167.43 462
72167.43 463
72167.43 464
72167.43 465
72167.43 466
72167.43 467
72167.43 468
72167.43 469
72167.43 470
72167.43 471
72167.43 472
72167.43 473
72167.43 474
72167.43 475
72167.43 476
72167.43 477
72167.43 478
72167.43 479
72167.43 480
72167.43 481
72167.43 482
72167.43 483
72167.43 484
72167.43 485
72167.43 486
72167.43 487
72167.43 488
72167.43 489
72167.43 490
72167.43 491
72167.43 492
72167.43 493
72167.43 494
72167.43 495
72167.43 496
72167.43 497
72167.43 498
72167.43 499
72167.43 500
72167.43 501
72167.43 502
72167.43 503
72167.43 504
72167.43 505
72167.43 506
72167.43 507
72167.43 508
72167.43 509
72167.43 510
72167.43 511
72167.43 512
72167.43 513
72167.43 514
72167.43 515
72167.43 516
72167.43 517
72167.43 518
72167.43 519
72167.43 520
72167.43 521
72167.43 522
72167.43 523
72167.43 524
72167.43 525
72167.43 526
72167.43 527
72167.43 528
72167.43 529
72167.43 530
72167.43 531
72167.43 532
72167.43 533
72167.43 534
72167.43 535
72167.43 536
72167.43 537
72167.43 538
72167.43 539
72167.43 540
72167.43 541
72167.43 542
72167.43 543
72167.43 544
72167.43 545
72167.43 546
72167.43 547
72167.43 548
72167.43 549
72167.43 550
72167.43 551
72167.43 552
72167.43 553
72167.43 554
72167.43 555
72167.43 556
72167.43 557
72167.43 558
72167.43 559
72167.43 560
72167.43 561
72167.43 562
72167.43 563
72167.43 564
72167.43 565
72167.43 566
72167.43 567
72167.43 568
72167.43 569
72167.43 570
72167.43 571
72167.43 572
72167.43 573
72167.43 574
72167.43 575
72167.43 576
72167.43 577
72167.43 578
72167.43 579
72167.43 580
72167.43 581
72167.43 582
72167.43 583
72167.43 584
72167.43 585
72167.43 586
72167.43 587
72167.43 588
72167.43 589
72167.43 590
72167.43 591
72167.43 592
72167.43 593
72167.43 594
72167.43 595
72167.43 596
72167.43 597
72167.43 598
72167.43 599
72167.43 600
72167.43 601
72167.43 602
72167.43 603
72167.43 604
72167.43 605
72167.43 606
72167.43 607
72167.43 608
72167.43 609
72167.43 610
72167.43 611
72167.43 612
72167.43 613
72167.43 614
72167.43 615
72167.43 616
72167.43 617
72167.43 618
72167.43 619
72167.43 620
72167.43 621
72167.43 622
72167.43 623
72167.43 624
72167.43 625
72167.43 626
72167.43 627
72167.43 628
72167.43 629
72167.43 630
72167.43 631
72167.43 632
72167.43 633
72167.43 634
72167.43 635
72167.43 636
72167.43 637
72167.43 638
72167.43 639
72167.43 640
72167.43 641
72167.43 642
72167.43 643
72167.43 644
72167.43 645
72167.43 646
72167.43 647
72167.43 648
72167.43 649
72167.43 650
72167.43 651
72167.43 652
72167.43 653
72167.43 654
72167.43 655
72167.43 656
72167.43 657
72167.43 658
72167.43 659
72167.43 660
24055.81 661
24055.81 662
24055.81 663
24055.81 664
24055.81 665
24055.81 666
24055.81 667
24055.81 668
24055.81 669
24055.81 670
24055.81 671
24055.81 672
24055.81 673
24055.81 674
24055.81 675
24055.81 676
24055.81 677
24055.81 678
24055.81 679
24055.81 680
24055.81 681
24055.81 682
24055.81 683
24055.81 684
24055.81 685
24055.81 686
24055.81 687
24055.81 688
24055.81 689
24055.81 690
24055.81 691
24055.81 692
24055.81 693
24055.81 694
24055.81 695
24055.81 696
24055.81 697
24055.81 698
24055.81 699
24055.81 700
24055.81 701
24055.81 702
24055.81 703
24055.81 704
24055.81 705
24055.81 706
24055.81 707
24055.81 708
24055.81 709
24055.81 710
24055.81 711
24055.81 712
24055.81 713
24055.81 714
24055.81 715
24055.81 716
24055.81 717
24055.81 718
24055.81 719
24055.81 720
24055.81 721
24055.81 722
24055.81 723
24055.81 724
24055.81 725
24055.81 726
24055.81 727
24055.81 728
24055.81 729
24055.81 730
24055.81 731
24055.81 732
24055.81 733
24055.81 734
24055.81 735
24055.81 736
24055.81 737
24055.81 738
24055.81 739
24055.81 740
24055.81 741
24055.81 742
24055.81 743
24055.81 744
24055.81 745
24055.81 746
24055.81 747
24055.81 748
24055.81 749
24055.81 750
24055.81 751
24055.81 752
24055.81 753
24055.81 754
24055.81 755
24055.81 756
24055.81 757
24055.81 758
24055.81 759
24055.81 760
24055.81 761
24055.81 762
24055.81 763
24055.81 764
24055.81 765
24055.81 766
24055.81 767
24055.81 768
24055.81 769
24055.81 770
24055.81 771
24055.81 772
24055.81 773
24055.81 774
24055.81 775
24055.81 776
24055.81 777
24055.81 778
24055.81 779
24055.81 780
24055.81 781
24055.81 782
24055.81 783
24055.81 784
24055.81 785
24055.81 786
24055.81 787
24055.81 788
24055.81 789
24055.81 790
24055.81 791
24055.81 792
24055.81 793
24055.81 794
24055.81 795
24055.81 796
24055.81 797
24055.81 798
24055.81 799
24055.81 800
24055.81 801
24055.81 802
24055.81 803
24055.81 804
24055.81 805
24055.81 806
24055.81 807
24055.81 808
24055.81 809
24055.81 810
24055.81 811
24055.81 812
24055.81 813
24055.81 814
24055.81 815
24055.81 816
24055.81 817
24055.81 818
24055.81 819
24055.81 820
24055.81 821
24055.81 822
24055.81 823
24055.81 824
24055.81 825
24055.81 826
24055.81 827
24055.81 828
24055.81 829
24055.81 830
24055.81 831
24055.81 832
24055.81 833
24055.81 834
24055.81 835
24055.81 836
24055.81 837
24055.81 838
24055.81 839
24055.81 840
24055.81 841
24055.81 842
24055.81 843
24055.81 844
24055.81 845
24055.81 846
24055.81 847
24055.81 848
24055.81 849
24055.81 850
24055.81 851
24055.81 852
24055.81 853
24055.81 854
24055.81 855
24055.81 856
24055.81 857
24055.81 858
24055.81 859
24055.81 860
24055.81 861
24055.81 862
24055.81 863
24055.81 864
24055.81 865
24055.81 866
24055.81 867
24055.81 868
24055.81 869
24055.81 870
24055.81 871
24055.81 872
24055.81 873
24055.81 874
24055.81 875
24055.81 876
24055.81 877
24055.81 878
24055.81 879
24055.81 880
24055.81 881
24055.81 882
24055.81 883
24055.81 884
24055.81 885
24055.81 886
24055.81 887
24055.81 888
24055.81 889
24055.81 890
24055.81 891
24055.81 892
24055.81 893
24055.81 894
24055.81 895
24055.81 896
24055.81 897
24055.81 898
24055.81 899
24055.81 900
24055.81 901
24055.81 902
24055.81 903
24055.81 904
24055.81 905
24055.81 906
24055.81 907
24055.81 908
24055.81 909
24055.81 910
24055.81 911
24055.81 912
24055.81 913
24055.81 914
24055.81 915
24055.81 916
24055.81 917
24055.81 918
24055.81 919
24055.81 920
24055.81 921
24055.81 922
24055.81 923
24055.81 924
24055.81 925
24055.81 926
24055.81 927
24055.81 928
24055.81 929
24055.81 930
24055.81 931
24055.81 932
24055.81 933
24055.81 934
24055.81 935
24055.81 936
24055.81 937
24055.81 938
24055.81 939
24055.81 940
24055.81 941
24055.81 942
24055.81 943
24055.81 944
24055.81 945
24055.81 946
24055.81 947
24055.81 948
24055.81 949
24055.81 950
24055.81 951
24055.81 952
24055.81 953
24055.81 954
24055.81 955
24055.81 956
24055.81 957
24055.81 958
24055.81 959
24055.81 960
24055.81 961
24055.81 962
24055.81 963
24055.81 964
24055.81 965
24055.81 966
24055.81 967
24055.81 968
24055.81 969
24055.81 970
24055.81 971
24055.81 972
24055.81 973
24055.81 974
24055.81 975
24055.81 976
24055.81 977
24055.81 978
24055.81 979
24055.81 980
24055.81 981
24055.81 982
24055.81 983
24055.81 984
24055.81 985
24055.81 986
24055.81 987
24055.81 988
24055.81 989
24055.81 990
24055.81 991
24055.81 992
24055.81 993
24055.81 994
24055.81 995
24055.81 996
24055.81 997
24055.81 998
24055.81 999
24055.81 1000
24055.81 1001
24055.81 1002
24055.81 1003
24055.81 1004
24055.81 1005
24055.81 1006
24055.81 1007
24055.81 1008
24055.81 1009
24055.81 1010
24055.81 1011
24055.81 1012
24055.81 1013
24055.81 1014
24055.81 1015
24055.81 1016
24055.81 1017
24055.81 1018
24055.81 1019
24055.81 1020
24055.81 1021
24055.81 1022
24055.81 1023
24055.81 1024
24055.81 1025
24055.81 1026
24055.81 1027
24055.81 1028
24055.81 1029
24055.81 1030
24055.81 1031
24055.81 1032
24055.81 1033
24055.81 1034
24055.81 1035
24055.81 1036
24055.81 1037
24055.81 1038
24055.81 1039
24055.81 1040
24055.81 1041
24055.81 1042
24055.81 1043
24055.81 1044
24055.81 1045
24055.81 1046
24055.81 1047
24055.81 1048
24055.81 1049
24055.81 1050
24055.81 1051
24055.81 1052
24055.81 1053
24055.81 1054
24055.81 1055
24055.81 1056
24055.81 1057
24055.81 1058
24055.81 1059
24055.81 1060
24055.81 1061
24055.81 1062
24055.81 1063
24055.81 1064
24055.81 1065
24055.81 1066
24055.81 1067
24055.81 1068
24055.81 1069
24055.81 1070
24055.81 1071
24055.81 1072
24055.81 1073
24055.81 1074
24055.81 1075
24055.81 1076
24055.81 1077
24055.81 1078
24055.81 1079
24055.81 1080
24055.81 1081
24055.81 1082
24055.81 1083
24055.81 1084
24055.81 1085
24055.81 1086
24055.81 1087
24055.81 1088
24055.81 1089
24055.81 1090
24055.81 1091
24055.81 1092
24055.81 1093
24055.81 1094
24055.81 1095
24055.81 1096
24055.81 1097
24055.81 1098
24055.81 1099
24055.81 1100
24055.81 1101
24055.81 1102
24055.81 1103
24055.81 1104
24055.81 1105
24055.81 1106
24055.81 1107
24055.81 1108
24055.81 1109
24055.81 1110
24055.81 1111
24055.81 1112
24055.81 1113
24055.81 1114
24055.81 1115
24055.81 1116
24055.81 1117
24055.81 1118
24055.81 1119
24055.81 1120
24055.81 1121
24055.81 1122
24055.81 1123
24055.81 1124
24055.81 1125
24055.81 1126
24055.81 1127
24055.81 1128
24055.81 1129
24055.81 1130
24055.81 1131
24055.81 1132
24055.81 1133
24055.81 1134
24055.81 1135
24055.81 1136
24055.81 1137
24055.81 1138
24055.81 1139
24055.81 1140
24055.81 1141
24055.81 1142
24055.81 1143
24055.81 1144
24055.81 1145
24055.81 1146
24055.81 1147
24055.81 1148
24055.81 1149
24055.81 1150
24055.81 1151
24055.81 1152
24055.81 1153
24055.81 1154
24055.81 1155
24055.81 1156
24055.81 1157
24055.81 1158
24055.81 1159
24055.81 1160
24055.81 1161
24055.81 1162
24055.81 1163
24055.81 1164
24055.81 1165
24055.81 1166
24055.81 1167
24055.81 1168
24055.81 1169
24055.81 1170
24055.81 1171
24055.81 1172
24055.81 1173
24055.81 1174
24055.81 1175
24055.81 1176
24055.81 1177
24055.81 1178
24055.81 1179
24055.81 1180
24055.81 1181
24055.81 1182
24055.81 1183
24055.81 1184
24055.81 1185
24055.81 1186
24055.81 1187
24055.81 1188
24055.81 1189
24055.81 1190
24055.81 1191
24055.81 1192
24055.81 1193
24055.81 1194
24055.81 1195
24055.81 1196
24055.81 1197
24055.81 1198
24055.81 1199
24055.81 1200
24055.81 1201
24055.81 1202
24055.81 1203
24055.81 1204
24055.81 1205
24055.81 1206
24055.81 1207
24055.81 1208
24055.81 1209
24055.81 1210
24055.81 1211
24055.81 1212
24055.81 1213
24055.81 1214
24055.81 1215
24055.81 1216
24055.81 1217
24055.81 1218
24055.81 1219
24055.81 1220
24055.81 1221
24055.81 1222
24055.81 1223
24055.81 1224
24055.81 1225
24055.81 1226
24055.81 1227
24055.81 1228
24055.81 1229
24055.81 1230
24055.81 1231
24055.81 1232
24055.81 1233
24055.81 1234
24055.81 1235
24055.81 1236
24055.81 1237
24055.81 1238
24055.81 1239
24055.81 1240
24055.81 1241
24055.81 1242
24055.81 1243
24055.81 1244
24055.81 1245
24055.81 1246
24055.81 1247
24055.81 1248
24055.81 1249
24055.81 1250
24055.81 1251
24055.81 1252
24055.81 1253
24055.81 1254
24055.81 1255
24055.81 1256
24055.81 1257
24055.81 1258
24055.81 1259
24055.81 1260
24055.81 1261
24055.81 1262
24055.81 1263
24055.81 1264
24055.81 1265
24055.81 1266
24055.81 1267
24055.81 1268
24055.81 1269
24055.81 1270
24055.81 1271
24055.81 1272
24055.81 1273
24055.81 1274
24055.81 1275
24055.81 1276
24055.81 1277
24055.81 1278
24055.81 1279
24055.81 1280
24055.81 1281
24055.81 1282
24055.81 1283
24055.81 1284
24055.81 1285
24055.81 1286
24055.81 1287
24055.81 1288
24055.81 1289
24055.81 1290
24055.81 1291
24055.81 1292
24055.81 1293
24055.81 1294
24055.81 1295
24055.81 1296
24055.81 1297
24055.81 1298
24055.81 1299
24055.81 1300
24055.81 1301
24055.81 1302
24055.81 1303
24055.81 1304
24055.81 1305
24055.81 1306
24055.81 1307
24055.81 1308
24055.81 1309
24055.81 1310
24055.81 1311
24055.81 1312
24055.81 1313
24055.81 1314
24055.81 1315
24055.81 1316
24055.81 1317
24055.81 1318
24055.81 1319
24055.81 1320
24055.81 1321
24055.81 1322
24055.81 1323
24055.81 1324
24055.81 1325
24055.81 1326
24055.81 1327
24055.81 1328
24055.81 1329
24055.81 1330
24055.81 1331
24055.81 1332
24055.81 1333
24055.81 1334
24055.81 1335
24055.81 1336
24055.81 1337
24055.81 1338
24055.81 1339
24055.81 1340
24055.81 1341
24055.81 1342
24055.81 1343
24055.81 1344
24055.81 1345
24055.81 1346
24055.81 1347
24055.81 1348
24055.81 1349
24055.81 1350
24055.81 1351
24055.81 1352
24055.81 1353
24055.81 1354
24055.81 1355
24055.81 1356
24055.81 1357
24055.81 1358
24055.81 1359
24055.81 1360
24055.81 1361
24055.81 1362
24055.81 1363
24055.81 1364
24055.81 1365
24055.81 1366
24055.81 1367
24055.81 1368
24055.81 1369
24055.81 1370
24055.81 1371
24055.81 1372
24055.81 1373
24055.81 1374
24055.81 1375
24055.81 1376
24055.81 1377
24055.81 1378
24055.81 1379
24055.81 1380
24055.81 1381
24055.81 1382
24055.81 1383
24055.81 1384
24055.81 1385
24055.81 1386
24055.81 1387
24055.81 1388
24055.81 1389
24055.81 1390
24055.81 1391
24055.81 1392
24055.81 1393
24055.81 1394
24055.81 1395
24055.81 1396
24055.81 1397
24055.81 1398
24055.81 1399
24055.81 1400
24055.81 1401
24055.81 1402
24055.81 1403
24055.81 1404
24055.81 1405
24055.81 1406
24055.81 1407
24055.81 1408
24055.81 1409
24055.81 1410
24055.81 1411
24055.81 1412
24055.81 1413
24055.81 1414
24055.81 1415
24055.81 1416
24055.81 1417
24055.81 1418
24055.81 1419
24055.81 1420
24055.81 1421
24055.81 1422
24055.81 1423
24055.81 1424
24055.81 1425
24055.81 1426
24055.81 1427
24055.81 1428
24055.81 1429
24055.81 1430
24055.81 1431
24055.81 1432
24055.81 1433
24055.81 1434
24055.81 1435
24055.81 1436
24055.81 1437
24055.81 1438
24055.81 1439
24055.81 1440
24055.81 1441
24055.81 1442
24055.81 1443
24055.81 1444
24055.81 1445
24055.81 1446
24055.81 1447
24055.81 1448
24055.81 1449
24055.81 1450
24055.81 1451
24055.81 1452
24055.81 1453
24055.81 1454
24055.81 1455
24055.81 1456
24055.81 1457
24055.81 1458
24055.81 1459
24055.81 1460
24055.81 1461
24055.81 1462
24055.81 1463
24055.81 1464
24055.81 1465
24055.81 1466
24055.81 1467
24055.81 1468
24055.81 1469
24055.81 1470
24055.81 1471
24055.81 1472
24055.81 1473
24055.81 1474
24055.81 1475
24055.81 1476
24055.81 1477
24055.81 1478
24055.81 1479
24055.81 1480
24055.81 1481
24055.81 1482
24055.81 1483
24055.81 1484
24055.81 1485
24055.81 1486
24055.81 1487
24055.81 1488
24055.81 1489
24055.81 1490
24055.81 1491
24055.81 1492
24055.81 1493
24055.81 1494
24055.81 1495
24055.81 1496
24055.81 1497
24055.81 1498
24055.81 1499
24055.81 1500
24055.81 1501
24055.81 1502
24055.81 1503
24055.81 1504
24055.81 1505
24055.81 1506
24055.81 1507
24055.81 1508
24055.81 1509
24055.81 1510
24055.81 1511
24055.81 1512
24055.81 1513
24055.81 1514
24055.81 1515
24055.81 1516
24055.81 1517
24055.81 1518
24055.81 1519
24055.81 1520
24055.81 1521
24055.81 1522
24055.81 1523
24055.81 1524
24055.81 1525
24055.81 1526
24055.81 1527
24055.81 1528
24055.81 1529
24055.81 1530
24055.81 1531
24055.81 1532
24055.81 1533
24055.81 1534
24055.81 1535
24055.81 1536
24055.81 1537
24055.81 1538
24055.81 1539
24055.81 1540
24055.81 1541
24055.81 1542
24055.81 1543
24055.81 1544
24055.81 1545
24055.81 1546
24055.81 1547
24055.81 1548
24055.81 1549
24055.81 1550
24055.81 1551
24055.81 1552
24055.81 1553
24055.81 1554
24055.81 1555
24055.81 1556
24055.81 1557
24055.81 1558
24055.81 1559
24055.81 1560
24055.81 1561
24055.81 1562
24055.81 1563
24055.81 1564
24055.81 1565
24055.81 1566
24055.81 1567
24055.81 1568
24055.81 1569
24055.81 1570
24055.81 1571
24055.81 1572
24055.81 1573
24055.81 1574
24055.81 1575
24055.81 1576
24055.81 1577
24055.81 1578
24055.81 1579
24055.81 1580
24055.81 1581
24055.81 1582
24055.81 1583
24055.81 1584
24055.81 1585
24055.81 1586
24055.81 1587
24055.81 1588
24055.81 1589
24055.81 1590
24055.81 1591
24055.81 1592
24055.81 1593
24055.81 1594
24055.81 1595
24055.81 1596
24055.81 1597
24055.81 1598
24055.81 1599
24055.81 1600
24055.81 1601
24055.81 1602
24055.81 1603
24055.81 1604
24055.81 1605
24055.81 1606
24055.81 1607
24055.81 1608
24055.81 1609
24055.81 1610
24055.81 1611
24055.81 1612
24055.81 1613
24055.81 1614
24055.81 1615
24055.81 1616
24055.81 1617
24055.81 1618
24055.81 1619
24055.81 1620
24055.81 1621
24055.81 1622
24055.81 1623
24055.81 1624
24055.81 1625
24055.81 1626
24055.81 1627
24055.81 1628
24055.81 1629
24055.81 1630
24055.81 1631
24055.81 1632
24055.81 1633
24055.81 1634
24055.81 1635
24055.81 1636
24055.81 1637
24055.81 1638
24055.81 1639
24055.81 1640
24055.81 1641
24055.81 1642
24055.81 1643
24055.81 1644
24055.81 1645
24055.81 1646
24055.81 1647
24055.81 1648
24055.81 1649
24055.81 1650
24055.81 1651
24055.81 1652
24055.81 1653
24055.81 1654
24055.81 1655
24055.81 1656
24055.81 1657
24055.81 1658
24055.81 1659
24055.81 1660
24055.81 1661
24055.81 1662
24055.81 1663
24055.81 1664
24055.81 1665
24055.81 1666
24055.81 1667
24055.81 1668
24055.81 1669
24055.81 1670
24055.81 1671
24055.81 1672
24055.81 1673
24055.81 1674
24055.81 1675
24055.81 1676
24055.81 1677
24055.81 1678
24055.81 1679
24055.81 1680
24055.81 1681
24055.81 1682
24055.81 1683
24055.81 1684
24055.81 1685
24055.81 1686
24055.81 1687
24055.81 1688
24055.81 1689
24055.81 1690
24055.81 1691
24055.81 1692
24055.81 1693
24055.81 1694
24055.81 1695
24055.81 1696
24055.81 1697
24055.81 1698
24055.81 1699
24055.81 1700
24055.81 1701
24055.81 1702
24055.81 1703
24055.81 1704
24055.81 1705
24055.81 1706
24055.81 1707
24055.81 1708
24055.81 1709
24055.81 1710
24055.81 1711
24055.81 1712
24055.81 1713
24055.81 1714
24055.81 1715
24055.81 1716
24055.81 1717
24055.81 1718
24055.81 1719
24055.81 1720
24055.81 1721
24055.81 1722
24055.81 1723
24055.81 1724
24055.81 1725
24055.81 1726
24055.81 1727
24055.81 1728
24055.81 1729
24055.81 1730
24055.81 1731
24055.81 1732
24055.81 1733
24055.81 1734
24055.81 1735
24055.81 1736
24055.81 1737
24055.81 1738
24055.81 1739
24055.81 1740
24055.81 1741
24055.81 1742
24055.81 1743
24055.81 1744
24055.81 1745
24055.81 1746
24055.81 1747
24055.81 1748
24055.81 1749
24055.81 1750
24055.81 1751
24055.81 1752
24055.81 1753
24055.81 1754
24055.81 1755
24055.81 1756
24055.81 1757
24055.81 1758
24055.81 1759
24055.81 1760
24055.81 1761
24055.81 1762
24055.81 1763
24055.81 1764
24055.81 1765
24055.81 1766
24055.81 1767
24055.81 1768
24055.81 1769
24055.81 1770
24055.81 1771
24055.81 1772
24055.81 1773
24055.81 1774
24055.81 1775
24055.81 1776
24055.81 1777
24055.81 1778
24055.81 1779
24055.81 1780
24055.81 1781
24055.81 1782
24055.81 1783
24055.81 1784
24055.81 1785
24055.81 1786
24055.81 1787
24055.81 1788
24055.81 1789
24055.81 1790
24055.81 1791
24055.81 1792
24055.81 1793
24055.81 1794
24055.81 1795
24055.81 1796
24055.81 1797
24055.81 1798
24055.81 1799
24055.81 1800
24055.81 1801
24055.81 1802
24055.81 1803
24055.81 1804
24055.81 1805
24055.81 1806
24055.81 1807
24055.81 1808
24055.81 1809
24055.81 1810
24055.81 1811
24055.81 1812
24055.81 1813
24055.81 1814
24055.81 1815
24055.81 1816
24055.81 1817
24055.81 1818
24055.81 1819
24055.81 1820
24055.81 1821
24055.81 1822
24055.81 1823
24055.81 1824
24055.81 1825
24055.81 1826
24055.81 1827
24055.81 1828
24055.81 1829
24055.81 1830
24055.81 1831
24055.81 1832
24055.81 1833
24055.81 1834
24055.81 1835
24055.81 1836
24055.81 1837
24055.81 1838
24055.81 1839
24055.81 1840
24055.81 1841
24055.81 1842
24055.81 1843
24055.81 1844
24055.81 1845
24055.81 1846
24055.81 1847
24055.81 1848
24055.81 1849
24055.81 1850
24055.81 1851
24055.81 1852
24055.81 1853
24055.81 1854
24055.81 1855
24055.81 1856
24055.81 1857
24055.81 1858
24055.81 1859
24055.81 1860
24055.81 1861
24055.81 1862
24055.81 1863
24055.81 1864
24055.81 1865
24055.81 1866
24055.81 1867
24055.81 1868
24055.81 1869
24055.81 1870
24055.81 1871
24055.81 1872
24055.81 1873
24055.81 1874
24055.81 1875
24055.81 1876
24055.81 1877
24055.81 1878
24055.81 1879
24055.81 1880
24055.81 1881
24055.81 1882
24055.81 1883
24055.81 1884
24055.81 1885
24055.81 1886
24055.81 1887
24055.81 1888
24055.81 1889
24055.81 1890
24055.81 1891
24055.81 1892
24055.81 1893
24055.81 1894
24055.81 1895
24055.81 1896
24055.81 1897
24055.81 1898
24055.81 1899
24055.81 1900
24055.81 1901
24055.81 1902
24055.81 1903
24055.81 1904
24055.81 1905
24055.81 1906
24055.81 1907
24055.81 1908
24055.81 1909
24055.81 1910
24055.81 1911
24055.81 1912
24055.81 1913
24055.81 1914
24055.81 1915
24055.81 1916
24055.81 1917
24055.81 1918
24055.81 1919
24055.81 1920
24055.81 1921
24055.81 1922
24055.81 1923
24055.81 1924
24055.81 1925
24055.81 1926
24055.81 1927
24055.81 1928
24055.81 1929
24055.81 1930
24055.81 1931
24055.81 1932
24055.81 1933
24055.81 1934
24055.81 1935
24055.81 1936
24055.81 1937
24055.81 1938
24055.81 1939
24055.81 1940
24055.81 1941
24055.81 1942
24055.81 1943
24055.81 1944
24055.81 1945
24055.81 1946
24055.81 1947
24055.81 1948
24055.81 1949
24055.81 1950
24055.81 1951
24055.81 1952
24055.81 1953
24055.81 1954
24055.81 1955
24055.81 1956
24055.81 1957
24055.81 1958
24055.81 1959
24055.81 1960
24055.81 1961
24055.81 1962
24055.81 1963
24055.81 1964
24055.81 1965
24055.81 1966
24055.81 1967
24055.81 1968
24055.81 1969
24055.81 1970
24055.81 1971
24055.81 1972
24055.81 1973
24055.81 1974
24055.81 1975
24055.81 1976
24055.81 1977
24055.81 1978
24055.81 1979
24055.81 1980
24055.81 1981
24055.81 1982
24055.81 1983
24055.81 1984
24055.81 1985
24055.81 1986
24055.81 1987
24055.81 1988
24055.81 1989
24055.81 1990
24055.81 1991
24055.81 1992
24055.81 1993
24055.81 1994
24055.81 1995
24055.81 1996
24055.81 1997
24055.81 1998
24055.81 1999
24055.81 2000
24055.81 2001
24055.81 2002
24055.81 2003
24055.81 2004
24055.81 2005
24055.81 2006
24055.81 2007
24055.81 2008
24055.81 2009
24055.81 2010
24055.81 2011
24055.81 2012
24055.81 2013
24055.81 2014
24055.81 2015
24055.81 2016
24055.81 2017
24055.81 2018
24055.81 2019
24055.81 2020
24055.81 2021
24055.81 2022
24055.81 2023
24055.81 2024
24055.81 2025
24055.81 2026
24055.81 2027
24055.81 2028
24055.81 2029
24055.81 2030
24055.81 2031
24055.81 2032
24055.81 2033
24055.81 2034
24055.81 2035
24055.81 2036
24055.81 2037
24055.81 2038
24055.81 2039
24055.81 2040
24055.81 2041
24055.81 2042
24055.81 2043
24055.81 2044
24055.81 2045
24055.81 2046
24055.81 2047
24055.81 2048
24055.81 2049
24055.81 2050
24055.81 2051
24055.81 2052
24055.81 2053
24055.81 2054
24055.81 2055
24055.81 2056
24055.81 2057
24055.81 2058
24055.81 2059
24055.81 2060
24055.81 2061
24055.81 2062
24055.81 2063
24055.81 2064
24055.81 2065
24055.81 2066
24055.81 2067
24055.81 2068
24055.81 2069
24055.81 2070
24055.81 2071
24055.81 2072
24055.81 2073
24055.81 2074
24055.81 2075
24055.81 2076
24055.81 2077
24055.81 2078
24055.81 2079
24055.81 2080
24055.81 2081
24055.81 2082
24055.81 2083
24055.81 2084
24055.81 2085
24055.81 2086
24055.81 2087
24055.81 2088
24055.81 2089
24055.81 2090
24055.81 2091
24055.81 2092
24055.81 2093
24055.81 2094
24055.81 2095
24055.81 2096
24055.81 2097
24055.81 2098
24055.81 2099
24055.81 2100
24055.81 2101
24055.81 2102
24055.81 2103
24055.81 2104
24055.81 2105
24055.81 2106
24055.81 2107
24055.81 2108
24055.81 2109
24055.81 2110
24055.81 2111
24055.81 2112
24055.81 2113
24055.81 2114
24055.81 2115
24055.81 2116
24055.81 2117
24055.81 2118
24055.81 2119
24055.81 2120
24055.81 2121
24055.81 2122
24055.81 2123
24055.81 2124
24055.81 2125
24055.81 2126
24055.81 2127
24055.81 2128
24055.81 2129
24055.81 2130
24055.81 2131
24055.81 2132
24055.81 2133
24055.81 2134
24055.81 2135
24055.81 2136
24055.81 2137
24055.81 2138
24055.81 2139
24055.81 2140
24055.81 2141
24055.81 2142
24055.81 2143
24055.81 2144
24055.81 2145
24055.81 2146
24055.81 2147
24055.81 2148
24055.81 2149
24055.81 2150
24055.81 2151
24055.81 2152
24055.81 2153
24055.81 2154
24055.81 2155
24055.81 2156
24055.81 2157
24055.81 2158
24055.81 2159
24055.81 2160
24055.81 2161
24055.81 2162
24055.81 2163
24055.81 2164
24055.81 2165
24055.81 2166
24055.81 2167
24055.81 2168
24055.81 2169
24055.81 2170
24055.81 2171
24055.81 2172
24055.81 2173
24055.81 2174
24055.81 2175
24055.81 2176
24055.81 2177
24055.81 2178
24055.81 2179
24055.81 2180
24055.81 2181
24055.81 2182
24055.81 2183
24055.81 2184
24055.81 2185
24055.81 2186
24055.81 2187
24055.81 2188
24055.81 2189
24055.81 2190
24055.81 2191
24055.81 2192
24055.81 2193
24055.81 2194
24055.81 2195
24055.81 2196
24055.81 2197
24055.81 2198
24055.81 2199
24055.81 2200
24055.81 2201
24055.81 2202
24055.81 2203
24055.81 2204
24055.81 2205
24055.81 2206
24055.81 2207
24055.81 2208
24055.81 2209
24055.81 2210
24055.81 2211
24055.81 2212
24055.81 2213
24055.81 2214
24055.81 2215
24055.81 2216
24055.81 2217
24055.81 2218
24055.81 2219
24055.81 2220
24055.81 2221
24055.81 2222
24055.81 2223
24055.81 2224
24055.81 2225
24055.81 2226
24055.81 2227
24055.81 2228
24055.81 2229
24055.81 2230
24055.81 2231
24055.81 2232
24055.81 2233
24055.81 2234
24055.81 2235
24055.81 2236
24055.81 2237
24055.81 2238
24055.81 2239
24055.81 2240
24055.81 2241
24055.81 2242
24055.81 2243
24055.81 2244
24055.81 2245
24055.81 2246
24055.81 2247
24055.81 2248
24055.81 2249
24055.81 2250
24055.81 2251
24055.81 2252
24055.81 2253
24055.81 2254
24055.81 2255
24055.81 2256
24055.81 2257
24055.81 2258
24055.81 2259
24055.81 2260
24055.81 2261
24055.81 2262
24055.81 2263
24055.81 2264
24055.81 2265
24055.81 2266
24055.81 2267
24055.81 2268
24055.81 2269
24055.81 2270
24055.81 2271
24055.81 2272
24055.81 2273
24055.81 2274
24055.81 2275
24055.81 2276
24055.81 2277
24055.81 2278
24055.81 2279
24055.81 2280
24055.81 2281
24055.81 2282
24055.81 2283
24055.81 2284
24055.81 2285
24055.81 2286
24055.81 2287
24055.81 2288
24055.81 2289
24055.81 2290
24055.81 2291
24055.81 2292
24055.81 2293
24055.81 2294
24055.81 2295
24055.81 2296
24055.81 2297
24055.81 2298
24055.81 2299
24055.81 2300
24055.81 2301
24055.81 2302
24055.81 2303
24055.81 2304
24055.81 2305
24055.81 2306
24055.81 2307
24055.81 2308
24055.81 2309
24055.81 2310
24055.81 2311
24055.81 2312
24055.81 2313
24055.81 2314
24055.81 2315
24055.81 2316
24055.81 2317
24055.81 2318
24055.81 2319
24055.81 2320
24055.81 2321
24055.81 2322
24055.81 2323
24055.81 2324
24055.81 2325
24055.81 2326
24055.81 2327
24055.81 2328
24055.81 2329
24055.81 2330
24055.81 2331
24055.81 2332
24055.81 2333
24055.81 2334
24055.81 2335
24055.81 2336
24055.81 2337
24055.81 2338
24055.81 2339
24055.81 2340
24055.81 2341
24055.81 2342
24055.81 2343
24055.81 2344
24055.81 2345
24055.81 2346
24055.81 2347
24055.81 2348
24055.81 2349
24055.81 2350
24055.81 2351
24055.81 2352
24055.81 2353
24055.81 2354
24055.81 2355
24055.81 2356
24055.81 2357
24055.81 2358
24055.81 2359
24055.81 2360
24055.81 2361
24055.81 2362
24055.81 2363
24055.81 2364
24055.81 2365
24055.81 2366
24055.81 2367
24055.81 2368
24055.81 2369
24055.81 2370
24055.81 2371
24055.81 2372
24055.81 2373
24055.81 2374
24055.81 2375
24055.81 2376
24055.81 2377
24055.81 2378
24055.81 2379
24055.81 2380
24055.81 2381
24055.81 2382
24055.81 2383
24055.81 2384
24055.81 2385
24055.81 2386
24055.81 2387
24055.81 2388
24055.81 2389
24055.81 2390
24055.81 2391
24055.81 2392
24055.81 2393
24055.81 2394
24055.81 2395
24055.81 2396
24055.81 2397
24055.81 2398
24055.81 2399
24055.81 2400
24055.81 2401
24055.81 2402
24055.81 2403
24055.81 2404
24055.81 2405
24055.81 2406
24055.81 2407
24055.81 2408
24055.81 2409
24055.81 2410
24055.81 2411
24055.81 2412
24055.81 2413
24055.81 2414
24055.81 2415
24055.81 2416
24055.81 2417
24055.81 2418
24055.81 2419
24055.81 2420
24055.81 2421
24055.81 2422
24055.81 2423
24055.81 2424
24055.81 2425
24055.81 2426
24055.81 2427
24055.81 2428
24055.81 2429
24055.81 2430
24055.81 2431
24055.81 2432
24055.81 2433
24055.81 2434
24055.81 2435
24055.81 2436
24055.81 2437
24055.81 2438
24055.81 2439
24055.81 2440
24055.81 2441
24055.81 2442
24055.81 2443
24055.81 2444
24055.81 2445
24055.81 2446
24055.81 2447
24055.81 2448
24055.81 2449
24055.81 2450
24055.81 2451
24055.81 2452
24055.81 2453
24055.81 2454
24055.81 2455
24055.81 2456
24055.81 2457
24055.81 2458
24055.81 2459
24055.81 2460
24055.81 2461
24055.81 2462
24055.81 2463
24055.81 2464
24055.81 2465
24055.81 2466
24055.81 2467
24055.81 2468
24055.81 2469
24055.81 2470
24055.81 2471
24055.81 2472
24055.81 2473
24055.81 2474
24055.81 2475
24055.81 2476
24055.81 2477
24055.81 2478
24055.81 2479
24055.81 2480
24055.81 2481
24055.81 2482
24055.81 2483
24055.81 2484
24055.81 2485
24055.81 2486
24055.81 2487
24055.81 2488
24055.81 2489
24055.81 2490
24055.81 2491
24055.81 2492
24055.81 2493
24055.81 2494
24055.81 2495
24055.81 2496
24055.81 2497
24055.81 2498
24055.81 2499
24055.81 2500
24055.81 2501
24055.81 2502
24055.81 2503
24055.81 2504
24055.81 2505
24055.81 2506
24055.81 2507
24055.81 2508
24055.81 2509
24055.81 2510
24055.81 2511
24055.81 2512
24055.81 2513
24055.81 2514
24055.81 2515
24055.81 2516
24055.81 2517
24055.81 2518
24055.81 2519
24055.81 2520
24055.81 2521
24055.81 2522
24055.81 2523
24055.81 2524
24055.81 2525
24055.81 2526
24055.81 2527
24055.81 2528
24055.81 2529
24055.81 2530
24055.81 2531
24055.81 2532
24055.81 2533
24055.81 2534
24055.81 2535
24055.81 2536
24055.81 2537
24055.81 2538
24055.81 2539
24055.81 2540
24055.81 2541
24055.81 2542
24055.81 2543
24055.81 2544
24055.81 2545
24055.81 2546
24055.81 2547
24055.81 2548
24055.81 2549
24055.81 2550
24055.81 2551
24055.81 2552
24055.81 2553
24055.81 2554
24055.81 2555
24055.81 2556
24055.81 2557
24055.81 2558
24055.81 2559
24055.81 2560
24055.81 2561
24055.81 2562
24055.81 2563
24055.81 2564
24055.81 2565
24055.81 2566
24055.81 2567
24055.81 2568
24055.81 2569
24055.81 2570
24055.81 2571
24055.81 2572
24055.81 2573
24055.81 2574
24055.81 2575
24055.81 2576
24055.81 2577
24055.81 2578
24055.81 2579
24055.81 2580
24055.81 2581
24055.81 2582
24055.81 2583
24055.81 2584
24055.81 2585
24055.81 2586
24055.81 2587
24055.81 2588
24055.81 2589
24055.81 2590
24055.81 2591
24055.81 2592
24055.81 2593
24055.81 2594
24055.81 2595
24055.81 2596
24055.81 2597
24055.81 2598
24055.81 2599
24055.81 2600
24055.81 2601
24055.81 2602
24055.81 2603
24055.81 2604
24055.81 2605
24055.81 2606
24055.81 2607
24055.81 2608
24055.81 2609
24055.81 2610
24055.81 2611
24055.81 2612
24055.81 2613
24055.81 2614
24055.81 2615
24055.81 2616
24055.81 2617
24055.81 2618
24055.81 2619
24055.81 2620
24055.81 2621
24055.81 2622
24055.81 2623
24055.81 2624
24055.81 2625
24055.81 2626
24055.81 2627
24055.81 2628
24055.81 2629
24055.81 2630
24055.81 2631
24055.81 2632
24055.81 2633
24055.81 2634
24055.81 2635
24055.81 2636
24055.81 2637
24055.81 2638
24055.81 2639
24055.81 2640
24055.81 2641
24055.81 2642
24055.81 2643
24055.81 2644
24055.81 2645
24055.81 2646
24055.81 2647
24055.81 2648
24055.81 2649
24055.81 2650
24055.81 2651
24055.81 2652
24055.81 2653
24055.81 2654
24055.81 2655
24055.81 2656
24055.81 2657
24055.81 2658
24055.81 2659
24055.81 2660
24055.81 2661
24055.81 2662
24055.81 2663
24055.81 2664
24055.81 2665
24055.81 2666
24055.81 2667
24055.81 2668
24055.81 2669
24055.81 2670
24055.81 2671
24055.81 2672
24055.81 2673
24055.81 2674
24055.81 2675
24055.81 2676
24055.81 2677
24055.81 2678
24055.81 2679
24055.81 2680
24055.81 2681
24055.81 2682
24055.81 2683
24055.81 2684
24055.81 2685
24055.81 2686
24055.81 2687
24055.81 2688
24055.81 2689
24055.81 2690
24055.81 2691
24055.81 2692
24055.81 2693
24055.81 2694
24055.81 2695
24055.81 2696
24055.81 2697
24055.81 2698
24055.81 2699
24055.81 2700
24055.81 2701
24055.81 2702
24055.81 2703
24055.81 2704
24055.81 2705
24055.81 2706
24055.81 2707
24055.81 2708
24055.81 2709
24055.81 2710
24055.81 2711
24055.81 2712
24055.81 2713
24055.81 2714
24055.81 2715
24055.81 2716
24055.81 2717
24055.81 2718
24055.81 2719
24055.81 2720
24055.81 2721
24055.81 2722
24055.81 2723
24055.81 2724
24055.81 2725
24055.81 2726
24055.81 2727
24055.81 2728
24055.81 2729
24055.81 2730
24055.81 2731
24055.81 2732
24055.81 2733
24055.81 2734
24055.81 2735
24055.81 2736
24055.81 2737
24055.81 2738
24055.81 2739
24055.81 2740
24055.81 2741
24055.81 2742
24055.81 2743
24055.81 2744
24055.81 2745
24055.81 2746
24055.81 2747
24055.81 2748
24055.81 2749
24055.81 2750
24055.81 2751
24055.81 2752
24055.81 2753
24055.81 2754
24055.81 2755
24055.81 2756
24055.81 2757
24055.81 2758
24055.81 2759
24055.81 2760
24055.81 2761
24055.81 2762
24055.81 2763
24055.81 2764
24055.81 2765
24055.81 2766
24055.81 2767
24055.81 2768
24055.81 2769
24055.81 2770
24055.81 2771
24055.81 2772
24055.81 2773
24055.81 2774
24055.81 2775
24055.81 2776
24055.81 2777
24055.81 2778
24055.81 2779
24055.81 2780
24055.81 2781
24055.81 2782
24055.81 2783
24055.81 2784
24055.81 2785
24055.81 2786
24055.81 2787
24055.81 2788
24055.81 2789
24055.81 2790
24055.81 2791
24055.81 2792
24055.81 2793
24055.81 2794
24055.81 2795
24055.81 2796
24055.81 2797
24055.81 2798
24055.81 2799
24055.81 2800
24055.81 2801
24055.81 2802
24055.81 2803
24055.81 2804
24055.81 2805
24055.81 2806
24055.81 2807
24055.81 2808
24055.81 2809
24055.81 2810
24055.81 2811
24055.81 2812
24055.81 2813
24055.81 2814
24055.81 2815
24055.81 2816
24055.81 2817
24055.81 2818
24055.81 2819
24055.81 2820
24055.81 2821
24055.81 2822
24055.81 2823
24055.81 2824
24055.81 2825
24055.81 2826
24055.81 2827
24055.81 2828
24055.81 2829
24055.81 2830
24055.81 2831
24055.81 2832
24055.81 2833
24055.81 2834
24055.81 2835
24055.81 2836
24055.81 2837
24055.81 2838
24055.81 2839
24055.81 2840
24055.81 2841
24055.81 2842
24055.81 2843
24055.81 2844
24055.81 2845
24055.81 2846
24055.81 2847
24055.81 2848
24055.81 2849
24055.81 2850
24055.81 2851
24055.81 2852
24055.81 2853
24055.81 2854
24055.81 2855
24055.81 2856
24055.81 2857
24055.81 2858
24055.81 2859
24055.81 2860
24055.81 2861
24055.81 2862
24055.81 2863
24055.81 2864
24055.81 2865
24055.81 2866
24055.81 2867
24055.81 2868
24055.81 2869
24055.81 2870
24055.81 2871
24055.81 2872
24055.81 2873
24055.81 2874
24055.81 2875
24055.81 2876
24055.81 2877
24055.81 2878
24055.81 2879
24055.81 2880
24055.81 2881
24055.81 2882
24055.81 2883
24055.81 2884
24055.81 2885
24055.81 2886
24055.81 2887
24055.81 2888
24055.81 2889
24055.81 2890
