# H/nR [K], depth [km]
84195.33 1
84195.33 2
84195.33 3
84195.33 4
84195.33 5
84195.33 6
84195.33 7
84195.33 8
84195.33 9
84195.33 10
84195.33 11
84195.33 12
84195.33 13
84195.33 14
84195.33 15
84195.33 16
84195.33 17
84195.33 18
84195.33 19
84195.33 20
84195.33 21
84195.33 22
84195.33 23
84195.33 24
84195.33 25
84195.33 26
84195.33 27
84195.33 28
84195.33 29
84195.33 30
84195.33 31
84195.33 32
84195.33 33
84195.33 34
84195.33 35
84195.33 36
84195.33 37
84195.33 38
84195.33 39
84195.33 40
84195.33 41
84195.33 42
84195.33 43
84195.33 44
84195.33 45
84195.33 46
84195.33 47
84195.33 48
84195.33 49
84195.33 50
84195.33 51
84195.33 52
84195.33 53
84195.33 54
84195.33 55
84195.33 56
84195.33 57
84195.33 58
84195.33 59
84195.33 60
84195.33 61
84195.33 62
84195.33 63
84195.33 64
84195.33 65
84195.33 66
84195.33 67
84195.33 68
84195.33 69
84195.33 70
84195.33 71
84195.33 72
84195.33 73
84195.33 74
84195.33 75
84195.33 76
84195.33 77
84195.33 78
84195.33 79
84195.33 80
84195.33 81
84195.33 82
84195.33 83
84195.33 84
84195.33 85
84195.33 86
84195.33 87
84195.33 88
84195.33 89
84195.33 90
84195.33 91
84195.33 92
84195.33 93
84195.33 94
84195.33 95
84195.33 96
84195.33 97
84195.33 98
84195.33 99
84195.33 100
84195.33 101
84195.33 102
84195.33 103
84195.33 104
84195.33 105
84195.33 106
84195.33 107
84195.33 108
84195.33 109
84195.33 110
84195.33 111
84195.33 112
84195.33 113
84195.33 114
84195.33 115
84195.33 116
84195.33 117
84195.33 118
84195.33 119
84195.33 120
84195.33 121
84195.33 122
84195.33 123
84195.33 124
84195.33 125
84195.33 126
84195.33 127
84195.33 128
84195.33 129
84195.33 130
84195.33 131
84195.33 132
84195.33 133
84195.33 134
84195.33 135
84195.33 136
84195.33 137
84195.33 138
84195.33 139
84195.33 140
84195.33 141
84195.33 142
84195.33 143
84195.33 144
84195.33 145
84195.33 146
84195.33 147
84195.33 148
84195.33 149
84195.33 150
84195.33 151
84195.33 152
84195.33 153
84195.33 154
84195.33 155
84195.33 156
84195.33 157
84195.33 158
84195.33 159
84195.33 160
84195.33 161
84195.33 162
84195.33 163
84195.33 164
84195.33 165
84195.33 166
84195.33 167
84195.33 168
84195.33 169
84195.33 170
84195.33 171
84195.33 172
84195.33 173
84195.33 174
84195.33 175
84195.33 176
84195.33 177
84195.33 178
84195.33 179
84195.33 180
84195.33 181
84195.33 182
84195.33 183
84195.33 184
84195.33 185
84195.33 186
84195.33 187
84195.33 188
84195.33 189
84195.33 190
84195.33 191
84195.33 192
84195.33 193
84195.33 194
84195.33 195
84195.33 196
84195.33 197
84195.33 198
84195.33 199
84195.33 200
84195.33 201
84195.33 202
84195.33 203
84195.33 204
84195.33 205
84195.33 206
84195.33 207
84195.33 208
84195.33 209
84195.33 210
84195.33 211
84195.33 212
84195.33 213
84195.33 214
84195.33 215
84195.33 216
84195.33 217
84195.33 218
84195.33 219
84195.33 220
84195.33 221
84195.33 222
84195.33 223
84195.33 224
84195.33 225
84195.33 226
84195.33 227
84195.33 228
84195.33 229
84195.33 230
84195.33 231
84195.33 232
84195.33 233
84195.33 234
84195.33 235
84195.33 236
84195.33 237
84195.33 238
84195.33 239
84195.33 240
84195.33 241
84195.33 242
84195.33 243
84195.33 244
84195.33 245
84195.33 246
84195.33 247
84195.33 248
84195.33 249
84195.33 250
84195.33 251
84195.33 252
84195.33 253
84195.33 254
84195.33 255
84195.33 256
84195.33 257
84195.33 258
84195.33 259
84195.33 260
84195.33 261
84195.33 262
84195.33 263
84195.33 264
84195.33 265
84195.33 266
84195.33 267
84195.33 268
84195.33 269
84195.33 270
84195.33 271
84195.33 272
84195.33 273
84195.33 274
84195.33 275
84195.33 276
84195.33 277
84195.33 278
84195.33 279
84195.33 280
84195.33 281
84195.33 282
84195.33 283
84195.33 284
84195.33 285
84195.33 286
84195.33 287
84195.33 288
84195.33 289
84195.33 290
84195.33 291
84195.33 292
84195.33 293
84195.33 294
84195.33 295
84195.33 296
84195.33 297
84195.33 298
84195.33 299
84195.33 300
84195.33 301
84195.33 302
84195.33 303
84195.33 304
84195.33 305
84195.33 306
84195.33 307
84195.33 308
84195.33 309
84195.33 310
84195.33 311
84195.33 312
84195.33 313
84195.33 314
84195.33 315
84195.33 316
84195.33 317
84195.33 318
84195.33 319
84195.33 320
84195.33 321
84195.33 322
84195.33 323
84195.33 324
84195.33 325
84195.33 326
84195.33 327
84195.33 328
84195.33 329
84195.33 330
84195.33 331
84195.33 332
84195.33 333
84195.33 334
84195.33 335
84195.33 336
84195.33 337
84195.33 338
84195.33 339
84195.33 340
84195.33 341
84195.33 342
84195.33 343
84195.33 344
84195.33 345
84195.33 346
84195.33 347
84195.33 348
84195.33 349
84195.33 350
84195.33 351
84195.33 352
84195.33 353
84195.33 354
84195.33 355
84195.33 356
84195.33 357
84195.33 358
84195.33 359
84195.33 360
84195.33 361
84195.33 362
84195.33 363
84195.33 364
84195.33 365
84195.33 366
84195.33 367
84195.33 368
84195.33 369
84195.33 370
84195.33 371
84195.33 372
84195.33 373
84195.33 374
84195.33 375
84195.33 376
84195.33 377
84195.33 378
84195.33 379
84195.33 380
84195.33 381
84195.33 382
84195.33 383
84195.33 384
84195.33 385
84195.33 386
84195.33 387
84195.33 388
84195.33 389
84195.33 390
84195.33 391
84195.33 392
84195.33 393
84195.33 394
84195.33 395
84195.33 396
84195.33 397
84195.33 398
84195.33 399
84195.33 400
84195.33 401
84195.33 402
84195.33 403
84195.33 404
84195.33 405
84195.33 406
84195.33 407
84195.33 408
84195.33 409
84195.33 410
84195.33 411
84195.33 412
84195.33 413
84195.33 414
84195.33 415
84195.33 416
84195.33 417
84195.33 418
84195.33 419
84195.33 420
84195.33 421
84195.33 422
84195.33 423
84195.33 424
84195.33 425
84195.33 426
84195.33 427
84195.33 428
84195.33 429
84195.33 430
84195.33 431
84195.33 432
84195.33 433
84195.33 434
84195.33 435
84195.33 436
84195.33 437
84195.33 438
84195.33 439
84195.33 440
84195.33 441
84195.33 442
84195.33 443
84195.33 444
84195.33 445
84195.33 446
84195.33 447
84195.33 448
84195.33 449
84195.33 450
84195.33 451
84195.33 452
84195.33 453
84195.33 454
84195.33 455
84195.33 456
84195.33 457
84195.33 458
84195.33 459
84195.33 460
84195.33 461
84195.33 462
84195.33 463
84195.33 464
84195.33 465
84195.33 466
84195.33 467
84195.33 468
84195.33 469
84195.33 470
84195.33 471
84195.33 472
84195.33 473
84195.33 474
84195.33 475
84195.33 476
84195.33 477
84195.33 478
84195.33 479
84195.33 480
84195.33 481
84195.33 482
84195.33 483
84195.33 484
84195.33 485
84195.33 486
84195.33 487
84195.33 488
84195.33 489
84195.33 490
84195.33 491
84195.33 492
84195.33 493
84195.33 494
84195.33 495
84195.33 496
84195.33 497
84195.33 498
84195.33 499
84195.33 500
84195.33 501
84195.33 502
84195.33 503
84195.33 504
84195.33 505
84195.33 506
84195.33 507
84195.33 508
84195.33 509
84195.33 510
84195.33 511
84195.33 512
84195.33 513
84195.33 514
84195.33 515
84195.33 516
84195.33 517
84195.33 518
84195.33 519
84195.33 520
84195.33 521
84195.33 522
84195.33 523
84195.33 524
84195.33 525
84195.33 526
84195.33 527
84195.33 528
84195.33 529
84195.33 530
84195.33 531
84195.33 532
84195.33 533
84195.33 534
84195.33 535
84195.33 536
84195.33 537
84195.33 538
84195.33 539
84195.33 540
84195.33 541
84195.33 542
84195.33 543
84195.33 544
84195.33 545
84195.33 546
84195.33 547
84195.33 548
84195.33 549
84195.33 550
84195.33 551
84195.33 552
84195.33 553
84195.33 554
84195.33 555
84195.33 556
84195.33 557
84195.33 558
84195.33 559
84195.33 560
84195.33 561
84195.33 562
84195.33 563
84195.33 564
84195.33 565
84195.33 566
84195.33 567
84195.33 568
84195.33 569
84195.33 570
84195.33 571
84195.33 572
84195.33 573
84195.33 574
84195.33 575
84195.33 576
84195.33 577
84195.33 578
84195.33 579
84195.33 580
84195.33 581
84195.33 582
84195.33 583
84195.33 584
84195.33 585
84195.33 586
84195.33 587
84195.33 588
84195.33 589
84195.33 590
84195.33 591
84195.33 592
84195.33 593
84195.33 594
84195.33 595
84195.33 596
84195.33 597
84195.33 598
84195.33 599
84195.33 600
84195.33 601
84195.33 602
84195.33 603
84195.33 604
84195.33 605
84195.33 606
84195.33 607
84195.33 608
84195.33 609
84195.33 610
84195.33 611
84195.33 612
84195.33 613
84195.33 614
84195.33 615
84195.33 616
84195.33 617
84195.33 618
84195.33 619
84195.33 620
84195.33 621
84195.33 622
84195.33 623
84195.33 624
84195.33 625
84195.33 626
84195.33 627
84195.33 628
84195.33 629
84195.33 630
84195.33 631
84195.33 632
84195.33 633
84195.33 634
84195.33 635
84195.33 636
84195.33 637
84195.33 638
84195.33 639
84195.33 640
84195.33 641
84195.33 642
84195.33 643
84195.33 644
84195.33 645
84195.33 646
84195.33 647
84195.33 648
84195.33 649
84195.33 650
84195.33 651
84195.33 652
84195.33 653
84195.33 654
84195.33 655
84195.33 656
84195.33 657
84195.33 658
84195.33 659
84195.33 660
24055.81 661
24055.81 662
24055.81 663
24055.81 664
24055.81 665
24055.81 666
24055.81 667
24055.81 668
24055.81 669
24055.81 670
24055.81 671
24055.81 672
24055.81 673
24055.81 674
24055.81 675
24055.81 676
24055.81 677
24055.81 678
24055.81 679
24055.81 680
24055.81 681
24055.81 682
24055.81 683
24055.81 684
24055.81 685
24055.81 686
24055.81 687
24055.81 688
24055.81 689
24055.81 690
24055.81 691
24055.81 692
24055.81 693
24055.81 694
24055.81 695
24055.81 696
24055.81 697
24055.81 698
24055.81 699
24055.81 700
24055.81 701
24055.81 702
24055.81 703
24055.81 704
24055.81 705
24055.81 706
24055.81 707
24055.81 708
24055.81 709
24055.81 710
24055.81 711
24055.81 712
24055.81 713
24055.81 714
24055.81 715
24055.81 716
24055.81 717
24055.81 718
24055.81 719
24055.81 720
24055.81 721
24055.81 722
24055.81 723
24055.81 724
24055.81 725
24055.81 726
24055.81 727
24055.81 728
24055.81 729
24055.81 730
24055.81 731
24055.81 732
24055.81 733
24055.81 734
24055.81 735
24055.81 736
24055.81 737
24055.81 738
24055.81 739
24055.81 740
24055.81 741
24055.81 742
24055.81 743
24055.81 744
24055.81 745
24055.81 746
24055.81 747
24055.81 748
24055.81 749
24055.81 750
24055.81 751
24055.81 752
24055.81 753
24055.81 754
24055.81 755
24055.81 756
24055.81 757
24055.81 758
24055.81 759
24055.81 760
24055.81 761
24055.81 762
24055.81 763
24055.81 764
24055.81 765
24055.81 766
24055.81 767
24055.81 768
24055.81 769
24055.81 770
24055.81 771
24055.81 772
24055.81 773
24055.81 774
24055.81 775
24055.81 776
24055.81 777
24055.81 778
24055.81 779
24055.81 780
24055.81 781
24055.81 782
24055.81 783
24055.81 784
24055.81 785
24055.81 786
24055.81 787
24055.81 788
24055.81 789
24055.81 790
24055.81 791
24055.81 792
24055.81 793
24055.81 794
24055.81 795
24055.81 796
24055.81 797
24055.81 798
24055.81 799
24055.81 800
24055.81 801
24055.81 802
24055.81 803
24055.81 804
24055.81 805
24055.81 806
24055.81 807
24055.81 808
24055.81 809
24055.81 810
24055.81 811
24055.81 812
24055.81 813
24055.81 814
24055.81 815
24055.81 816
24055.81 817
24055.81 818
24055.81 819
24055.81 820
24055.81 821
24055.81 822
24055.81 823
24055.81 824
24055.81 825
24055.81 826
24055.81 827
24055.81 828
24055.81 829
24055.81 830
24055.81 831
24055.81 832
24055.81 833
24055.81 834
24055.81 835
24055.81 836
24055.81 837
24055.81 838
24055.81 839
24055.81 840
24055.81 841
24055.81 842
24055.81 843
24055.81 844
24055.81 845
24055.81 846
24055.81 847
24055.81 848
24055.81 849
24055.81 850
24055.81 851
24055.81 852
24055.81 853
24055.81 854
24055.81 855
24055.81 856
24055.81 857
24055.81 858
24055.81 859
24055.81 860
24055.81 861
24055.81 862
24055.81 863
24055.81 864
24055.81 865
24055.81 866
24055.81 867
24055.81 868
24055.81 869
24055.81 870
24055.81 871
24055.81 872
24055.81 873
24055.81 874
24055.81 875
24055.81 876
24055.81 877
24055.81 878
24055.81 879
24055.81 880
24055.81 881
24055.81 882
24055.81 883
24055.81 884
24055.81 885
24055.81 886
24055.81 887
24055.81 888
24055.81 889
24055.81 890
24055.81 891
24055.81 892
24055.81 893
24055.81 894
24055.81 895
24055.81 896
24055.81 897
24055.81 898
24055.81 899
24055.81 900
24055.81 901
24055.81 902
24055.81 903
24055.81 904
24055.81 905
24055.81 906
24055.81 907
24055.81 908
24055.81 909
24055.81 910
24055.81 911
24055.81 912
24055.81 913
24055.81 914
24055.81 915
24055.81 916
24055.81 917
24055.81 918
24055.81 919
24055.81 920
24055.81 921
24055.81 922
24055.81 923
24055.81 924
24055.81 925
24055.81 926
24055.81 927
24055.81 928
24055.81 929
24055.81 930
24055.81 931
24055.81 932
24055.81 933
24055.81 934
24055.81 935
24055.81 936
24055.81 937
24055.81 938
24055.81 939
24055.81 940
24055.81 941
24055.81 942
24055.81 943
24055.81 944
24055.81 945
24055.81 946
24055.81 947
24055.81 948
24055.81 949
24055.81 950
24055.81 951
24055.81 952
24055.81 953
24055.81 954
24055.81 955
24055.81 956
24055.81 957
24055.81 958
24055.81 959
24055.81 960
24055.81 961
24055.81 962
24055.81 963
24055.81 964
24055.81 965
24055.81 966
24055.81 967
24055.81 968
24055.81 969
24055.81 970
24055.81 971
24055.81 972
24055.81 973
24055.81 974
24055.81 975
24055.81 976
24055.81 977
24055.81 978
24055.81 979
24055.81 980
24055.81 981
24055.81 982
24055.81 983
24055.81 984
24055.81 985
24055.81 986
24055.81 987
24055.81 988
24055.81 989
24055.81 990
24055.81 991
24055.81 992
24055.81 993
24055.81 994
24055.81 995
24055.81 996
24055.81 997
24055.81 998
24055.81 999
24055.81 1000
24055.81 1001
24055.81 1002
24055.81 1003
24055.81 1004
24055.81 1005
24055.81 1006
24055.81 1007
24055.81 1008
24055.81 1009
24055.81 1010
24055.81 1011
24055.81 1012
24055.81 1013
24055.81 1014
24055.81 1015
24055.81 1016
24055.81 1017
24055.81 1018
24055.81 1019
24055.81 1020
24055.81 1021
24055.81 1022
24055.81 1023
24055.81 1024
24055.81 1025
24055.81 1026
24055.81 1027
24055.81 1028
24055.81 1029
24055.81 1030
24055.81 1031
24055.81 1032
24055.81 1033
24055.81 1034
24055.81 1035
24055.81 1036
24055.81 1037
24055.81 1038
24055.81 1039
24055.81 1040
24055.81 1041
24055.81 1042
24055.81 1043
24055.81 1044
24055.81 1045
24055.81 1046
24055.81 1047
24055.81 1048
24055.81 1049
24055.81 1050
24055.81 1051
24055.81 1052
24055.81 1053
24055.81 1054
24055.81 1055
24055.81 1056
24055.81 1057
24055.81 1058
24055.81 1059
24055.81 1060
24055.81 1061
24055.81 1062
24055.81 1063
24055.81 1064
24055.81 1065
24055.81 1066
24055.81 1067
24055.81 1068
24055.81 1069
24055.81 1070
24055.81 1071
24055.81 1072
24055.81 1073
24055.81 1074
24055.81 1075
24055.81 1076
24055.81 1077
24055.81 1078
24055.81 1079
24055.81 1080
24055.81 1081
24055.81 1082
24055.81 1083
24055.81 1084
24055.81 1085
24055.81 1086
24055.81 1087
24055.81 1088
24055.81 1089
24055.81 1090
24055.81 1091
24055.81 1092
24055.81 1093
24055.81 1094
24055.81 1095
24055.81 1096
24055.81 1097
24055.81 1098
24055.81 1099
24055.81 1100
24055.81 1101
24055.81 1102
24055.81 1103
24055.81 1104
24055.81 1105
24055.81 1106
24055.81 1107
24055.81 1108
24055.81 1109
24055.81 1110
24055.81 1111
24055.81 1112
24055.81 1113
24055.81 1114
24055.81 1115
24055.81 1116
24055.81 1117
24055.81 1118
24055.81 1119
24055.81 1120
24055.81 1121
24055.81 1122
24055.81 1123
24055.81 1124
24055.81 1125
24055.81 1126
24055.81 1127
24055.81 1128
24055.81 1129
24055.81 1130
24055.81 1131
24055.81 1132
24055.81 1133
24055.81 1134
24055.81 1135
24055.81 1136
24055.81 1137
24055.81 1138
24055.81 1139
24055.81 1140
24055.81 1141
24055.81 1142
24055.81 1143
24055.81 1144
24055.81 1145
24055.81 1146
24055.81 1147
24055.81 1148
24055.81 1149
24055.81 1150
24055.81 1151
24055.81 1152
24055.81 1153
24055.81 1154
24055.81 1155
24055.81 1156
24055.81 1157
24055.81 1158
24055.81 1159
24055.81 1160
24055.81 1161
24055.81 1162
24055.81 1163
24055.81 1164
24055.81 1165
24055.81 1166
24055.81 1167
24055.81 1168
24055.81 1169
24055.81 1170
24055.81 1171
24055.81 1172
24055.81 1173
24055.81 1174
24055.81 1175
24055.81 1176
24055.81 1177
24055.81 1178
24055.81 1179
24055.81 1180
24055.81 1181
24055.81 1182
24055.81 1183
24055.81 1184
24055.81 1185
24055.81 1186
24055.81 1187
24055.81 1188
24055.81 1189
24055.81 1190
24055.81 1191
24055.81 1192
24055.81 1193
24055.81 1194
24055.81 1195
24055.81 1196
24055.81 1197
24055.81 1198
24055.81 1199
24055.81 1200
24055.81 1201
24055.81 1202
24055.81 1203
24055.81 1204
24055.81 1205
24055.81 1206
24055.81 1207
24055.81 1208
24055.81 1209
24055.81 1210
24055.81 1211
24055.81 1212
24055.81 1213
24055.81 1214
24055.81 1215
24055.81 1216
24055.81 1217
24055.81 1218
24055.81 1219
24055.81 1220
24055.81 1221
24055.81 1222
24055.81 1223
24055.81 1224
24055.81 1225
24055.81 1226
24055.81 1227
24055.81 1228
24055.81 1229
24055.81 1230
24055.81 1231
24055.81 1232
24055.81 1233
24055.81 1234
24055.81 1235
24055.81 1236
24055.81 1237
24055.81 1238
24055.81 1239
24055.81 1240
24055.81 1241
24055.81 1242
24055.81 1243
24055.81 1244
24055.81 1245
24055.81 1246
24055.81 1247
24055.81 1248
24055.81 1249
24055.81 1250
24055.81 1251
24055.81 1252
24055.81 1253
24055.81 1254
24055.81 1255
24055.81 1256
24055.81 1257
24055.81 1258
24055.81 1259
24055.81 1260
24055.81 1261
24055.81 1262
24055.81 1263
24055.81 1264
24055.81 1265
24055.81 1266
24055.81 1267
24055.81 1268
24055.81 1269
24055.81 1270
24055.81 1271
24055.81 1272
24055.81 1273
24055.81 1274
24055.81 1275
24055.81 1276
24055.81 1277
24055.81 1278
24055.81 1279
24055.81 1280
24055.81 1281
24055.81 1282
24055.81 1283
24055.81 1284
24055.81 1285
24055.81 1286
24055.81 1287
24055.81 1288
24055.81 1289
24055.81 1290
24055.81 1291
24055.81 1292
24055.81 1293
24055.81 1294
24055.81 1295
24055.81 1296
24055.81 1297
24055.81 1298
24055.81 1299
24055.81 1300
24055.81 1301
24055.81 1302
24055.81 1303
24055.81 1304
24055.81 1305
24055.81 1306
24055.81 1307
24055.81 1308
24055.81 1309
24055.81 1310
24055.81 1311
24055.81 1312
24055.81 1313
24055.81 1314
24055.81 1315
24055.81 1316
24055.81 1317
24055.81 1318
24055.81 1319
24055.81 1320
24055.81 1321
24055.81 1322
24055.81 1323
24055.81 1324
24055.81 1325
24055.81 1326
24055.81 1327
24055.81 1328
24055.81 1329
24055.81 1330
24055.81 1331
24055.81 1332
24055.81 1333
24055.81 1334
24055.81 1335
24055.81 1336
24055.81 1337
24055.81 1338
24055.81 1339
24055.81 1340
24055.81 1341
24055.81 1342
24055.81 1343
24055.81 1344
24055.81 1345
24055.81 1346
24055.81 1347
24055.81 1348
24055.81 1349
24055.81 1350
24055.81 1351
24055.81 1352
24055.81 1353
24055.81 1354
24055.81 1355
24055.81 1356
24055.81 1357
24055.81 1358
24055.81 1359
24055.81 1360
24055.81 1361
24055.81 1362
24055.81 1363
24055.81 1364
24055.81 1365
24055.81 1366
24055.81 1367
24055.81 1368
24055.81 1369
24055.81 1370
24055.81 1371
24055.81 1372
24055.81 1373
24055.81 1374
24055.81 1375
24055.81 1376
24055.81 1377
24055.81 1378
24055.81 1379
24055.81 1380
24055.81 1381
24055.81 1382
24055.81 1383
24055.81 1384
24055.81 1385
24055.81 1386
24055.81 1387
24055.81 1388
24055.81 1389
24055.81 1390
24055.81 1391
24055.81 1392
24055.81 1393
24055.81 1394
24055.81 1395
24055.81 1396
24055.81 1397
24055.81 1398
24055.81 1399
24055.81 1400
24055.81 1401
24055.81 1402
24055.81 1403
24055.81 1404
24055.81 1405
24055.81 1406
24055.81 1407
24055.81 1408
24055.81 1409
24055.81 1410
24055.81 1411
24055.81 1412
24055.81 1413
24055.81 1414
24055.81 1415
24055.81 1416
24055.81 1417
24055.81 1418
24055.81 1419
24055.81 1420
24055.81 1421
24055.81 1422
24055.81 1423
24055.81 1424
24055.81 1425
24055.81 1426
24055.81 1427
24055.81 1428
24055.81 1429
24055.81 1430
24055.81 1431
24055.81 1432
24055.81 1433
24055.81 1434
24055.81 1435
24055.81 1436
24055.81 1437
24055.81 1438
24055.81 1439
24055.81 1440
24055.81 1441
24055.81 1442
24055.81 1443
24055.81 1444
24055.81 1445
24055.81 1446
24055.81 1447
24055.81 1448
24055.81 1449
24055.81 1450
24055.81 1451
24055.81 1452
24055.81 1453
24055.81 1454
24055.81 1455
24055.81 1456
24055.81 1457
24055.81 1458
24055.81 1459
24055.81 1460
24055.81 1461
24055.81 1462
24055.81 1463
24055.81 1464
24055.81 1465
24055.81 1466
24055.81 1467
24055.81 1468
24055.81 1469
24055.81 1470
24055.81 1471
24055.81 1472
24055.81 1473
24055.81 1474
24055.81 1475
24055.81 1476
24055.81 1477
24055.81 1478
24055.81 1479
24055.81 1480
24055.81 1481
24055.81 1482
24055.81 1483
24055.81 1484
24055.81 1485
24055.81 1486
24055.81 1487
24055.81 1488
24055.81 1489
24055.81 1490
24055.81 1491
24055.81 1492
24055.81 1493
24055.81 1494
24055.81 1495
24055.81 1496
24055.81 1497
24055.81 1498
24055.81 1499
24055.81 1500
24055.81 1501
24055.81 1502
24055.81 1503
24055.81 1504
24055.81 1505
24055.81 1506
24055.81 1507
24055.81 1508
24055.81 1509
24055.81 1510
24055.81 1511
24055.81 1512
24055.81 1513
24055.81 1514
24055.81 1515
24055.81 1516
24055.81 1517
24055.81 1518
24055.81 1519
24055.81 1520
24055.81 1521
24055.81 1522
24055.81 1523
24055.81 1524
24055.81 1525
24055.81 1526
24055.81 1527
24055.81 1528
24055.81 1529
24055.81 1530
24055.81 1531
24055.81 1532
24055.81 1533
24055.81 1534
24055.81 1535
24055.81 1536
24055.81 1537
24055.81 1538
24055.81 1539
24055.81 1540
24055.81 1541
24055.81 1542
24055.81 1543
24055.81 1544
24055.81 1545
24055.81 1546
24055.81 1547
24055.81 1548
24055.81 1549
24055.81 1550
24055.81 1551
24055.81 1552
24055.81 1553
24055.81 1554
24055.81 1555
24055.81 1556
24055.81 1557
24055.81 1558
24055.81 1559
24055.81 1560
24055.81 1561
24055.81 1562
24055.81 1563
24055.81 1564
24055.81 1565
24055.81 1566
24055.81 1567
24055.81 1568
24055.81 1569
24055.81 1570
24055.81 1571
24055.81 1572
24055.81 1573
24055.81 1574
24055.81 1575
24055.81 1576
24055.81 1577
24055.81 1578
24055.81 1579
24055.81 1580
24055.81 1581
24055.81 1582
24055.81 1583
24055.81 1584
24055.81 1585
24055.81 1586
24055.81 1587
24055.81 1588
24055.81 1589
24055.81 1590
24055.81 1591
24055.81 1592
24055.81 1593
24055.81 1594
24055.81 1595
24055.81 1596
24055.81 1597
24055.81 1598
24055.81 1599
24055.81 1600
24055.81 1601
24055.81 1602
24055.81 1603
24055.81 1604
24055.81 1605
24055.81 1606
24055.81 1607
24055.81 1608
24055.81 1609
24055.81 1610
24055.81 1611
24055.81 1612
24055.81 1613
24055.81 1614
24055.81 1615
24055.81 1616
24055.81 1617
24055.81 1618
24055.81 1619
24055.81 1620
24055.81 1621
24055.81 1622
24055.81 1623
24055.81 1624
24055.81 1625
24055.81 1626
24055.81 1627
24055.81 1628
24055.81 1629
24055.81 1630
24055.81 1631
24055.81 1632
24055.81 1633
24055.81 1634
24055.81 1635
24055.81 1636
24055.81 1637
24055.81 1638
24055.81 1639
24055.81 1640
24055.81 1641
24055.81 1642
24055.81 1643
24055.81 1644
24055.81 1645
24055.81 1646
24055.81 1647
24055.81 1648
24055.81 1649
24055.81 1650
24055.81 1651
24055.81 1652
24055.81 1653
24055.81 1654
24055.81 1655
24055.81 1656
24055.81 1657
24055.81 1658
24055.81 1659
24055.81 1660
24055.81 1661
24055.81 1662
24055.81 1663
24055.81 1664
24055.81 1665
24055.81 1666
24055.81 1667
24055.81 1668
24055.81 1669
24055.81 1670
24055.81 1671
24055.81 1672
24055.81 1673
24055.81 1674
24055.81 1675
24055.81 1676
24055.81 1677
24055.81 1678
24055.81 1679
24055.81 1680
24055.81 1681
24055.81 1682
24055.81 1683
24055.81 1684
24055.81 1685
24055.81 1686
24055.81 1687
24055.81 1688
24055.81 1689
24055.81 1690
24055.81 1691
24055.81 1692
24055.81 1693
24055.81 1694
24055.81 1695
24055.81 1696
24055.81 1697
24055.81 1698
24055.81 1699
24055.81 1700
24055.81 1701
24055.81 1702
24055.81 1703
24055.81 1704
24055.81 1705
24055.81 1706
24055.81 1707
24055.81 1708
24055.81 1709
24055.81 1710
24055.81 1711
24055.81 1712
24055.81 1713
24055.81 1714
24055.81 1715
24055.81 1716
24055.81 1717
24055.81 1718
24055.81 1719
24055.81 1720
24055.81 1721
24055.81 1722
24055.81 1723
24055.81 1724
24055.81 1725
24055.81 1726
24055.81 1727
24055.81 1728
24055.81 1729
24055.81 1730
24055.81 1731
24055.81 1732
24055.81 1733
24055.81 1734
24055.81 1735
24055.81 1736
24055.81 1737
24055.81 1738
24055.81 1739
24055.81 1740
24055.81 1741
24055.81 1742
24055.81 1743
24055.81 1744
24055.81 1745
24055.81 1746
24055.81 1747
24055.81 1748
24055.81 1749
24055.81 1750
24055.81 1751
24055.81 1752
24055.81 1753
24055.81 1754
24055.81 1755
24055.81 1756
24055.81 1757
24055.81 1758
24055.81 1759
24055.81 1760
24055.81 1761
24055.81 1762
24055.81 1763
24055.81 1764
24055.81 1765
24055.81 1766
24055.81 1767
24055.81 1768
24055.81 1769
24055.81 1770
24055.81 1771
24055.81 1772
24055.81 1773
24055.81 1774
24055.81 1775
24055.81 1776
24055.81 1777
24055.81 1778
24055.81 1779
24055.81 1780
24055.81 1781
24055.81 1782
24055.81 1783
24055.81 1784
24055.81 1785
24055.81 1786
24055.81 1787
24055.81 1788
24055.81 1789
24055.81 1790
24055.81 1791
24055.81 1792
24055.81 1793
24055.81 1794
24055.81 1795
24055.81 1796
24055.81 1797
24055.81 1798
24055.81 1799
24055.81 1800
24055.81 1801
24055.81 1802
24055.81 1803
24055.81 1804
24055.81 1805
24055.81 1806
24055.81 1807
24055.81 1808
24055.81 1809
24055.81 1810
24055.81 1811
24055.81 1812
24055.81 1813
24055.81 1814
24055.81 1815
24055.81 1816
24055.81 1817
24055.81 1818
24055.81 1819
24055.81 1820
24055.81 1821
24055.81 1822
24055.81 1823
24055.81 1824
24055.81 1825
24055.81 1826
24055.81 1827
24055.81 1828
24055.81 1829
24055.81 1830
24055.81 1831
24055.81 1832
24055.81 1833
24055.81 1834
24055.81 1835
24055.81 1836
24055.81 1837
24055.81 1838
24055.81 1839
24055.81 1840
24055.81 1841
24055.81 1842
24055.81 1843
24055.81 1844
24055.81 1845
24055.81 1846
24055.81 1847
24055.81 1848
24055.81 1849
24055.81 1850
24055.81 1851
24055.81 1852
24055.81 1853
24055.81 1854
24055.81 1855
24055.81 1856
24055.81 1857
24055.81 1858
24055.81 1859
24055.81 1860
24055.81 1861
24055.81 1862
24055.81 1863
24055.81 1864
24055.81 1865
24055.81 1866
24055.81 1867
24055.81 1868
24055.81 1869
24055.81 1870
24055.81 1871
24055.81 1872
24055.81 1873
24055.81 1874
24055.81 1875
24055.81 1876
24055.81 1877
24055.81 1878
24055.81 1879
24055.81 1880
24055.81 1881
24055.81 1882
24055.81 1883
24055.81 1884
24055.81 1885
24055.81 1886
24055.81 1887
24055.81 1888
24055.81 1889
24055.81 1890
24055.81 1891
24055.81 1892
24055.81 1893
24055.81 1894
24055.81 1895
24055.81 1896
24055.81 1897
24055.81 1898
24055.81 1899
24055.81 1900
24055.81 1901
24055.81 1902
24055.81 1903
24055.81 1904
24055.81 1905
24055.81 1906
24055.81 1907
24055.81 1908
24055.81 1909
24055.81 1910
24055.81 1911
24055.81 1912
24055.81 1913
24055.81 1914
24055.81 1915
24055.81 1916
24055.81 1917
24055.81 1918
24055.81 1919
24055.81 1920
24055.81 1921
24055.81 1922
24055.81 1923
24055.81 1924
24055.81 1925
24055.81 1926
24055.81 1927
24055.81 1928
24055.81 1929
24055.81 1930
24055.81 1931
24055.81 1932
24055.81 1933
24055.81 1934
24055.81 1935
24055.81 1936
24055.81 1937
24055.81 1938
24055.81 1939
24055.81 1940
24055.81 1941
24055.81 1942
24055.81 1943
24055.81 1944
24055.81 1945
24055.81 1946
24055.81 1947
24055.81 1948
24055.81 1949
24055.81 1950
24055.81 1951
24055.81 1952
24055.81 1953
24055.81 1954
24055.81 1955
24055.81 1956
24055.81 1957
24055.81 1958
24055.81 1959
24055.81 1960
24055.81 1961
24055.81 1962
24055.81 1963
24055.81 1964
24055.81 1965
24055.81 1966
24055.81 1967
24055.81 1968
24055.81 1969
24055.81 1970
24055.81 1971
24055.81 1972
24055.81 1973
24055.81 1974
24055.81 1975
24055.81 1976
24055.81 1977
24055.81 1978
24055.81 1979
24055.81 1980
24055.81 1981
24055.81 1982
24055.81 1983
24055.81 1984
24055.81 1985
24055.81 1986
24055.81 1987
24055.81 1988
24055.81 1989
24055.81 1990
24055.81 1991
24055.81 1992
24055.81 1993
24055.81 1994
24055.81 1995
24055.81 1996
24055.81 1997
24055.81 1998
24055.81 1999
24055.81 2000
24055.81 2001
24055.81 2002
24055.81 2003
24055.81 2004
24055.81 2005
24055.81 2006
24055.81 2007
24055.81 2008
24055.81 2009
24055.81 2010
24055.81 2011
24055.81 2012
24055.81 2013
24055.81 2014
24055.81 2015
24055.81 2016
24055.81 2017
24055.81 2018
24055.81 2019
24055.81 2020
24055.81 2021
24055.81 2022
24055.81 2023
24055.81 2024
24055.81 2025
24055.81 2026
24055.81 2027
24055.81 2028
24055.81 2029
24055.81 2030
24055.81 2031
24055.81 2032
24055.81 2033
24055.81 2034
24055.81 2035
24055.81 2036
24055.81 2037
24055.81 2038
24055.81 2039
24055.81 2040
24055.81 2041
24055.81 2042
24055.81 2043
24055.81 2044
24055.81 2045
24055.81 2046
24055.81 2047
24055.81 2048
24055.81 2049
24055.81 2050
24055.81 2051
24055.81 2052
24055.81 2053
24055.81 2054
24055.81 2055
24055.81 2056
24055.81 2057
24055.81 2058
24055.81 2059
24055.81 2060
24055.81 2061
24055.81 2062
24055.81 2063
24055.81 2064
24055.81 2065
24055.81 2066
24055.81 2067
24055.81 2068
24055.81 2069
24055.81 2070
24055.81 2071
24055.81 2072
24055.81 2073
24055.81 2074
24055.81 2075
24055.81 2076
24055.81 2077
24055.81 2078
24055.81 2079
24055.81 2080
24055.81 2081
24055.81 2082
24055.81 2083
24055.81 2084
24055.81 2085
24055.81 2086
24055.81 2087
24055.81 2088
24055.81 2089
24055.81 2090
24055.81 2091
24055.81 2092
24055.81 2093
24055.81 2094
24055.81 2095
24055.81 2096
24055.81 2097
24055.81 2098
24055.81 2099
24055.81 2100
24055.81 2101
24055.81 2102
24055.81 2103
24055.81 2104
24055.81 2105
24055.81 2106
24055.81 2107
24055.81 2108
24055.81 2109
24055.81 2110
24055.81 2111
24055.81 2112
24055.81 2113
24055.81 2114
24055.81 2115
24055.81 2116
24055.81 2117
24055.81 2118
24055.81 2119
24055.81 2120
24055.81 2121
24055.81 2122
24055.81 2123
24055.81 2124
24055.81 2125
24055.81 2126
24055.81 2127
24055.81 2128
24055.81 2129
24055.81 2130
24055.81 2131
24055.81 2132
24055.81 2133
24055.81 2134
24055.81 2135
24055.81 2136
24055.81 2137
24055.81 2138
24055.81 2139
24055.81 2140
24055.81 2141
24055.81 2142
24055.81 2143
24055.81 2144
24055.81 2145
24055.81 2146
24055.81 2147
24055.81 2148
24055.81 2149
24055.81 2150
24055.81 2151
24055.81 2152
24055.81 2153
24055.81 2154
24055.81 2155
24055.81 2156
24055.81 2157
24055.81 2158
24055.81 2159
24055.81 2160
24055.81 2161
24055.81 2162
24055.81 2163
24055.81 2164
24055.81 2165
24055.81 2166
24055.81 2167
24055.81 2168
24055.81 2169
24055.81 2170
24055.81 2171
24055.81 2172
24055.81 2173
24055.81 2174
24055.81 2175
24055.81 2176
24055.81 2177
24055.81 2178
24055.81 2179
24055.81 2180
24055.81 2181
24055.81 2182
24055.81 2183
24055.81 2184
24055.81 2185
24055.81 2186
24055.81 2187
24055.81 2188
24055.81 2189
24055.81 2190
24055.81 2191
24055.81 2192
24055.81 2193
24055.81 2194
24055.81 2195
24055.81 2196
24055.81 2197
24055.81 2198
24055.81 2199
24055.81 2200
24055.81 2201
24055.81 2202
24055.81 2203
24055.81 2204
24055.81 2205
24055.81 2206
24055.81 2207
24055.81 2208
24055.81 2209
24055.81 2210
24055.81 2211
24055.81 2212
24055.81 2213
24055.81 2214
24055.81 2215
24055.81 2216
24055.81 2217
24055.81 2218
24055.81 2219
24055.81 2220
24055.81 2221
24055.81 2222
24055.81 2223
24055.81 2224
24055.81 2225
24055.81 2226
24055.81 2227
24055.81 2228
24055.81 2229
24055.81 2230
24055.81 2231
24055.81 2232
24055.81 2233
24055.81 2234
24055.81 2235
24055.81 2236
24055.81 2237
24055.81 2238
24055.81 2239
24055.81 2240
24055.81 2241
24055.81 2242
24055.81 2243
24055.81 2244
24055.81 2245
24055.81 2246
24055.81 2247
24055.81 2248
24055.81 2249
24055.81 2250
24055.81 2251
24055.81 2252
24055.81 2253
24055.81 2254
24055.81 2255
24055.81 2256
24055.81 2257
24055.81 2258
24055.81 2259
24055.81 2260
24055.81 2261
24055.81 2262
24055.81 2263
24055.81 2264
24055.81 2265
24055.81 2266
24055.81 2267
24055.81 2268
24055.81 2269
24055.81 2270
24055.81 2271
24055.81 2272
24055.81 2273
24055.81 2274
24055.81 2275
24055.81 2276
24055.81 2277
24055.81 2278
24055.81 2279
24055.81 2280
24055.81 2281
24055.81 2282
24055.81 2283
24055.81 2284
24055.81 2285
24055.81 2286
24055.81 2287
24055.81 2288
24055.81 2289
24055.81 2290
24055.81 2291
24055.81 2292
24055.81 2293
24055.81 2294
24055.81 2295
24055.81 2296
24055.81 2297
24055.81 2298
24055.81 2299
24055.81 2300
24055.81 2301
24055.81 2302
24055.81 2303
24055.81 2304
24055.81 2305
24055.81 2306
24055.81 2307
24055.81 2308
24055.81 2309
24055.81 2310
24055.81 2311
24055.81 2312
24055.81 2313
24055.81 2314
24055.81 2315
24055.81 2316
24055.81 2317
24055.81 2318
24055.81 2319
24055.81 2320
24055.81 2321
24055.81 2322
24055.81 2323
24055.81 2324
24055.81 2325
24055.81 2326
24055.81 2327
24055.81 2328
24055.81 2329
24055.81 2330
24055.81 2331
24055.81 2332
24055.81 2333
24055.81 2334
24055.81 2335
24055.81 2336
24055.81 2337
24055.81 2338
24055.81 2339
24055.81 2340
24055.81 2341
24055.81 2342
24055.81 2343
24055.81 2344
24055.81 2345
24055.81 2346
24055.81 2347
24055.81 2348
24055.81 2349
24055.81 2350
24055.81 2351
24055.81 2352
24055.81 2353
24055.81 2354
24055.81 2355
24055.81 2356
24055.81 2357
24055.81 2358
24055.81 2359
24055.81 2360
24055.81 2361
24055.81 2362
24055.81 2363
24055.81 2364
24055.81 2365
24055.81 2366
24055.81 2367
24055.81 2368
24055.81 2369
24055.81 2370
24055.81 2371
24055.81 2372
24055.81 2373
24055.81 2374
24055.81 2375
24055.81 2376
24055.81 2377
24055.81 2378
24055.81 2379
24055.81 2380
24055.81 2381
24055.81 2382
24055.81 2383
24055.81 2384
24055.81 2385
24055.81 2386
24055.81 2387
24055.81 2388
24055.81 2389
24055.81 2390
24055.81 2391
24055.81 2392
24055.81 2393
24055.81 2394
24055.81 2395
24055.81 2396
24055.81 2397
24055.81 2398
24055.81 2399
24055.81 2400
24055.81 2401
24055.81 2402
24055.81 2403
24055.81 2404
24055.81 2405
24055.81 2406
24055.81 2407
24055.81 2408
24055.81 2409
24055.81 2410
24055.81 2411
24055.81 2412
24055.81 2413
24055.81 2414
24055.81 2415
24055.81 2416
24055.81 2417
24055.81 2418
24055.81 2419
24055.81 2420
24055.81 2421
24055.81 2422
24055.81 2423
24055.81 2424
24055.81 2425
24055.81 2426
24055.81 2427
24055.81 2428
24055.81 2429
24055.81 2430
24055.81 2431
24055.81 2432
24055.81 2433
24055.81 2434
24055.81 2435
24055.81 2436
24055.81 2437
24055.81 2438
24055.81 2439
24055.81 2440
24055.81 2441
24055.81 2442
24055.81 2443
24055.81 2444
24055.81 2445
24055.81 2446
24055.81 2447
24055.81 2448
24055.81 2449
24055.81 2450
24055.81 2451
24055.81 2452
24055.81 2453
24055.81 2454
24055.81 2455
24055.81 2456
24055.81 2457
24055.81 2458
24055.81 2459
24055.81 2460
24055.81 2461
24055.81 2462
24055.81 2463
24055.81 2464
24055.81 2465
24055.81 2466
24055.81 2467
24055.81 2468
24055.81 2469
24055.81 2470
24055.81 2471
24055.81 2472
24055.81 2473
24055.81 2474
24055.81 2475
24055.81 2476
24055.81 2477
24055.81 2478
24055.81 2479
24055.81 2480
24055.81 2481
24055.81 2482
24055.81 2483
24055.81 2484
24055.81 2485
24055.81 2486
24055.81 2487
24055.81 2488
24055.81 2489
24055.81 2490
24055.81 2491
24055.81 2492
24055.81 2493
24055.81 2494
24055.81 2495
24055.81 2496
24055.81 2497
24055.81 2498
24055.81 2499
24055.81 2500
24055.81 2501
24055.81 2502
24055.81 2503
24055.81 2504
24055.81 2505
24055.81 2506
24055.81 2507
24055.81 2508
24055.81 2509
24055.81 2510
24055.81 2511
24055.81 2512
24055.81 2513
24055.81 2514
24055.81 2515
24055.81 2516
24055.81 2517
24055.81 2518
24055.81 2519
24055.81 2520
24055.81 2521
24055.81 2522
24055.81 2523
24055.81 2524
24055.81 2525
24055.81 2526
24055.81 2527
24055.81 2528
24055.81 2529
24055.81 2530
24055.81 2531
24055.81 2532
24055.81 2533
24055.81 2534
24055.81 2535
24055.81 2536
24055.81 2537
24055.81 2538
24055.81 2539
24055.81 2540
24055.81 2541
24055.81 2542
24055.81 2543
24055.81 2544
24055.81 2545
24055.81 2546
24055.81 2547
24055.81 2548
24055.81 2549
24055.81 2550
24055.81 2551
24055.81 2552
24055.81 2553
24055.81 2554
24055.81 2555
24055.81 2556
24055.81 2557
24055.81 2558
24055.81 2559
24055.81 2560
24055.81 2561
24055.81 2562
24055.81 2563
24055.81 2564
24055.81 2565
24055.81 2566
24055.81 2567
24055.81 2568
24055.81 2569
24055.81 2570
24055.81 2571
24055.81 2572
24055.81 2573
24055.81 2574
24055.81 2575
24055.81 2576
24055.81 2577
24055.81 2578
24055.81 2579
24055.81 2580
24055.81 2581
24055.81 2582
24055.81 2583
24055.81 2584
24055.81 2585
24055.81 2586
24055.81 2587
24055.81 2588
24055.81 2589
24055.81 2590
24055.81 2591
24055.81 2592
24055.81 2593
24055.81 2594
24055.81 2595
24055.81 2596
24055.81 2597
24055.81 2598
24055.81 2599
24055.81 2600
24055.81 2601
24055.81 2602
24055.81 2603
24055.81 2604
24055.81 2605
24055.81 2606
24055.81 2607
24055.81 2608
24055.81 2609
24055.81 2610
24055.81 2611
24055.81 2612
24055.81 2613
24055.81 2614
24055.81 2615
24055.81 2616
24055.81 2617
24055.81 2618
24055.81 2619
24055.81 2620
24055.81 2621
24055.81 2622
24055.81 2623
24055.81 2624
24055.81 2625
24055.81 2626
24055.81 2627
24055.81 2628
24055.81 2629
24055.81 2630
24055.81 2631
24055.81 2632
24055.81 2633
24055.81 2634
24055.81 2635
24055.81 2636
24055.81 2637
24055.81 2638
24055.81 2639
24055.81 2640
24055.81 2641
24055.81 2642
24055.81 2643
24055.81 2644
24055.81 2645
24055.81 2646
24055.81 2647
24055.81 2648
24055.81 2649
24055.81 2650
24055.81 2651
24055.81 2652
24055.81 2653
24055.81 2654
24055.81 2655
24055.81 2656
24055.81 2657
24055.81 2658
24055.81 2659
24055.81 2660
24055.81 2661
24055.81 2662
24055.81 2663
24055.81 2664
24055.81 2665
24055.81 2666
24055.81 2667
24055.81 2668
24055.81 2669
24055.81 2670
24055.81 2671
24055.81 2672
24055.81 2673
24055.81 2674
24055.81 2675
24055.81 2676
24055.81 2677
24055.81 2678
24055.81 2679
24055.81 2680
24055.81 2681
24055.81 2682
24055.81 2683
24055.81 2684
24055.81 2685
24055.81 2686
24055.81 2687
24055.81 2688
24055.81 2689
24055.81 2690
24055.81 2691
24055.81 2692
24055.81 2693
24055.81 2694
24055.81 2695
24055.81 2696
24055.81 2697
24055.81 2698
24055.81 2699
24055.81 2700
24055.81 2701
24055.81 2702
24055.81 2703
24055.81 2704
24055.81 2705
24055.81 2706
24055.81 2707
24055.81 2708
24055.81 2709
24055.81 2710
24055.81 2711
24055.81 2712
24055.81 2713
24055.81 2714
24055.81 2715
24055.81 2716
24055.81 2717
24055.81 2718
24055.81 2719
24055.81 2720
24055.81 2721
24055.81 2722
24055.81 2723
24055.81 2724
24055.81 2725
24055.81 2726
24055.81 2727
24055.81 2728
24055.81 2729
24055.81 2730
24055.81 2731
24055.81 2732
24055.81 2733
24055.81 2734
24055.81 2735
24055.81 2736
24055.81 2737
24055.81 2738
24055.81 2739
24055.81 2740
24055.81 2741
24055.81 2742
24055.81 2743
24055.81 2744
24055.81 2745
24055.81 2746
24055.81 2747
24055.81 2748
24055.81 2749
24055.81 2750
24055.81 2751
24055.81 2752
24055.81 2753
24055.81 2754
24055.81 2755
24055.81 2756
24055.81 2757
24055.81 2758
24055.81 2759
24055.81 2760
24055.81 2761
24055.81 2762
24055.81 2763
24055.81 2764
24055.81 2765
24055.81 2766
24055.81 2767
24055.81 2768
24055.81 2769
24055.81 2770
24055.81 2771
24055.81 2772
24055.81 2773
24055.81 2774
24055.81 2775
24055.81 2776
24055.81 2777
24055.81 2778
24055.81 2779
24055.81 2780
24055.81 2781
24055.81 2782
24055.81 2783
24055.81 2784
24055.81 2785
24055.81 2786
24055.81 2787
24055.81 2788
24055.81 2789
24055.81 2790
24055.81 2791
24055.81 2792
24055.81 2793
24055.81 2794
24055.81 2795
24055.81 2796
24055.81 2797
24055.81 2798
24055.81 2799
24055.81 2800
24055.81 2801
24055.81 2802
24055.81 2803
24055.81 2804
24055.81 2805
24055.81 2806
24055.81 2807
24055.81 2808
24055.81 2809
24055.81 2810
24055.81 2811
24055.81 2812
24055.81 2813
24055.81 2814
24055.81 2815
24055.81 2816
24055.81 2817
24055.81 2818
24055.81 2819
24055.81 2820
24055.81 2821
24055.81 2822
24055.81 2823
24055.81 2824
24055.81 2825
24055.81 2826
24055.81 2827
24055.81 2828
24055.81 2829
24055.81 2830
24055.81 2831
24055.81 2832
24055.81 2833
24055.81 2834
24055.81 2835
24055.81 2836
24055.81 2837
24055.81 2838
24055.81 2839
24055.81 2840
24055.81 2841
24055.81 2842
24055.81 2843
24055.81 2844
24055.81 2845
24055.81 2846
24055.81 2847
24055.81 2848
24055.81 2849
24055.81 2850
24055.81 2851
24055.81 2852
24055.81 2853
24055.81 2854
24055.81 2855
24055.81 2856
24055.81 2857
24055.81 2858
24055.81 2859
24055.81 2860
24055.81 2861
24055.81 2862
24055.81 2863
24055.81 2864
24055.81 2865
24055.81 2866
24055.81 2867
24055.81 2868
24055.81 2869
24055.81 2870
24055.81 2871
24055.81 2872
24055.81 2873
24055.81 2874
24055.81 2875
24055.81 2876
24055.81 2877
24055.81 2878
24055.81 2879
24055.81 2880
24055.81 2881
24055.81 2882
24055.81 2883
24055.81 2884
24055.81 2885
24055.81 2886
24055.81 2887
24055.81 2888
24055.81 2889
24055.81 2890
