# H/nR [K], depth [km]
48111.62 1
48111.62 2
48111.62 3
48111.62 4
48111.62 5
48111.62 6
48111.62 7
48111.62 8
48111.62 9
48111.62 10
48111.62 11
48111.62 12
48111.62 13
48111.62 14
48111.62 15
48111.62 16
48111.62 17
48111.62 18
48111.62 19
48111.62 20
48111.62 21
48111.62 22
48111.62 23
48111.62 24
48111.62 25
48111.62 26
48111.62 27
48111.62 28
48111.62 29
48111.62 30
48111.62 31
48111.62 32
48111.62 33
48111.62 34
48111.62 35
48111.62 36
48111.62 37
48111.62 38
48111.62 39
48111.62 40
48111.62 41
48111.62 42
48111.62 43
48111.62 44
48111.62 45
48111.62 46
48111.62 47
48111.62 48
48111.62 49
48111.62 50
48111.62 51
48111.62 52
48111.62 53
48111.62 54
48111.62 55
48111.62 56
48111.62 57
48111.62 58
48111.62 59
48111.62 60
48111.62 61
48111.62 62
48111.62 63
48111.62 64
48111.62 65
48111.62 66
48111.62 67
48111.62 68
48111.62 69
48111.62 70
48111.62 71
48111.62 72
48111.62 73
48111.62 74
48111.62 75
48111.62 76
48111.62 77
48111.62 78
48111.62 79
48111.62 80
48111.62 81
48111.62 82
48111.62 83
48111.62 84
48111.62 85
48111.62 86
48111.62 87
48111.62 88
48111.62 89
48111.62 90
48111.62 91
48111.62 92
48111.62 93
48111.62 94
48111.62 95
48111.62 96
48111.62 97
48111.62 98
48111.62 99
48111.62 100
48111.62 101
48111.62 102
48111.62 103
48111.62 104
48111.62 105
48111.62 106
48111.62 107
48111.62 108
48111.62 109
48111.62 110
48111.62 111
48111.62 112
48111.62 113
48111.62 114
48111.62 115
48111.62 116
48111.62 117
48111.62 118
48111.62 119
48111.62 120
48111.62 121
48111.62 122
48111.62 123
48111.62 124
48111.62 125
48111.62 126
48111.62 127
48111.62 128
48111.62 129
48111.62 130
48111.62 131
48111.62 132
48111.62 133
48111.62 134
48111.62 135
48111.62 136
48111.62 137
48111.62 138
48111.62 139
48111.62 140
48111.62 141
48111.62 142
48111.62 143
48111.62 144
48111.62 145
48111.62 146
48111.62 147
48111.62 148
48111.62 149
48111.62 150
48111.62 151
48111.62 152
48111.62 153
48111.62 154
48111.62 155
48111.62 156
48111.62 157
48111.62 158
48111.62 159
48111.62 160
48111.62 161
48111.62 162
48111.62 163
48111.62 164
48111.62 165
48111.62 166
48111.62 167
48111.62 168
48111.62 169
48111.62 170
48111.62 171
48111.62 172
48111.62 173
48111.62 174
48111.62 175
48111.62 176
48111.62 177
48111.62 178
48111.62 179
48111.62 180
48111.62 181
48111.62 182
48111.62 183
48111.62 184
48111.62 185
48111.62 186
48111.62 187
48111.62 188
48111.62 189
48111.62 190
48111.62 191
48111.62 192
48111.62 193
48111.62 194
48111.62 195
48111.62 196
48111.62 197
48111.62 198
48111.62 199
48111.62 200
48111.62 201
48111.62 202
48111.62 203
48111.62 204
48111.62 205
48111.62 206
48111.62 207
48111.62 208
48111.62 209
48111.62 210
48111.62 211
48111.62 212
48111.62 213
48111.62 214
48111.62 215
48111.62 216
48111.62 217
48111.62 218
48111.62 219
48111.62 220
48111.62 221
48111.62 222
48111.62 223
48111.62 224
48111.62 225
48111.62 226
48111.62 227
48111.62 228
48111.62 229
48111.62 230
48111.62 231
48111.62 232
48111.62 233
48111.62 234
48111.62 235
48111.62 236
48111.62 237
48111.62 238
48111.62 239
48111.62 240
48111.62 241
48111.62 242
48111.62 243
48111.62 244
48111.62 245
48111.62 246
48111.62 247
48111.62 248
48111.62 249
48111.62 250
48111.62 251
48111.62 252
48111.62 253
48111.62 254
48111.62 255
48111.62 256
48111.62 257
48111.62 258
48111.62 259
48111.62 260
48111.62 261
48111.62 262
48111.62 263
48111.62 264
48111.62 265
48111.62 266
48111.62 267
48111.62 268
48111.62 269
48111.62 270
48111.62 271
48111.62 272
48111.62 273
48111.62 274
48111.62 275
48111.62 276
48111.62 277
48111.62 278
48111.62 279
48111.62 280
48111.62 281
48111.62 282
48111.62 283
48111.62 284
48111.62 285
48111.62 286
48111.62 287
48111.62 288
48111.62 289
48111.62 290
48111.62 291
48111.62 292
48111.62 293
48111.62 294
48111.62 295
48111.62 296
48111.62 297
48111.62 298
48111.62 299
48111.62 300
48111.62 301
48111.62 302
48111.62 303
48111.62 304
48111.62 305
48111.62 306
48111.62 307
48111.62 308
48111.62 309
48111.62 310
48111.62 311
48111.62 312
48111.62 313
48111.62 314
48111.62 315
48111.62 316
48111.62 317
48111.62 318
48111.62 319
48111.62 320
48111.62 321
48111.62 322
48111.62 323
48111.62 324
48111.62 325
48111.62 326
48111.62 327
48111.62 328
48111.62 329
48111.62 330
48111.62 331
48111.62 332
48111.62 333
48111.62 334
48111.62 335
48111.62 336
48111.62 337
48111.62 338
48111.62 339
48111.62 340
48111.62 341
48111.62 342
48111.62 343
48111.62 344
48111.62 345
48111.62 346
48111.62 347
48111.62 348
48111.62 349
48111.62 350
48111.62 351
48111.62 352
48111.62 353
48111.62 354
48111.62 355
48111.62 356
48111.62 357
48111.62 358
48111.62 359
48111.62 360
48111.62 361
48111.62 362
48111.62 363
48111.62 364
48111.62 365
48111.62 366
48111.62 367
48111.62 368
48111.62 369
48111.62 370
48111.62 371
48111.62 372
48111.62 373
48111.62 374
48111.62 375
48111.62 376
48111.62 377
48111.62 378
48111.62 379
48111.62 380
48111.62 381
48111.62 382
48111.62 383
48111.62 384
48111.62 385
48111.62 386
48111.62 387
48111.62 388
48111.62 389
48111.62 390
48111.62 391
48111.62 392
48111.62 393
48111.62 394
48111.62 395
48111.62 396
48111.62 397
48111.62 398
48111.62 399
48111.62 400
48111.62 401
48111.62 402
48111.62 403
48111.62 404
48111.62 405
48111.62 406
48111.62 407
48111.62 408
48111.62 409
48111.62 410
48111.62 411
48111.62 412
48111.62 413
48111.62 414
48111.62 415
48111.62 416
48111.62 417
48111.62 418
48111.62 419
48111.62 420
48111.62 421
48111.62 422
48111.62 423
48111.62 424
48111.62 425
48111.62 426
48111.62 427
48111.62 428
48111.62 429
48111.62 430
48111.62 431
48111.62 432
48111.62 433
48111.62 434
48111.62 435
48111.62 436
48111.62 437
48111.62 438
48111.62 439
48111.62 440
48111.62 441
48111.62 442
48111.62 443
48111.62 444
48111.62 445
48111.62 446
48111.62 447
48111.62 448
48111.62 449
48111.62 450
48111.62 451
48111.62 452
48111.62 453
48111.62 454
48111.62 455
48111.62 456
48111.62 457
48111.62 458
48111.62 459
48111.62 460
48111.62 461
48111.62 462
48111.62 463
48111.62 464
48111.62 465
48111.62 466
48111.62 467
48111.62 468
48111.62 469
48111.62 470
48111.62 471
48111.62 472
48111.62 473
48111.62 474
48111.62 475
48111.62 476
48111.62 477
48111.62 478
48111.62 479
48111.62 480
48111.62 481
48111.62 482
48111.62 483
48111.62 484
48111.62 485
48111.62 486
48111.62 487
48111.62 488
48111.62 489
48111.62 490
48111.62 491
48111.62 492
48111.62 493
48111.62 494
48111.62 495
48111.62 496
48111.62 497
48111.62 498
48111.62 499
48111.62 500
48111.62 501
48111.62 502
48111.62 503
48111.62 504
48111.62 505
48111.62 506
48111.62 507
48111.62 508
48111.62 509
48111.62 510
48111.62 511
48111.62 512
48111.62 513
48111.62 514
48111.62 515
48111.62 516
48111.62 517
48111.62 518
48111.62 519
48111.62 520
48111.62 521
48111.62 522
48111.62 523
48111.62 524
48111.62 525
48111.62 526
48111.62 527
48111.62 528
48111.62 529
48111.62 530
48111.62 531
48111.62 532
48111.62 533
48111.62 534
48111.62 535
48111.62 536
48111.62 537
48111.62 538
48111.62 539
48111.62 540
48111.62 541
48111.62 542
48111.62 543
48111.62 544
48111.62 545
48111.62 546
48111.62 547
48111.62 548
48111.62 549
48111.62 550
48111.62 551
48111.62 552
48111.62 553
48111.62 554
48111.62 555
48111.62 556
48111.62 557
48111.62 558
48111.62 559
48111.62 560
48111.62 561
48111.62 562
48111.62 563
48111.62 564
48111.62 565
48111.62 566
48111.62 567
48111.62 568
48111.62 569
48111.62 570
48111.62 571
48111.62 572
48111.62 573
48111.62 574
48111.62 575
48111.62 576
48111.62 577
48111.62 578
48111.62 579
48111.62 580
48111.62 581
48111.62 582
48111.62 583
48111.62 584
48111.62 585
48111.62 586
48111.62 587
48111.62 588
48111.62 589
48111.62 590
48111.62 591
48111.62 592
48111.62 593
48111.62 594
48111.62 595
48111.62 596
48111.62 597
48111.62 598
48111.62 599
48111.62 600
48111.62 601
48111.62 602
48111.62 603
48111.62 604
48111.62 605
48111.62 606
48111.62 607
48111.62 608
48111.62 609
48111.62 610
48111.62 611
48111.62 612
48111.62 613
48111.62 614
48111.62 615
48111.62 616
48111.62 617
48111.62 618
48111.62 619
48111.62 620
48111.62 621
48111.62 622
48111.62 623
48111.62 624
48111.62 625
48111.62 626
48111.62 627
48111.62 628
48111.62 629
48111.62 630
48111.62 631
48111.62 632
48111.62 633
48111.62 634
48111.62 635
48111.62 636
48111.62 637
48111.62 638
48111.62 639
48111.62 640
48111.62 641
48111.62 642
48111.62 643
48111.62 644
48111.62 645
48111.62 646
48111.62 647
48111.62 648
48111.62 649
48111.62 650
48111.62 651
48111.62 652
48111.62 653
48111.62 654
48111.62 655
48111.62 656
48111.62 657
48111.62 658
48111.62 659
48111.62 660
36083.71 661
36083.71 662
36083.71 663
36083.71 664
36083.71 665
36083.71 666
36083.71 667
36083.71 668
36083.71 669
36083.71 670
36083.71 671
36083.71 672
36083.71 673
36083.71 674
36083.71 675
36083.71 676
36083.71 677
36083.71 678
36083.71 679
36083.71 680
36083.71 681
36083.71 682
36083.71 683
36083.71 684
36083.71 685
36083.71 686
36083.71 687
36083.71 688
36083.71 689
36083.71 690
36083.71 691
36083.71 692
36083.71 693
36083.71 694
36083.71 695
36083.71 696
36083.71 697
36083.71 698
36083.71 699
36083.71 700
36083.71 701
36083.71 702
36083.71 703
36083.71 704
36083.71 705
36083.71 706
36083.71 707
36083.71 708
36083.71 709
36083.71 710
36083.71 711
36083.71 712
36083.71 713
36083.71 714
36083.71 715
36083.71 716
36083.71 717
36083.71 718
36083.71 719
36083.71 720
36083.71 721
36083.71 722
36083.71 723
36083.71 724
36083.71 725
36083.71 726
36083.71 727
36083.71 728
36083.71 729
36083.71 730
36083.71 731
36083.71 732
36083.71 733
36083.71 734
36083.71 735
36083.71 736
36083.71 737
36083.71 738
36083.71 739
36083.71 740
36083.71 741
36083.71 742
36083.71 743
36083.71 744
36083.71 745
36083.71 746
36083.71 747
36083.71 748
36083.71 749
36083.71 750
36083.71 751
36083.71 752
36083.71 753
36083.71 754
36083.71 755
36083.71 756
36083.71 757
36083.71 758
36083.71 759
36083.71 760
36083.71 761
36083.71 762
36083.71 763
36083.71 764
36083.71 765
36083.71 766
36083.71 767
36083.71 768
36083.71 769
36083.71 770
36083.71 771
36083.71 772
36083.71 773
36083.71 774
36083.71 775
36083.71 776
36083.71 777
36083.71 778
36083.71 779
36083.71 780
36083.71 781
36083.71 782
36083.71 783
36083.71 784
36083.71 785
36083.71 786
36083.71 787
36083.71 788
36083.71 789
36083.71 790
36083.71 791
36083.71 792
36083.71 793
36083.71 794
36083.71 795
36083.71 796
36083.71 797
36083.71 798
36083.71 799
36083.71 800
36083.71 801
36083.71 802
36083.71 803
36083.71 804
36083.71 805
36083.71 806
36083.71 807
36083.71 808
36083.71 809
36083.71 810
36083.71 811
36083.71 812
36083.71 813
36083.71 814
36083.71 815
36083.71 816
36083.71 817
36083.71 818
36083.71 819
36083.71 820
36083.71 821
36083.71 822
36083.71 823
36083.71 824
36083.71 825
36083.71 826
36083.71 827
36083.71 828
36083.71 829
36083.71 830
36083.71 831
36083.71 832
36083.71 833
36083.71 834
36083.71 835
36083.71 836
36083.71 837
36083.71 838
36083.71 839
36083.71 840
36083.71 841
36083.71 842
36083.71 843
36083.71 844
36083.71 845
36083.71 846
36083.71 847
36083.71 848
36083.71 849
36083.71 850
36083.71 851
36083.71 852
36083.71 853
36083.71 854
36083.71 855
36083.71 856
36083.71 857
36083.71 858
36083.71 859
36083.71 860
36083.71 861
36083.71 862
36083.71 863
36083.71 864
36083.71 865
36083.71 866
36083.71 867
36083.71 868
36083.71 869
36083.71 870
36083.71 871
36083.71 872
36083.71 873
36083.71 874
36083.71 875
36083.71 876
36083.71 877
36083.71 878
36083.71 879
36083.71 880
36083.71 881
36083.71 882
36083.71 883
36083.71 884
36083.71 885
36083.71 886
36083.71 887
36083.71 888
36083.71 889
36083.71 890
36083.71 891
36083.71 892
36083.71 893
36083.71 894
36083.71 895
36083.71 896
36083.71 897
36083.71 898
36083.71 899
36083.71 900
36083.71 901
36083.71 902
36083.71 903
36083.71 904
36083.71 905
36083.71 906
36083.71 907
36083.71 908
36083.71 909
36083.71 910
36083.71 911
36083.71 912
36083.71 913
36083.71 914
36083.71 915
36083.71 916
36083.71 917
36083.71 918
36083.71 919
36083.71 920
36083.71 921
36083.71 922
36083.71 923
36083.71 924
36083.71 925
36083.71 926
36083.71 927
36083.71 928
36083.71 929
36083.71 930
36083.71 931
36083.71 932
36083.71 933
36083.71 934
36083.71 935
36083.71 936
36083.71 937
36083.71 938
36083.71 939
36083.71 940
36083.71 941
36083.71 942
36083.71 943
36083.71 944
36083.71 945
36083.71 946
36083.71 947
36083.71 948
36083.71 949
36083.71 950
36083.71 951
36083.71 952
36083.71 953
36083.71 954
36083.71 955
36083.71 956
36083.71 957
36083.71 958
36083.71 959
36083.71 960
36083.71 961
36083.71 962
36083.71 963
36083.71 964
36083.71 965
36083.71 966
36083.71 967
36083.71 968
36083.71 969
36083.71 970
36083.71 971
36083.71 972
36083.71 973
36083.71 974
36083.71 975
36083.71 976
36083.71 977
36083.71 978
36083.71 979
36083.71 980
36083.71 981
36083.71 982
36083.71 983
36083.71 984
36083.71 985
36083.71 986
36083.71 987
36083.71 988
36083.71 989
36083.71 990
36083.71 991
36083.71 992
36083.71 993
36083.71 994
36083.71 995
36083.71 996
36083.71 997
36083.71 998
36083.71 999
36083.71 1000
36083.71 1001
36083.71 1002
36083.71 1003
36083.71 1004
36083.71 1005
36083.71 1006
36083.71 1007
36083.71 1008
36083.71 1009
36083.71 1010
36083.71 1011
36083.71 1012
36083.71 1013
36083.71 1014
36083.71 1015
36083.71 1016
36083.71 1017
36083.71 1018
36083.71 1019
36083.71 1020
36083.71 1021
36083.71 1022
36083.71 1023
36083.71 1024
36083.71 1025
36083.71 1026
36083.71 1027
36083.71 1028
36083.71 1029
36083.71 1030
36083.71 1031
36083.71 1032
36083.71 1033
36083.71 1034
36083.71 1035
36083.71 1036
36083.71 1037
36083.71 1038
36083.71 1039
36083.71 1040
36083.71 1041
36083.71 1042
36083.71 1043
36083.71 1044
36083.71 1045
36083.71 1046
36083.71 1047
36083.71 1048
36083.71 1049
36083.71 1050
36083.71 1051
36083.71 1052
36083.71 1053
36083.71 1054
36083.71 1055
36083.71 1056
36083.71 1057
36083.71 1058
36083.71 1059
36083.71 1060
36083.71 1061
36083.71 1062
36083.71 1063
36083.71 1064
36083.71 1065
36083.71 1066
36083.71 1067
36083.71 1068
36083.71 1069
36083.71 1070
36083.71 1071
36083.71 1072
36083.71 1073
36083.71 1074
36083.71 1075
36083.71 1076
36083.71 1077
36083.71 1078
36083.71 1079
36083.71 1080
36083.71 1081
36083.71 1082
36083.71 1083
36083.71 1084
36083.71 1085
36083.71 1086
36083.71 1087
36083.71 1088
36083.71 1089
36083.71 1090
36083.71 1091
36083.71 1092
36083.71 1093
36083.71 1094
36083.71 1095
36083.71 1096
36083.71 1097
36083.71 1098
36083.71 1099
36083.71 1100
36083.71 1101
36083.71 1102
36083.71 1103
36083.71 1104
36083.71 1105
36083.71 1106
36083.71 1107
36083.71 1108
36083.71 1109
36083.71 1110
36083.71 1111
36083.71 1112
36083.71 1113
36083.71 1114
36083.71 1115
36083.71 1116
36083.71 1117
36083.71 1118
36083.71 1119
36083.71 1120
36083.71 1121
36083.71 1122
36083.71 1123
36083.71 1124
36083.71 1125
36083.71 1126
36083.71 1127
36083.71 1128
36083.71 1129
36083.71 1130
36083.71 1131
36083.71 1132
36083.71 1133
36083.71 1134
36083.71 1135
36083.71 1136
36083.71 1137
36083.71 1138
36083.71 1139
36083.71 1140
36083.71 1141
36083.71 1142
36083.71 1143
36083.71 1144
36083.71 1145
36083.71 1146
36083.71 1147
36083.71 1148
36083.71 1149
36083.71 1150
36083.71 1151
36083.71 1152
36083.71 1153
36083.71 1154
36083.71 1155
36083.71 1156
36083.71 1157
36083.71 1158
36083.71 1159
36083.71 1160
36083.71 1161
36083.71 1162
36083.71 1163
36083.71 1164
36083.71 1165
36083.71 1166
36083.71 1167
36083.71 1168
36083.71 1169
36083.71 1170
36083.71 1171
36083.71 1172
36083.71 1173
36083.71 1174
36083.71 1175
36083.71 1176
36083.71 1177
36083.71 1178
36083.71 1179
36083.71 1180
36083.71 1181
36083.71 1182
36083.71 1183
36083.71 1184
36083.71 1185
36083.71 1186
36083.71 1187
36083.71 1188
36083.71 1189
36083.71 1190
36083.71 1191
36083.71 1192
36083.71 1193
36083.71 1194
36083.71 1195
36083.71 1196
36083.71 1197
36083.71 1198
36083.71 1199
36083.71 1200
36083.71 1201
36083.71 1202
36083.71 1203
36083.71 1204
36083.71 1205
36083.71 1206
36083.71 1207
36083.71 1208
36083.71 1209
36083.71 1210
36083.71 1211
36083.71 1212
36083.71 1213
36083.71 1214
36083.71 1215
36083.71 1216
36083.71 1217
36083.71 1218
36083.71 1219
36083.71 1220
36083.71 1221
36083.71 1222
36083.71 1223
36083.71 1224
36083.71 1225
36083.71 1226
36083.71 1227
36083.71 1228
36083.71 1229
36083.71 1230
36083.71 1231
36083.71 1232
36083.71 1233
36083.71 1234
36083.71 1235
36083.71 1236
36083.71 1237
36083.71 1238
36083.71 1239
36083.71 1240
36083.71 1241
36083.71 1242
36083.71 1243
36083.71 1244
36083.71 1245
36083.71 1246
36083.71 1247
36083.71 1248
36083.71 1249
36083.71 1250
36083.71 1251
36083.71 1252
36083.71 1253
36083.71 1254
36083.71 1255
36083.71 1256
36083.71 1257
36083.71 1258
36083.71 1259
36083.71 1260
36083.71 1261
36083.71 1262
36083.71 1263
36083.71 1264
36083.71 1265
36083.71 1266
36083.71 1267
36083.71 1268
36083.71 1269
36083.71 1270
36083.71 1271
36083.71 1272
36083.71 1273
36083.71 1274
36083.71 1275
36083.71 1276
36083.71 1277
36083.71 1278
36083.71 1279
36083.71 1280
36083.71 1281
36083.71 1282
36083.71 1283
36083.71 1284
36083.71 1285
36083.71 1286
36083.71 1287
36083.71 1288
36083.71 1289
36083.71 1290
36083.71 1291
36083.71 1292
36083.71 1293
36083.71 1294
36083.71 1295
36083.71 1296
36083.71 1297
36083.71 1298
36083.71 1299
36083.71 1300
36083.71 1301
36083.71 1302
36083.71 1303
36083.71 1304
36083.71 1305
36083.71 1306
36083.71 1307
36083.71 1308
36083.71 1309
36083.71 1310
36083.71 1311
36083.71 1312
36083.71 1313
36083.71 1314
36083.71 1315
36083.71 1316
36083.71 1317
36083.71 1318
36083.71 1319
36083.71 1320
36083.71 1321
36083.71 1322
36083.71 1323
36083.71 1324
36083.71 1325
36083.71 1326
36083.71 1327
36083.71 1328
36083.71 1329
36083.71 1330
36083.71 1331
36083.71 1332
36083.71 1333
36083.71 1334
36083.71 1335
36083.71 1336
36083.71 1337
36083.71 1338
36083.71 1339
36083.71 1340
36083.71 1341
36083.71 1342
36083.71 1343
36083.71 1344
36083.71 1345
36083.71 1346
36083.71 1347
36083.71 1348
36083.71 1349
36083.71 1350
36083.71 1351
36083.71 1352
36083.71 1353
36083.71 1354
36083.71 1355
36083.71 1356
36083.71 1357
36083.71 1358
36083.71 1359
36083.71 1360
36083.71 1361
36083.71 1362
36083.71 1363
36083.71 1364
36083.71 1365
36083.71 1366
36083.71 1367
36083.71 1368
36083.71 1369
36083.71 1370
36083.71 1371
36083.71 1372
36083.71 1373
36083.71 1374
36083.71 1375
36083.71 1376
36083.71 1377
36083.71 1378
36083.71 1379
36083.71 1380
36083.71 1381
36083.71 1382
36083.71 1383
36083.71 1384
36083.71 1385
36083.71 1386
36083.71 1387
36083.71 1388
36083.71 1389
36083.71 1390
36083.71 1391
36083.71 1392
36083.71 1393
36083.71 1394
36083.71 1395
36083.71 1396
36083.71 1397
36083.71 1398
36083.71 1399
36083.71 1400
36083.71 1401
36083.71 1402
36083.71 1403
36083.71 1404
36083.71 1405
36083.71 1406
36083.71 1407
36083.71 1408
36083.71 1409
36083.71 1410
36083.71 1411
36083.71 1412
36083.71 1413
36083.71 1414
36083.71 1415
36083.71 1416
36083.71 1417
36083.71 1418
36083.71 1419
36083.71 1420
36083.71 1421
36083.71 1422
36083.71 1423
36083.71 1424
36083.71 1425
36083.71 1426
36083.71 1427
36083.71 1428
36083.71 1429
36083.71 1430
36083.71 1431
36083.71 1432
36083.71 1433
36083.71 1434
36083.71 1435
36083.71 1436
36083.71 1437
36083.71 1438
36083.71 1439
36083.71 1440
36083.71 1441
36083.71 1442
36083.71 1443
36083.71 1444
36083.71 1445
36083.71 1446
36083.71 1447
36083.71 1448
36083.71 1449
36083.71 1450
36083.71 1451
36083.71 1452
36083.71 1453
36083.71 1454
36083.71 1455
36083.71 1456
36083.71 1457
36083.71 1458
36083.71 1459
36083.71 1460
36083.71 1461
36083.71 1462
36083.71 1463
36083.71 1464
36083.71 1465
36083.71 1466
36083.71 1467
36083.71 1468
36083.71 1469
36083.71 1470
36083.71 1471
36083.71 1472
36083.71 1473
36083.71 1474
36083.71 1475
36083.71 1476
36083.71 1477
36083.71 1478
36083.71 1479
36083.71 1480
36083.71 1481
36083.71 1482
36083.71 1483
36083.71 1484
36083.71 1485
36083.71 1486
36083.71 1487
36083.71 1488
36083.71 1489
36083.71 1490
36083.71 1491
36083.71 1492
36083.71 1493
36083.71 1494
36083.71 1495
36083.71 1496
36083.71 1497
36083.71 1498
36083.71 1499
36083.71 1500
36083.71 1501
36083.71 1502
36083.71 1503
36083.71 1504
36083.71 1505
36083.71 1506
36083.71 1507
36083.71 1508
36083.71 1509
36083.71 1510
36083.71 1511
36083.71 1512
36083.71 1513
36083.71 1514
36083.71 1515
36083.71 1516
36083.71 1517
36083.71 1518
36083.71 1519
36083.71 1520
36083.71 1521
36083.71 1522
36083.71 1523
36083.71 1524
36083.71 1525
36083.71 1526
36083.71 1527
36083.71 1528
36083.71 1529
36083.71 1530
36083.71 1531
36083.71 1532
36083.71 1533
36083.71 1534
36083.71 1535
36083.71 1536
36083.71 1537
36083.71 1538
36083.71 1539
36083.71 1540
36083.71 1541
36083.71 1542
36083.71 1543
36083.71 1544
36083.71 1545
36083.71 1546
36083.71 1547
36083.71 1548
36083.71 1549
36083.71 1550
36083.71 1551
36083.71 1552
36083.71 1553
36083.71 1554
36083.71 1555
36083.71 1556
36083.71 1557
36083.71 1558
36083.71 1559
36083.71 1560
36083.71 1561
36083.71 1562
36083.71 1563
36083.71 1564
36083.71 1565
36083.71 1566
36083.71 1567
36083.71 1568
36083.71 1569
36083.71 1570
36083.71 1571
36083.71 1572
36083.71 1573
36083.71 1574
36083.71 1575
36083.71 1576
36083.71 1577
36083.71 1578
36083.71 1579
36083.71 1580
36083.71 1581
36083.71 1582
36083.71 1583
36083.71 1584
36083.71 1585
36083.71 1586
36083.71 1587
36083.71 1588
36083.71 1589
36083.71 1590
36083.71 1591
36083.71 1592
36083.71 1593
36083.71 1594
36083.71 1595
36083.71 1596
36083.71 1597
36083.71 1598
36083.71 1599
36083.71 1600
36083.71 1601
36083.71 1602
36083.71 1603
36083.71 1604
36083.71 1605
36083.71 1606
36083.71 1607
36083.71 1608
36083.71 1609
36083.71 1610
36083.71 1611
36083.71 1612
36083.71 1613
36083.71 1614
36083.71 1615
36083.71 1616
36083.71 1617
36083.71 1618
36083.71 1619
36083.71 1620
36083.71 1621
36083.71 1622
36083.71 1623
36083.71 1624
36083.71 1625
36083.71 1626
36083.71 1627
36083.71 1628
36083.71 1629
36083.71 1630
36083.71 1631
36083.71 1632
36083.71 1633
36083.71 1634
36083.71 1635
36083.71 1636
36083.71 1637
36083.71 1638
36083.71 1639
36083.71 1640
36083.71 1641
36083.71 1642
36083.71 1643
36083.71 1644
36083.71 1645
36083.71 1646
36083.71 1647
36083.71 1648
36083.71 1649
36083.71 1650
36083.71 1651
36083.71 1652
36083.71 1653
36083.71 1654
36083.71 1655
36083.71 1656
36083.71 1657
36083.71 1658
36083.71 1659
36083.71 1660
36083.71 1661
36083.71 1662
36083.71 1663
36083.71 1664
36083.71 1665
36083.71 1666
36083.71 1667
36083.71 1668
36083.71 1669
36083.71 1670
36083.71 1671
36083.71 1672
36083.71 1673
36083.71 1674
36083.71 1675
36083.71 1676
36083.71 1677
36083.71 1678
36083.71 1679
36083.71 1680
36083.71 1681
36083.71 1682
36083.71 1683
36083.71 1684
36083.71 1685
36083.71 1686
36083.71 1687
36083.71 1688
36083.71 1689
36083.71 1690
36083.71 1691
36083.71 1692
36083.71 1693
36083.71 1694
36083.71 1695
36083.71 1696
36083.71 1697
36083.71 1698
36083.71 1699
36083.71 1700
36083.71 1701
36083.71 1702
36083.71 1703
36083.71 1704
36083.71 1705
36083.71 1706
36083.71 1707
36083.71 1708
36083.71 1709
36083.71 1710
36083.71 1711
36083.71 1712
36083.71 1713
36083.71 1714
36083.71 1715
36083.71 1716
36083.71 1717
36083.71 1718
36083.71 1719
36083.71 1720
36083.71 1721
36083.71 1722
36083.71 1723
36083.71 1724
36083.71 1725
36083.71 1726
36083.71 1727
36083.71 1728
36083.71 1729
36083.71 1730
36083.71 1731
36083.71 1732
36083.71 1733
36083.71 1734
36083.71 1735
36083.71 1736
36083.71 1737
36083.71 1738
36083.71 1739
36083.71 1740
36083.71 1741
36083.71 1742
36083.71 1743
36083.71 1744
36083.71 1745
36083.71 1746
36083.71 1747
36083.71 1748
36083.71 1749
36083.71 1750
36083.71 1751
36083.71 1752
36083.71 1753
36083.71 1754
36083.71 1755
36083.71 1756
36083.71 1757
36083.71 1758
36083.71 1759
36083.71 1760
36083.71 1761
36083.71 1762
36083.71 1763
36083.71 1764
36083.71 1765
36083.71 1766
36083.71 1767
36083.71 1768
36083.71 1769
36083.71 1770
36083.71 1771
36083.71 1772
36083.71 1773
36083.71 1774
36083.71 1775
36083.71 1776
36083.71 1777
36083.71 1778
36083.71 1779
36083.71 1780
36083.71 1781
36083.71 1782
36083.71 1783
36083.71 1784
36083.71 1785
36083.71 1786
36083.71 1787
36083.71 1788
36083.71 1789
36083.71 1790
36083.71 1791
36083.71 1792
36083.71 1793
36083.71 1794
36083.71 1795
36083.71 1796
36083.71 1797
36083.71 1798
36083.71 1799
36083.71 1800
36083.71 1801
36083.71 1802
36083.71 1803
36083.71 1804
36083.71 1805
36083.71 1806
36083.71 1807
36083.71 1808
36083.71 1809
36083.71 1810
36083.71 1811
36083.71 1812
36083.71 1813
36083.71 1814
36083.71 1815
36083.71 1816
36083.71 1817
36083.71 1818
36083.71 1819
36083.71 1820
36083.71 1821
36083.71 1822
36083.71 1823
36083.71 1824
36083.71 1825
36083.71 1826
36083.71 1827
36083.71 1828
36083.71 1829
36083.71 1830
36083.71 1831
36083.71 1832
36083.71 1833
36083.71 1834
36083.71 1835
36083.71 1836
36083.71 1837
36083.71 1838
36083.71 1839
36083.71 1840
36083.71 1841
36083.71 1842
36083.71 1843
36083.71 1844
36083.71 1845
36083.71 1846
36083.71 1847
36083.71 1848
36083.71 1849
36083.71 1850
36083.71 1851
36083.71 1852
36083.71 1853
36083.71 1854
36083.71 1855
36083.71 1856
36083.71 1857
36083.71 1858
36083.71 1859
36083.71 1860
36083.71 1861
36083.71 1862
36083.71 1863
36083.71 1864
36083.71 1865
36083.71 1866
36083.71 1867
36083.71 1868
36083.71 1869
36083.71 1870
36083.71 1871
36083.71 1872
36083.71 1873
36083.71 1874
36083.71 1875
36083.71 1876
36083.71 1877
36083.71 1878
36083.71 1879
36083.71 1880
36083.71 1881
36083.71 1882
36083.71 1883
36083.71 1884
36083.71 1885
36083.71 1886
36083.71 1887
36083.71 1888
36083.71 1889
36083.71 1890
36083.71 1891
36083.71 1892
36083.71 1893
36083.71 1894
36083.71 1895
36083.71 1896
36083.71 1897
36083.71 1898
36083.71 1899
36083.71 1900
36083.71 1901
36083.71 1902
36083.71 1903
36083.71 1904
36083.71 1905
36083.71 1906
36083.71 1907
36083.71 1908
36083.71 1909
36083.71 1910
36083.71 1911
36083.71 1912
36083.71 1913
36083.71 1914
36083.71 1915
36083.71 1916
36083.71 1917
36083.71 1918
36083.71 1919
36083.71 1920
36083.71 1921
36083.71 1922
36083.71 1923
36083.71 1924
36083.71 1925
36083.71 1926
36083.71 1927
36083.71 1928
36083.71 1929
36083.71 1930
36083.71 1931
36083.71 1932
36083.71 1933
36083.71 1934
36083.71 1935
36083.71 1936
36083.71 1937
36083.71 1938
36083.71 1939
36083.71 1940
36083.71 1941
36083.71 1942
36083.71 1943
36083.71 1944
36083.71 1945
36083.71 1946
36083.71 1947
36083.71 1948
36083.71 1949
36083.71 1950
36083.71 1951
36083.71 1952
36083.71 1953
36083.71 1954
36083.71 1955
36083.71 1956
36083.71 1957
36083.71 1958
36083.71 1959
36083.71 1960
36083.71 1961
36083.71 1962
36083.71 1963
36083.71 1964
36083.71 1965
36083.71 1966
36083.71 1967
36083.71 1968
36083.71 1969
36083.71 1970
36083.71 1971
36083.71 1972
36083.71 1973
36083.71 1974
36083.71 1975
36083.71 1976
36083.71 1977
36083.71 1978
36083.71 1979
36083.71 1980
36083.71 1981
36083.71 1982
36083.71 1983
36083.71 1984
36083.71 1985
36083.71 1986
36083.71 1987
36083.71 1988
36083.71 1989
36083.71 1990
36083.71 1991
36083.71 1992
36083.71 1993
36083.71 1994
36083.71 1995
36083.71 1996
36083.71 1997
36083.71 1998
36083.71 1999
36083.71 2000
36083.71 2001
36083.71 2002
36083.71 2003
36083.71 2004
36083.71 2005
36083.71 2006
36083.71 2007
36083.71 2008
36083.71 2009
36083.71 2010
36083.71 2011
36083.71 2012
36083.71 2013
36083.71 2014
36083.71 2015
36083.71 2016
36083.71 2017
36083.71 2018
36083.71 2019
36083.71 2020
36083.71 2021
36083.71 2022
36083.71 2023
36083.71 2024
36083.71 2025
36083.71 2026
36083.71 2027
36083.71 2028
36083.71 2029
36083.71 2030
36083.71 2031
36083.71 2032
36083.71 2033
36083.71 2034
36083.71 2035
36083.71 2036
36083.71 2037
36083.71 2038
36083.71 2039
36083.71 2040
36083.71 2041
36083.71 2042
36083.71 2043
36083.71 2044
36083.71 2045
36083.71 2046
36083.71 2047
36083.71 2048
36083.71 2049
36083.71 2050
36083.71 2051
36083.71 2052
36083.71 2053
36083.71 2054
36083.71 2055
36083.71 2056
36083.71 2057
36083.71 2058
36083.71 2059
36083.71 2060
36083.71 2061
36083.71 2062
36083.71 2063
36083.71 2064
36083.71 2065
36083.71 2066
36083.71 2067
36083.71 2068
36083.71 2069
36083.71 2070
36083.71 2071
36083.71 2072
36083.71 2073
36083.71 2074
36083.71 2075
36083.71 2076
36083.71 2077
36083.71 2078
36083.71 2079
36083.71 2080
36083.71 2081
36083.71 2082
36083.71 2083
36083.71 2084
36083.71 2085
36083.71 2086
36083.71 2087
36083.71 2088
36083.71 2089
36083.71 2090
36083.71 2091
36083.71 2092
36083.71 2093
36083.71 2094
36083.71 2095
36083.71 2096
36083.71 2097
36083.71 2098
36083.71 2099
36083.71 2100
36083.71 2101
36083.71 2102
36083.71 2103
36083.71 2104
36083.71 2105
36083.71 2106
36083.71 2107
36083.71 2108
36083.71 2109
36083.71 2110
36083.71 2111
36083.71 2112
36083.71 2113
36083.71 2114
36083.71 2115
36083.71 2116
36083.71 2117
36083.71 2118
36083.71 2119
36083.71 2120
36083.71 2121
36083.71 2122
36083.71 2123
36083.71 2124
36083.71 2125
36083.71 2126
36083.71 2127
36083.71 2128
36083.71 2129
36083.71 2130
36083.71 2131
36083.71 2132
36083.71 2133
36083.71 2134
36083.71 2135
36083.71 2136
36083.71 2137
36083.71 2138
36083.71 2139
36083.71 2140
36083.71 2141
36083.71 2142
36083.71 2143
36083.71 2144
36083.71 2145
36083.71 2146
36083.71 2147
36083.71 2148
36083.71 2149
36083.71 2150
36083.71 2151
36083.71 2152
36083.71 2153
36083.71 2154
36083.71 2155
36083.71 2156
36083.71 2157
36083.71 2158
36083.71 2159
36083.71 2160
36083.71 2161
36083.71 2162
36083.71 2163
36083.71 2164
36083.71 2165
36083.71 2166
36083.71 2167
36083.71 2168
36083.71 2169
36083.71 2170
36083.71 2171
36083.71 2172
36083.71 2173
36083.71 2174
36083.71 2175
36083.71 2176
36083.71 2177
36083.71 2178
36083.71 2179
36083.71 2180
36083.71 2181
36083.71 2182
36083.71 2183
36083.71 2184
36083.71 2185
36083.71 2186
36083.71 2187
36083.71 2188
36083.71 2189
36083.71 2190
36083.71 2191
36083.71 2192
36083.71 2193
36083.71 2194
36083.71 2195
36083.71 2196
36083.71 2197
36083.71 2198
36083.71 2199
36083.71 2200
36083.71 2201
36083.71 2202
36083.71 2203
36083.71 2204
36083.71 2205
36083.71 2206
36083.71 2207
36083.71 2208
36083.71 2209
36083.71 2210
36083.71 2211
36083.71 2212
36083.71 2213
36083.71 2214
36083.71 2215
36083.71 2216
36083.71 2217
36083.71 2218
36083.71 2219
36083.71 2220
36083.71 2221
36083.71 2222
36083.71 2223
36083.71 2224
36083.71 2225
36083.71 2226
36083.71 2227
36083.71 2228
36083.71 2229
36083.71 2230
36083.71 2231
36083.71 2232
36083.71 2233
36083.71 2234
36083.71 2235
36083.71 2236
36083.71 2237
36083.71 2238
36083.71 2239
36083.71 2240
36083.71 2241
36083.71 2242
36083.71 2243
36083.71 2244
36083.71 2245
36083.71 2246
36083.71 2247
36083.71 2248
36083.71 2249
36083.71 2250
36083.71 2251
36083.71 2252
36083.71 2253
36083.71 2254
36083.71 2255
36083.71 2256
36083.71 2257
36083.71 2258
36083.71 2259
36083.71 2260
36083.71 2261
36083.71 2262
36083.71 2263
36083.71 2264
36083.71 2265
36083.71 2266
36083.71 2267
36083.71 2268
36083.71 2269
36083.71 2270
36083.71 2271
36083.71 2272
36083.71 2273
36083.71 2274
36083.71 2275
36083.71 2276
36083.71 2277
36083.71 2278
36083.71 2279
36083.71 2280
36083.71 2281
36083.71 2282
36083.71 2283
36083.71 2284
36083.71 2285
36083.71 2286
36083.71 2287
36083.71 2288
36083.71 2289
36083.71 2290
36083.71 2291
36083.71 2292
36083.71 2293
36083.71 2294
36083.71 2295
36083.71 2296
36083.71 2297
36083.71 2298
36083.71 2299
36083.71 2300
36083.71 2301
36083.71 2302
36083.71 2303
36083.71 2304
36083.71 2305
36083.71 2306
36083.71 2307
36083.71 2308
36083.71 2309
36083.71 2310
36083.71 2311
36083.71 2312
36083.71 2313
36083.71 2314
36083.71 2315
36083.71 2316
36083.71 2317
36083.71 2318
36083.71 2319
36083.71 2320
36083.71 2321
36083.71 2322
36083.71 2323
36083.71 2324
36083.71 2325
36083.71 2326
36083.71 2327
36083.71 2328
36083.71 2329
36083.71 2330
36083.71 2331
36083.71 2332
36083.71 2333
36083.71 2334
36083.71 2335
36083.71 2336
36083.71 2337
36083.71 2338
36083.71 2339
36083.71 2340
36083.71 2341
36083.71 2342
36083.71 2343
36083.71 2344
36083.71 2345
36083.71 2346
36083.71 2347
36083.71 2348
36083.71 2349
36083.71 2350
36083.71 2351
36083.71 2352
36083.71 2353
36083.71 2354
36083.71 2355
36083.71 2356
36083.71 2357
36083.71 2358
36083.71 2359
36083.71 2360
36083.71 2361
36083.71 2362
36083.71 2363
36083.71 2364
36083.71 2365
36083.71 2366
36083.71 2367
36083.71 2368
36083.71 2369
36083.71 2370
36083.71 2371
36083.71 2372
36083.71 2373
36083.71 2374
36083.71 2375
36083.71 2376
36083.71 2377
36083.71 2378
36083.71 2379
36083.71 2380
36083.71 2381
36083.71 2382
36083.71 2383
36083.71 2384
36083.71 2385
36083.71 2386
36083.71 2387
36083.71 2388
36083.71 2389
36083.71 2390
36083.71 2391
36083.71 2392
36083.71 2393
36083.71 2394
36083.71 2395
36083.71 2396
36083.71 2397
36083.71 2398
36083.71 2399
36083.71 2400
36083.71 2401
36083.71 2402
36083.71 2403
36083.71 2404
36083.71 2405
36083.71 2406
36083.71 2407
36083.71 2408
36083.71 2409
36083.71 2410
36083.71 2411
36083.71 2412
36083.71 2413
36083.71 2414
36083.71 2415
36083.71 2416
36083.71 2417
36083.71 2418
36083.71 2419
36083.71 2420
36083.71 2421
36083.71 2422
36083.71 2423
36083.71 2424
36083.71 2425
36083.71 2426
36083.71 2427
36083.71 2428
36083.71 2429
36083.71 2430
36083.71 2431
36083.71 2432
36083.71 2433
36083.71 2434
36083.71 2435
36083.71 2436
36083.71 2437
36083.71 2438
36083.71 2439
36083.71 2440
36083.71 2441
36083.71 2442
36083.71 2443
36083.71 2444
36083.71 2445
36083.71 2446
36083.71 2447
36083.71 2448
36083.71 2449
36083.71 2450
36083.71 2451
36083.71 2452
36083.71 2453
36083.71 2454
36083.71 2455
36083.71 2456
36083.71 2457
36083.71 2458
36083.71 2459
36083.71 2460
36083.71 2461
36083.71 2462
36083.71 2463
36083.71 2464
36083.71 2465
36083.71 2466
36083.71 2467
36083.71 2468
36083.71 2469
36083.71 2470
36083.71 2471
36083.71 2472
36083.71 2473
36083.71 2474
36083.71 2475
36083.71 2476
36083.71 2477
36083.71 2478
36083.71 2479
36083.71 2480
36083.71 2481
36083.71 2482
36083.71 2483
36083.71 2484
36083.71 2485
36083.71 2486
36083.71 2487
36083.71 2488
36083.71 2489
36083.71 2490
36083.71 2491
36083.71 2492
36083.71 2493
36083.71 2494
36083.71 2495
36083.71 2496
36083.71 2497
36083.71 2498
36083.71 2499
36083.71 2500
36083.71 2501
36083.71 2502
36083.71 2503
36083.71 2504
36083.71 2505
36083.71 2506
36083.71 2507
36083.71 2508
36083.71 2509
36083.71 2510
36083.71 2511
36083.71 2512
36083.71 2513
36083.71 2514
36083.71 2515
36083.71 2516
36083.71 2517
36083.71 2518
36083.71 2519
36083.71 2520
36083.71 2521
36083.71 2522
36083.71 2523
36083.71 2524
36083.71 2525
36083.71 2526
36083.71 2527
36083.71 2528
36083.71 2529
36083.71 2530
36083.71 2531
36083.71 2532
36083.71 2533
36083.71 2534
36083.71 2535
36083.71 2536
36083.71 2537
36083.71 2538
36083.71 2539
36083.71 2540
36083.71 2541
36083.71 2542
36083.71 2543
36083.71 2544
36083.71 2545
36083.71 2546
36083.71 2547
36083.71 2548
36083.71 2549
36083.71 2550
36083.71 2551
36083.71 2552
36083.71 2553
36083.71 2554
36083.71 2555
36083.71 2556
36083.71 2557
36083.71 2558
36083.71 2559
36083.71 2560
36083.71 2561
36083.71 2562
36083.71 2563
36083.71 2564
36083.71 2565
36083.71 2566
36083.71 2567
36083.71 2568
36083.71 2569
36083.71 2570
36083.71 2571
36083.71 2572
36083.71 2573
36083.71 2574
36083.71 2575
36083.71 2576
36083.71 2577
36083.71 2578
36083.71 2579
36083.71 2580
36083.71 2581
36083.71 2582
36083.71 2583
36083.71 2584
36083.71 2585
36083.71 2586
36083.71 2587
36083.71 2588
36083.71 2589
36083.71 2590
36083.71 2591
36083.71 2592
36083.71 2593
36083.71 2594
36083.71 2595
36083.71 2596
36083.71 2597
36083.71 2598
36083.71 2599
36083.71 2600
36083.71 2601
36083.71 2602
36083.71 2603
36083.71 2604
36083.71 2605
36083.71 2606
36083.71 2607
36083.71 2608
36083.71 2609
36083.71 2610
36083.71 2611
36083.71 2612
36083.71 2613
36083.71 2614
36083.71 2615
36083.71 2616
36083.71 2617
36083.71 2618
36083.71 2619
36083.71 2620
36083.71 2621
36083.71 2622
36083.71 2623
36083.71 2624
36083.71 2625
36083.71 2626
36083.71 2627
36083.71 2628
36083.71 2629
36083.71 2630
36083.71 2631
36083.71 2632
36083.71 2633
36083.71 2634
36083.71 2635
36083.71 2636
36083.71 2637
36083.71 2638
36083.71 2639
36083.71 2640
36083.71 2641
36083.71 2642
36083.71 2643
36083.71 2644
36083.71 2645
36083.71 2646
36083.71 2647
36083.71 2648
36083.71 2649
36083.71 2650
36083.71 2651
36083.71 2652
36083.71 2653
36083.71 2654
36083.71 2655
36083.71 2656
36083.71 2657
36083.71 2658
36083.71 2659
36083.71 2660
36083.71 2661
36083.71 2662
36083.71 2663
36083.71 2664
36083.71 2665
36083.71 2666
36083.71 2667
36083.71 2668
36083.71 2669
36083.71 2670
36083.71 2671
36083.71 2672
36083.71 2673
36083.71 2674
36083.71 2675
36083.71 2676
36083.71 2677
36083.71 2678
36083.71 2679
36083.71 2680
36083.71 2681
36083.71 2682
36083.71 2683
36083.71 2684
36083.71 2685
36083.71 2686
36083.71 2687
36083.71 2688
36083.71 2689
36083.71 2690
36083.71 2691
36083.71 2692
36083.71 2693
36083.71 2694
36083.71 2695
36083.71 2696
36083.71 2697
36083.71 2698
36083.71 2699
36083.71 2700
36083.71 2701
36083.71 2702
36083.71 2703
36083.71 2704
36083.71 2705
36083.71 2706
36083.71 2707
36083.71 2708
36083.71 2709
36083.71 2710
36083.71 2711
36083.71 2712
36083.71 2713
36083.71 2714
36083.71 2715
36083.71 2716
36083.71 2717
36083.71 2718
36083.71 2719
36083.71 2720
36083.71 2721
36083.71 2722
36083.71 2723
36083.71 2724
36083.71 2725
36083.71 2726
36083.71 2727
36083.71 2728
36083.71 2729
36083.71 2730
36083.71 2731
36083.71 2732
36083.71 2733
36083.71 2734
36083.71 2735
36083.71 2736
36083.71 2737
36083.71 2738
36083.71 2739
36083.71 2740
36083.71 2741
36083.71 2742
36083.71 2743
36083.71 2744
36083.71 2745
36083.71 2746
36083.71 2747
36083.71 2748
36083.71 2749
36083.71 2750
36083.71 2751
36083.71 2752
36083.71 2753
36083.71 2754
36083.71 2755
36083.71 2756
36083.71 2757
36083.71 2758
36083.71 2759
36083.71 2760
36083.71 2761
36083.71 2762
36083.71 2763
36083.71 2764
36083.71 2765
36083.71 2766
36083.71 2767
36083.71 2768
36083.71 2769
36083.71 2770
36083.71 2771
36083.71 2772
36083.71 2773
36083.71 2774
36083.71 2775
36083.71 2776
36083.71 2777
36083.71 2778
36083.71 2779
36083.71 2780
36083.71 2781
36083.71 2782
36083.71 2783
36083.71 2784
36083.71 2785
36083.71 2786
36083.71 2787
36083.71 2788
36083.71 2789
36083.71 2790
36083.71 2791
36083.71 2792
36083.71 2793
36083.71 2794
36083.71 2795
36083.71 2796
36083.71 2797
36083.71 2798
36083.71 2799
36083.71 2800
36083.71 2801
36083.71 2802
36083.71 2803
36083.71 2804
36083.71 2805
36083.71 2806
36083.71 2807
36083.71 2808
36083.71 2809
36083.71 2810
36083.71 2811
36083.71 2812
36083.71 2813
36083.71 2814
36083.71 2815
36083.71 2816
36083.71 2817
36083.71 2818
36083.71 2819
36083.71 2820
36083.71 2821
36083.71 2822
36083.71 2823
36083.71 2824
36083.71 2825
36083.71 2826
36083.71 2827
36083.71 2828
36083.71 2829
36083.71 2830
36083.71 2831
36083.71 2832
36083.71 2833
36083.71 2834
36083.71 2835
36083.71 2836
36083.71 2837
36083.71 2838
36083.71 2839
36083.71 2840
36083.71 2841
36083.71 2842
36083.71 2843
36083.71 2844
36083.71 2845
36083.71 2846
36083.71 2847
36083.71 2848
36083.71 2849
36083.71 2850
36083.71 2851
36083.71 2852
36083.71 2853
36083.71 2854
36083.71 2855
36083.71 2856
36083.71 2857
36083.71 2858
36083.71 2859
36083.71 2860
36083.71 2861
36083.71 2862
36083.71 2863
36083.71 2864
36083.71 2865
36083.71 2866
36083.71 2867
36083.71 2868
36083.71 2869
36083.71 2870
36083.71 2871
36083.71 2872
36083.71 2873
36083.71 2874
36083.71 2875
36083.71 2876
36083.71 2877
36083.71 2878
36083.71 2879
36083.71 2880
36083.71 2881
36083.71 2882
36083.71 2883
36083.71 2884
36083.71 2885
36083.71 2886
36083.71 2887
36083.71 2888
36083.71 2889
36083.71 2890
