# H/nR [K], depth [km]
48111.62 1
48111.62 2
48111.62 3
48111.62 4
48111.62 5
48111.62 6
48111.62 7
48111.62 8
48111.62 9
48111.62 10
48111.62 11
48111.62 12
48111.62 13
48111.62 14
48111.62 15
48111.62 16
48111.62 17
48111.62 18
48111.62 19
48111.62 20
48111.62 21
48111.62 22
48111.62 23
48111.62 24
48111.62 25
48111.62 26
48111.62 27
48111.62 28
48111.62 29
48111.62 30
48111.62 31
48111.62 32
48111.62 33
48111.62 34
48111.62 35
48111.62 36
48111.62 37
48111.62 38
48111.62 39
48111.62 40
48111.62 41
48111.62 42
48111.62 43
48111.62 44
48111.62 45
48111.62 46
48111.62 47
48111.62 48
48111.62 49
48111.62 50
48111.62 51
48111.62 52
48111.62 53
48111.62 54
48111.62 55
48111.62 56
48111.62 57
48111.62 58
48111.62 59
48111.62 60
48111.62 61
48111.62 62
48111.62 63
48111.62 64
48111.62 65
48111.62 66
48111.62 67
48111.62 68
48111.62 69
48111.62 70
48111.62 71
48111.62 72
48111.62 73
48111.62 74
48111.62 75
48111.62 76
48111.62 77
48111.62 78
48111.62 79
48111.62 80
48111.62 81
48111.62 82
48111.62 83
48111.62 84
48111.62 85
48111.62 86
48111.62 87
48111.62 88
48111.62 89
48111.62 90
48111.62 91
48111.62 92
48111.62 93
48111.62 94
48111.62 95
48111.62 96
48111.62 97
48111.62 98
48111.62 99
48111.62 100
48111.62 101
48111.62 102
48111.62 103
48111.62 104
48111.62 105
48111.62 106
48111.62 107
48111.62 108
48111.62 109
48111.62 110
48111.62 111
48111.62 112
48111.62 113
48111.62 114
48111.62 115
48111.62 116
48111.62 117
48111.62 118
48111.62 119
48111.62 120
48111.62 121
48111.62 122
48111.62 123
48111.62 124
48111.62 125
48111.62 126
48111.62 127
48111.62 128
48111.62 129
48111.62 130
48111.62 131
48111.62 132
48111.62 133
48111.62 134
48111.62 135
48111.62 136
48111.62 137
48111.62 138
48111.62 139
48111.62 140
48111.62 141
48111.62 142
48111.62 143
48111.62 144
48111.62 145
48111.62 146
48111.62 147
48111.62 148
48111.62 149
48111.62 150
48111.62 151
48111.62 152
48111.62 153
48111.62 154
48111.62 155
48111.62 156
48111.62 157
48111.62 158
48111.62 159
48111.62 160
48111.62 161
48111.62 162
48111.62 163
48111.62 164
48111.62 165
48111.62 166
48111.62 167
48111.62 168
48111.62 169
48111.62 170
48111.62 171
48111.62 172
48111.62 173
48111.62 174
48111.62 175
48111.62 176
48111.62 177
48111.62 178
48111.62 179
48111.62 180
48111.62 181
48111.62 182
48111.62 183
48111.62 184
48111.62 185
48111.62 186
48111.62 187
48111.62 188
48111.62 189
48111.62 190
48111.62 191
48111.62 192
48111.62 193
48111.62 194
48111.62 195
48111.62 196
48111.62 197
48111.62 198
48111.62 199
48111.62 200
48111.62 201
48111.62 202
48111.62 203
48111.62 204
48111.62 205
48111.62 206
48111.62 207
48111.62 208
48111.62 209
48111.62 210
48111.62 211
48111.62 212
48111.62 213
48111.62 214
48111.62 215
48111.62 216
48111.62 217
48111.62 218
48111.62 219
48111.62 220
48111.62 221
48111.62 222
48111.62 223
48111.62 224
48111.62 225
48111.62 226
48111.62 227
48111.62 228
48111.62 229
48111.62 230
48111.62 231
48111.62 232
48111.62 233
48111.62 234
48111.62 235
48111.62 236
48111.62 237
48111.62 238
48111.62 239
48111.62 240
48111.62 241
48111.62 242
48111.62 243
48111.62 244
48111.62 245
48111.62 246
48111.62 247
48111.62 248
48111.62 249
48111.62 250
48111.62 251
48111.62 252
48111.62 253
48111.62 254
48111.62 255
48111.62 256
48111.62 257
48111.62 258
48111.62 259
48111.62 260
48111.62 261
48111.62 262
48111.62 263
48111.62 264
48111.62 265
48111.62 266
48111.62 267
48111.62 268
48111.62 269
48111.62 270
48111.62 271
48111.62 272
48111.62 273
48111.62 274
48111.62 275
48111.62 276
48111.62 277
48111.62 278
48111.62 279
48111.62 280
48111.62 281
48111.62 282
48111.62 283
48111.62 284
48111.62 285
48111.62 286
48111.62 287
48111.62 288
48111.62 289
48111.62 290
48111.62 291
48111.62 292
48111.62 293
48111.62 294
48111.62 295
48111.62 296
48111.62 297
48111.62 298
48111.62 299
48111.62 300
48111.62 301
48111.62 302
48111.62 303
48111.62 304
48111.62 305
48111.62 306
48111.62 307
48111.62 308
48111.62 309
48111.62 310
48111.62 311
48111.62 312
48111.62 313
48111.62 314
48111.62 315
48111.62 316
48111.62 317
48111.62 318
48111.62 319
48111.62 320
48111.62 321
48111.62 322
48111.62 323
48111.62 324
48111.62 325
48111.62 326
48111.62 327
48111.62 328
48111.62 329
48111.62 330
48111.62 331
48111.62 332
48111.62 333
48111.62 334
48111.62 335
48111.62 336
48111.62 337
48111.62 338
48111.62 339
48111.62 340
48111.62 341
48111.62 342
48111.62 343
48111.62 344
48111.62 345
48111.62 346
48111.62 347
48111.62 348
48111.62 349
48111.62 350
48111.62 351
48111.62 352
48111.62 353
48111.62 354
48111.62 355
48111.62 356
48111.62 357
48111.62 358
48111.62 359
48111.62 360
48111.62 361
48111.62 362
48111.62 363
48111.62 364
48111.62 365
48111.62 366
48111.62 367
48111.62 368
48111.62 369
48111.62 370
48111.62 371
48111.62 372
48111.62 373
48111.62 374
48111.62 375
48111.62 376
48111.62 377
48111.62 378
48111.62 379
48111.62 380
48111.62 381
48111.62 382
48111.62 383
48111.62 384
48111.62 385
48111.62 386
48111.62 387
48111.62 388
48111.62 389
48111.62 390
48111.62 391
48111.62 392
48111.62 393
48111.62 394
48111.62 395
48111.62 396
48111.62 397
48111.62 398
48111.62 399
48111.62 400
48111.62 401
48111.62 402
48111.62 403
48111.62 404
48111.62 405
48111.62 406
48111.62 407
48111.62 408
48111.62 409
48111.62 410
48111.62 411
48111.62 412
48111.62 413
48111.62 414
48111.62 415
48111.62 416
48111.62 417
48111.62 418
48111.62 419
48111.62 420
48111.62 421
48111.62 422
48111.62 423
48111.62 424
48111.62 425
48111.62 426
48111.62 427
48111.62 428
48111.62 429
48111.62 430
48111.62 431
48111.62 432
48111.62 433
48111.62 434
48111.62 435
48111.62 436
48111.62 437
48111.62 438
48111.62 439
48111.62 440
48111.62 441
48111.62 442
48111.62 443
48111.62 444
48111.62 445
48111.62 446
48111.62 447
48111.62 448
48111.62 449
48111.62 450
48111.62 451
48111.62 452
48111.62 453
48111.62 454
48111.62 455
48111.62 456
48111.62 457
48111.62 458
48111.62 459
48111.62 460
48111.62 461
48111.62 462
48111.62 463
48111.62 464
48111.62 465
48111.62 466
48111.62 467
48111.62 468
48111.62 469
48111.62 470
48111.62 471
48111.62 472
48111.62 473
48111.62 474
48111.62 475
48111.62 476
48111.62 477
48111.62 478
48111.62 479
48111.62 480
48111.62 481
48111.62 482
48111.62 483
48111.62 484
48111.62 485
48111.62 486
48111.62 487
48111.62 488
48111.62 489
48111.62 490
48111.62 491
48111.62 492
48111.62 493
48111.62 494
48111.62 495
48111.62 496
48111.62 497
48111.62 498
48111.62 499
48111.62 500
48111.62 501
48111.62 502
48111.62 503
48111.62 504
48111.62 505
48111.62 506
48111.62 507
48111.62 508
48111.62 509
48111.62 510
48111.62 511
48111.62 512
48111.62 513
48111.62 514
48111.62 515
48111.62 516
48111.62 517
48111.62 518
48111.62 519
48111.62 520
48111.62 521
48111.62 522
48111.62 523
48111.62 524
48111.62 525
48111.62 526
48111.62 527
48111.62 528
48111.62 529
48111.62 530
48111.62 531
48111.62 532
48111.62 533
48111.62 534
48111.62 535
48111.62 536
48111.62 537
48111.62 538
48111.62 539
48111.62 540
48111.62 541
48111.62 542
48111.62 543
48111.62 544
48111.62 545
48111.62 546
48111.62 547
48111.62 548
48111.62 549
48111.62 550
48111.62 551
48111.62 552
48111.62 553
48111.62 554
48111.62 555
48111.62 556
48111.62 557
48111.62 558
48111.62 559
48111.62 560
48111.62 561
48111.62 562
48111.62 563
48111.62 564
48111.62 565
48111.62 566
48111.62 567
48111.62 568
48111.62 569
48111.62 570
48111.62 571
48111.62 572
48111.62 573
48111.62 574
48111.62 575
48111.62 576
48111.62 577
48111.62 578
48111.62 579
48111.62 580
48111.62 581
48111.62 582
48111.62 583
48111.62 584
48111.62 585
48111.62 586
48111.62 587
48111.62 588
48111.62 589
48111.62 590
48111.62 591
48111.62 592
48111.62 593
48111.62 594
48111.62 595
48111.62 596
48111.62 597
48111.62 598
48111.62 599
48111.62 600
48111.62 601
48111.62 602
48111.62 603
48111.62 604
48111.62 605
48111.62 606
48111.62 607
48111.62 608
48111.62 609
48111.62 610
48111.62 611
48111.62 612
48111.62 613
48111.62 614
48111.62 615
48111.62 616
48111.62 617
48111.62 618
48111.62 619
48111.62 620
48111.62 621
48111.62 622
48111.62 623
48111.62 624
48111.62 625
48111.62 626
48111.62 627
48111.62 628
48111.62 629
48111.62 630
48111.62 631
48111.62 632
48111.62 633
48111.62 634
48111.62 635
48111.62 636
48111.62 637
48111.62 638
48111.62 639
48111.62 640
48111.62 641
48111.62 642
48111.62 643
48111.62 644
48111.62 645
48111.62 646
48111.62 647
48111.62 648
48111.62 649
48111.62 650
48111.62 651
48111.62 652
48111.62 653
48111.62 654
48111.62 655
48111.62 656
48111.62 657
48111.62 658
48111.62 659
48111.62 660
48111.62 661
48111.62 662
48111.62 663
48111.62 664
48111.62 665
48111.62 666
48111.62 667
48111.62 668
48111.62 669
48111.62 670
48111.62 671
48111.62 672
48111.62 673
48111.62 674
48111.62 675
48111.62 676
48111.62 677
48111.62 678
48111.62 679
48111.62 680
48111.62 681
48111.62 682
48111.62 683
48111.62 684
48111.62 685
48111.62 686
48111.62 687
48111.62 688
48111.62 689
48111.62 690
48111.62 691
48111.62 692
48111.62 693
48111.62 694
48111.62 695
48111.62 696
48111.62 697
48111.62 698
48111.62 699
48111.62 700
48111.62 701
48111.62 702
48111.62 703
48111.62 704
48111.62 705
48111.62 706
48111.62 707
48111.62 708
48111.62 709
48111.62 710
48111.62 711
48111.62 712
48111.62 713
48111.62 714
48111.62 715
48111.62 716
48111.62 717
48111.62 718
48111.62 719
48111.62 720
48111.62 721
48111.62 722
48111.62 723
48111.62 724
48111.62 725
48111.62 726
48111.62 727
48111.62 728
48111.62 729
48111.62 730
48111.62 731
48111.62 732
48111.62 733
48111.62 734
48111.62 735
48111.62 736
48111.62 737
48111.62 738
48111.62 739
48111.62 740
48111.62 741
48111.62 742
48111.62 743
48111.62 744
48111.62 745
48111.62 746
48111.62 747
48111.62 748
48111.62 749
48111.62 750
48111.62 751
48111.62 752
48111.62 753
48111.62 754
48111.62 755
48111.62 756
48111.62 757
48111.62 758
48111.62 759
48111.62 760
48111.62 761
48111.62 762
48111.62 763
48111.62 764
48111.62 765
48111.62 766
48111.62 767
48111.62 768
48111.62 769
48111.62 770
48111.62 771
48111.62 772
48111.62 773
48111.62 774
48111.62 775
48111.62 776
48111.62 777
48111.62 778
48111.62 779
48111.62 780
48111.62 781
48111.62 782
48111.62 783
48111.62 784
48111.62 785
48111.62 786
48111.62 787
48111.62 788
48111.62 789
48111.62 790
48111.62 791
48111.62 792
48111.62 793
48111.62 794
48111.62 795
48111.62 796
48111.62 797
48111.62 798
48111.62 799
48111.62 800
48111.62 801
48111.62 802
48111.62 803
48111.62 804
48111.62 805
48111.62 806
48111.62 807
48111.62 808
48111.62 809
48111.62 810
48111.62 811
48111.62 812
48111.62 813
48111.62 814
48111.62 815
48111.62 816
48111.62 817
48111.62 818
48111.62 819
48111.62 820
48111.62 821
48111.62 822
48111.62 823
48111.62 824
48111.62 825
48111.62 826
48111.62 827
48111.62 828
48111.62 829
48111.62 830
48111.62 831
48111.62 832
48111.62 833
48111.62 834
48111.62 835
48111.62 836
48111.62 837
48111.62 838
48111.62 839
48111.62 840
48111.62 841
48111.62 842
48111.62 843
48111.62 844
48111.62 845
48111.62 846
48111.62 847
48111.62 848
48111.62 849
48111.62 850
48111.62 851
48111.62 852
48111.62 853
48111.62 854
48111.62 855
48111.62 856
48111.62 857
48111.62 858
48111.62 859
48111.62 860
48111.62 861
48111.62 862
48111.62 863
48111.62 864
48111.62 865
48111.62 866
48111.62 867
48111.62 868
48111.62 869
48111.62 870
48111.62 871
48111.62 872
48111.62 873
48111.62 874
48111.62 875
48111.62 876
48111.62 877
48111.62 878
48111.62 879
48111.62 880
48111.62 881
48111.62 882
48111.62 883
48111.62 884
48111.62 885
48111.62 886
48111.62 887
48111.62 888
48111.62 889
48111.62 890
48111.62 891
48111.62 892
48111.62 893
48111.62 894
48111.62 895
48111.62 896
48111.62 897
48111.62 898
48111.62 899
48111.62 900
48111.62 901
48111.62 902
48111.62 903
48111.62 904
48111.62 905
48111.62 906
48111.62 907
48111.62 908
48111.62 909
48111.62 910
48111.62 911
48111.62 912
48111.62 913
48111.62 914
48111.62 915
48111.62 916
48111.62 917
48111.62 918
48111.62 919
48111.62 920
48111.62 921
48111.62 922
48111.62 923
48111.62 924
48111.62 925
48111.62 926
48111.62 927
48111.62 928
48111.62 929
48111.62 930
48111.62 931
48111.62 932
48111.62 933
48111.62 934
48111.62 935
48111.62 936
48111.62 937
48111.62 938
48111.62 939
48111.62 940
48111.62 941
48111.62 942
48111.62 943
48111.62 944
48111.62 945
48111.62 946
48111.62 947
48111.62 948
48111.62 949
48111.62 950
48111.62 951
48111.62 952
48111.62 953
48111.62 954
48111.62 955
48111.62 956
48111.62 957
48111.62 958
48111.62 959
48111.62 960
48111.62 961
48111.62 962
48111.62 963
48111.62 964
48111.62 965
48111.62 966
48111.62 967
48111.62 968
48111.62 969
48111.62 970
48111.62 971
48111.62 972
48111.62 973
48111.62 974
48111.62 975
48111.62 976
48111.62 977
48111.62 978
48111.62 979
48111.62 980
48111.62 981
48111.62 982
48111.62 983
48111.62 984
48111.62 985
48111.62 986
48111.62 987
48111.62 988
48111.62 989
48111.62 990
48111.62 991
48111.62 992
48111.62 993
48111.62 994
48111.62 995
48111.62 996
48111.62 997
48111.62 998
48111.62 999
48111.62 1000
48111.62 1001
48111.62 1002
48111.62 1003
48111.62 1004
48111.62 1005
48111.62 1006
48111.62 1007
48111.62 1008
48111.62 1009
48111.62 1010
48111.62 1011
48111.62 1012
48111.62 1013
48111.62 1014
48111.62 1015
48111.62 1016
48111.62 1017
48111.62 1018
48111.62 1019
48111.62 1020
48111.62 1021
48111.62 1022
48111.62 1023
48111.62 1024
48111.62 1025
48111.62 1026
48111.62 1027
48111.62 1028
48111.62 1029
48111.62 1030
48111.62 1031
48111.62 1032
48111.62 1033
48111.62 1034
48111.62 1035
48111.62 1036
48111.62 1037
48111.62 1038
48111.62 1039
48111.62 1040
48111.62 1041
48111.62 1042
48111.62 1043
48111.62 1044
48111.62 1045
48111.62 1046
48111.62 1047
48111.62 1048
48111.62 1049
48111.62 1050
48111.62 1051
48111.62 1052
48111.62 1053
48111.62 1054
48111.62 1055
48111.62 1056
48111.62 1057
48111.62 1058
48111.62 1059
48111.62 1060
48111.62 1061
48111.62 1062
48111.62 1063
48111.62 1064
48111.62 1065
48111.62 1066
48111.62 1067
48111.62 1068
48111.62 1069
48111.62 1070
48111.62 1071
48111.62 1072
48111.62 1073
48111.62 1074
48111.62 1075
48111.62 1076
48111.62 1077
48111.62 1078
48111.62 1079
48111.62 1080
48111.62 1081
48111.62 1082
48111.62 1083
48111.62 1084
48111.62 1085
48111.62 1086
48111.62 1087
48111.62 1088
48111.62 1089
48111.62 1090
48111.62 1091
48111.62 1092
48111.62 1093
48111.62 1094
48111.62 1095
48111.62 1096
48111.62 1097
48111.62 1098
48111.62 1099
48111.62 1100
48111.62 1101
48111.62 1102
48111.62 1103
48111.62 1104
48111.62 1105
48111.62 1106
48111.62 1107
48111.62 1108
48111.62 1109
48111.62 1110
48111.62 1111
48111.62 1112
48111.62 1113
48111.62 1114
48111.62 1115
48111.62 1116
48111.62 1117
48111.62 1118
48111.62 1119
48111.62 1120
48111.62 1121
48111.62 1122
48111.62 1123
48111.62 1124
48111.62 1125
48111.62 1126
48111.62 1127
48111.62 1128
48111.62 1129
48111.62 1130
48111.62 1131
48111.62 1132
48111.62 1133
48111.62 1134
48111.62 1135
48111.62 1136
48111.62 1137
48111.62 1138
48111.62 1139
48111.62 1140
48111.62 1141
48111.62 1142
48111.62 1143
48111.62 1144
48111.62 1145
48111.62 1146
48111.62 1147
48111.62 1148
48111.62 1149
48111.62 1150
48111.62 1151
48111.62 1152
48111.62 1153
48111.62 1154
48111.62 1155
48111.62 1156
48111.62 1157
48111.62 1158
48111.62 1159
48111.62 1160
48111.62 1161
48111.62 1162
48111.62 1163
48111.62 1164
48111.62 1165
48111.62 1166
48111.62 1167
48111.62 1168
48111.62 1169
48111.62 1170
48111.62 1171
48111.62 1172
48111.62 1173
48111.62 1174
48111.62 1175
48111.62 1176
48111.62 1177
48111.62 1178
48111.62 1179
48111.62 1180
48111.62 1181
48111.62 1182
48111.62 1183
48111.62 1184
48111.62 1185
48111.62 1186
48111.62 1187
48111.62 1188
48111.62 1189
48111.62 1190
48111.62 1191
48111.62 1192
48111.62 1193
48111.62 1194
48111.62 1195
48111.62 1196
48111.62 1197
48111.62 1198
48111.62 1199
48111.62 1200
48111.62 1201
48111.62 1202
48111.62 1203
48111.62 1204
48111.62 1205
48111.62 1206
48111.62 1207
48111.62 1208
48111.62 1209
48111.62 1210
48111.62 1211
48111.62 1212
48111.62 1213
48111.62 1214
48111.62 1215
48111.62 1216
48111.62 1217
48111.62 1218
48111.62 1219
48111.62 1220
48111.62 1221
48111.62 1222
48111.62 1223
48111.62 1224
48111.62 1225
48111.62 1226
48111.62 1227
48111.62 1228
48111.62 1229
48111.62 1230
48111.62 1231
48111.62 1232
48111.62 1233
48111.62 1234
48111.62 1235
48111.62 1236
48111.62 1237
48111.62 1238
48111.62 1239
48111.62 1240
48111.62 1241
48111.62 1242
48111.62 1243
48111.62 1244
48111.62 1245
48111.62 1246
48111.62 1247
48111.62 1248
48111.62 1249
48111.62 1250
48111.62 1251
48111.62 1252
48111.62 1253
48111.62 1254
48111.62 1255
48111.62 1256
48111.62 1257
48111.62 1258
48111.62 1259
48111.62 1260
48111.62 1261
48111.62 1262
48111.62 1263
48111.62 1264
48111.62 1265
48111.62 1266
48111.62 1267
48111.62 1268
48111.62 1269
48111.62 1270
48111.62 1271
48111.62 1272
48111.62 1273
48111.62 1274
48111.62 1275
48111.62 1276
48111.62 1277
48111.62 1278
48111.62 1279
48111.62 1280
48111.62 1281
48111.62 1282
48111.62 1283
48111.62 1284
48111.62 1285
48111.62 1286
48111.62 1287
48111.62 1288
48111.62 1289
48111.62 1290
48111.62 1291
48111.62 1292
48111.62 1293
48111.62 1294
48111.62 1295
48111.62 1296
48111.62 1297
48111.62 1298
48111.62 1299
48111.62 1300
48111.62 1301
48111.62 1302
48111.62 1303
48111.62 1304
48111.62 1305
48111.62 1306
48111.62 1307
48111.62 1308
48111.62 1309
48111.62 1310
48111.62 1311
48111.62 1312
48111.62 1313
48111.62 1314
48111.62 1315
48111.62 1316
48111.62 1317
48111.62 1318
48111.62 1319
48111.62 1320
48111.62 1321
48111.62 1322
48111.62 1323
48111.62 1324
48111.62 1325
48111.62 1326
48111.62 1327
48111.62 1328
48111.62 1329
48111.62 1330
48111.62 1331
48111.62 1332
48111.62 1333
48111.62 1334
48111.62 1335
48111.62 1336
48111.62 1337
48111.62 1338
48111.62 1339
48111.62 1340
48111.62 1341
48111.62 1342
48111.62 1343
48111.62 1344
48111.62 1345
48111.62 1346
48111.62 1347
48111.62 1348
48111.62 1349
48111.62 1350
48111.62 1351
48111.62 1352
48111.62 1353
48111.62 1354
48111.62 1355
48111.62 1356
48111.62 1357
48111.62 1358
48111.62 1359
48111.62 1360
48111.62 1361
48111.62 1362
48111.62 1363
48111.62 1364
48111.62 1365
48111.62 1366
48111.62 1367
48111.62 1368
48111.62 1369
48111.62 1370
48111.62 1371
48111.62 1372
48111.62 1373
48111.62 1374
48111.62 1375
48111.62 1376
48111.62 1377
48111.62 1378
48111.62 1379
48111.62 1380
48111.62 1381
48111.62 1382
48111.62 1383
48111.62 1384
48111.62 1385
48111.62 1386
48111.62 1387
48111.62 1388
48111.62 1389
48111.62 1390
48111.62 1391
48111.62 1392
48111.62 1393
48111.62 1394
48111.62 1395
48111.62 1396
48111.62 1397
48111.62 1398
48111.62 1399
48111.62 1400
48111.62 1401
48111.62 1402
48111.62 1403
48111.62 1404
48111.62 1405
48111.62 1406
48111.62 1407
48111.62 1408
48111.62 1409
48111.62 1410
48111.62 1411
48111.62 1412
48111.62 1413
48111.62 1414
48111.62 1415
48111.62 1416
48111.62 1417
48111.62 1418
48111.62 1419
48111.62 1420
48111.62 1421
48111.62 1422
48111.62 1423
48111.62 1424
48111.62 1425
48111.62 1426
48111.62 1427
48111.62 1428
48111.62 1429
48111.62 1430
48111.62 1431
48111.62 1432
48111.62 1433
48111.62 1434
48111.62 1435
48111.62 1436
48111.62 1437
48111.62 1438
48111.62 1439
48111.62 1440
48111.62 1441
48111.62 1442
48111.62 1443
48111.62 1444
48111.62 1445
48111.62 1446
48111.62 1447
48111.62 1448
48111.62 1449
48111.62 1450
48111.62 1451
48111.62 1452
48111.62 1453
48111.62 1454
48111.62 1455
48111.62 1456
48111.62 1457
48111.62 1458
48111.62 1459
48111.62 1460
48111.62 1461
48111.62 1462
48111.62 1463
48111.62 1464
48111.62 1465
48111.62 1466
48111.62 1467
48111.62 1468
48111.62 1469
48111.62 1470
48111.62 1471
48111.62 1472
48111.62 1473
48111.62 1474
48111.62 1475
48111.62 1476
48111.62 1477
48111.62 1478
48111.62 1479
48111.62 1480
48111.62 1481
48111.62 1482
48111.62 1483
48111.62 1484
48111.62 1485
48111.62 1486
48111.62 1487
48111.62 1488
48111.62 1489
48111.62 1490
48111.62 1491
48111.62 1492
48111.62 1493
48111.62 1494
48111.62 1495
48111.62 1496
48111.62 1497
48111.62 1498
48111.62 1499
48111.62 1500
48111.62 1501
48111.62 1502
48111.62 1503
48111.62 1504
48111.62 1505
48111.62 1506
48111.62 1507
48111.62 1508
48111.62 1509
48111.62 1510
48111.62 1511
48111.62 1512
48111.62 1513
48111.62 1514
48111.62 1515
48111.62 1516
48111.62 1517
48111.62 1518
48111.62 1519
48111.62 1520
48111.62 1521
48111.62 1522
48111.62 1523
48111.62 1524
48111.62 1525
48111.62 1526
48111.62 1527
48111.62 1528
48111.62 1529
48111.62 1530
48111.62 1531
48111.62 1532
48111.62 1533
48111.62 1534
48111.62 1535
48111.62 1536
48111.62 1537
48111.62 1538
48111.62 1539
48111.62 1540
48111.62 1541
48111.62 1542
48111.62 1543
48111.62 1544
48111.62 1545
48111.62 1546
48111.62 1547
48111.62 1548
48111.62 1549
48111.62 1550
48111.62 1551
48111.62 1552
48111.62 1553
48111.62 1554
48111.62 1555
48111.62 1556
48111.62 1557
48111.62 1558
48111.62 1559
48111.62 1560
48111.62 1561
48111.62 1562
48111.62 1563
48111.62 1564
48111.62 1565
48111.62 1566
48111.62 1567
48111.62 1568
48111.62 1569
48111.62 1570
48111.62 1571
48111.62 1572
48111.62 1573
48111.62 1574
48111.62 1575
48111.62 1576
48111.62 1577
48111.62 1578
48111.62 1579
48111.62 1580
48111.62 1581
48111.62 1582
48111.62 1583
48111.62 1584
48111.62 1585
48111.62 1586
48111.62 1587
48111.62 1588
48111.62 1589
48111.62 1590
48111.62 1591
48111.62 1592
48111.62 1593
48111.62 1594
48111.62 1595
48111.62 1596
48111.62 1597
48111.62 1598
48111.62 1599
48111.62 1600
48111.62 1601
48111.62 1602
48111.62 1603
48111.62 1604
48111.62 1605
48111.62 1606
48111.62 1607
48111.62 1608
48111.62 1609
48111.62 1610
48111.62 1611
48111.62 1612
48111.62 1613
48111.62 1614
48111.62 1615
48111.62 1616
48111.62 1617
48111.62 1618
48111.62 1619
48111.62 1620
48111.62 1621
48111.62 1622
48111.62 1623
48111.62 1624
48111.62 1625
48111.62 1626
48111.62 1627
48111.62 1628
48111.62 1629
48111.62 1630
48111.62 1631
48111.62 1632
48111.62 1633
48111.62 1634
48111.62 1635
48111.62 1636
48111.62 1637
48111.62 1638
48111.62 1639
48111.62 1640
48111.62 1641
48111.62 1642
48111.62 1643
48111.62 1644
48111.62 1645
48111.62 1646
48111.62 1647
48111.62 1648
48111.62 1649
48111.62 1650
48111.62 1651
48111.62 1652
48111.62 1653
48111.62 1654
48111.62 1655
48111.62 1656
48111.62 1657
48111.62 1658
48111.62 1659
48111.62 1660
48111.62 1661
48111.62 1662
48111.62 1663
48111.62 1664
48111.62 1665
48111.62 1666
48111.62 1667
48111.62 1668
48111.62 1669
48111.62 1670
48111.62 1671
48111.62 1672
48111.62 1673
48111.62 1674
48111.62 1675
48111.62 1676
48111.62 1677
48111.62 1678
48111.62 1679
48111.62 1680
48111.62 1681
48111.62 1682
48111.62 1683
48111.62 1684
48111.62 1685
48111.62 1686
48111.62 1687
48111.62 1688
48111.62 1689
48111.62 1690
48111.62 1691
48111.62 1692
48111.62 1693
48111.62 1694
48111.62 1695
48111.62 1696
48111.62 1697
48111.62 1698
48111.62 1699
48111.62 1700
48111.62 1701
48111.62 1702
48111.62 1703
48111.62 1704
48111.62 1705
48111.62 1706
48111.62 1707
48111.62 1708
48111.62 1709
48111.62 1710
48111.62 1711
48111.62 1712
48111.62 1713
48111.62 1714
48111.62 1715
48111.62 1716
48111.62 1717
48111.62 1718
48111.62 1719
48111.62 1720
48111.62 1721
48111.62 1722
48111.62 1723
48111.62 1724
48111.62 1725
48111.62 1726
48111.62 1727
48111.62 1728
48111.62 1729
48111.62 1730
48111.62 1731
48111.62 1732
48111.62 1733
48111.62 1734
48111.62 1735
48111.62 1736
48111.62 1737
48111.62 1738
48111.62 1739
48111.62 1740
48111.62 1741
48111.62 1742
48111.62 1743
48111.62 1744
48111.62 1745
48111.62 1746
48111.62 1747
48111.62 1748
48111.62 1749
48111.62 1750
48111.62 1751
48111.62 1752
48111.62 1753
48111.62 1754
48111.62 1755
48111.62 1756
48111.62 1757
48111.62 1758
48111.62 1759
48111.62 1760
48111.62 1761
48111.62 1762
48111.62 1763
48111.62 1764
48111.62 1765
48111.62 1766
48111.62 1767
48111.62 1768
48111.62 1769
48111.62 1770
48111.62 1771
48111.62 1772
48111.62 1773
48111.62 1774
48111.62 1775
48111.62 1776
48111.62 1777
48111.62 1778
48111.62 1779
48111.62 1780
48111.62 1781
48111.62 1782
48111.62 1783
48111.62 1784
48111.62 1785
48111.62 1786
48111.62 1787
48111.62 1788
48111.62 1789
48111.62 1790
48111.62 1791
48111.62 1792
48111.62 1793
48111.62 1794
48111.62 1795
48111.62 1796
48111.62 1797
48111.62 1798
48111.62 1799
48111.62 1800
48111.62 1801
48111.62 1802
48111.62 1803
48111.62 1804
48111.62 1805
48111.62 1806
48111.62 1807
48111.62 1808
48111.62 1809
48111.62 1810
48111.62 1811
48111.62 1812
48111.62 1813
48111.62 1814
48111.62 1815
48111.62 1816
48111.62 1817
48111.62 1818
48111.62 1819
48111.62 1820
48111.62 1821
48111.62 1822
48111.62 1823
48111.62 1824
48111.62 1825
48111.62 1826
48111.62 1827
48111.62 1828
48111.62 1829
48111.62 1830
48111.62 1831
48111.62 1832
48111.62 1833
48111.62 1834
48111.62 1835
48111.62 1836
48111.62 1837
48111.62 1838
48111.62 1839
48111.62 1840
48111.62 1841
48111.62 1842
48111.62 1843
48111.62 1844
48111.62 1845
48111.62 1846
48111.62 1847
48111.62 1848
48111.62 1849
48111.62 1850
48111.62 1851
48111.62 1852
48111.62 1853
48111.62 1854
48111.62 1855
48111.62 1856
48111.62 1857
48111.62 1858
48111.62 1859
48111.62 1860
48111.62 1861
48111.62 1862
48111.62 1863
48111.62 1864
48111.62 1865
48111.62 1866
48111.62 1867
48111.62 1868
48111.62 1869
48111.62 1870
48111.62 1871
48111.62 1872
48111.62 1873
48111.62 1874
48111.62 1875
48111.62 1876
48111.62 1877
48111.62 1878
48111.62 1879
48111.62 1880
48111.62 1881
48111.62 1882
48111.62 1883
48111.62 1884
48111.62 1885
48111.62 1886
48111.62 1887
48111.62 1888
48111.62 1889
48111.62 1890
48111.62 1891
48111.62 1892
48111.62 1893
48111.62 1894
48111.62 1895
48111.62 1896
48111.62 1897
48111.62 1898
48111.62 1899
48111.62 1900
48111.62 1901
48111.62 1902
48111.62 1903
48111.62 1904
48111.62 1905
48111.62 1906
48111.62 1907
48111.62 1908
48111.62 1909
48111.62 1910
48111.62 1911
48111.62 1912
48111.62 1913
48111.62 1914
48111.62 1915
48111.62 1916
48111.62 1917
48111.62 1918
48111.62 1919
48111.62 1920
48111.62 1921
48111.62 1922
48111.62 1923
48111.62 1924
48111.62 1925
48111.62 1926
48111.62 1927
48111.62 1928
48111.62 1929
48111.62 1930
48111.62 1931
48111.62 1932
48111.62 1933
48111.62 1934
48111.62 1935
48111.62 1936
48111.62 1937
48111.62 1938
48111.62 1939
48111.62 1940
48111.62 1941
48111.62 1942
48111.62 1943
48111.62 1944
48111.62 1945
48111.62 1946
48111.62 1947
48111.62 1948
48111.62 1949
48111.62 1950
48111.62 1951
48111.62 1952
48111.62 1953
48111.62 1954
48111.62 1955
48111.62 1956
48111.62 1957
48111.62 1958
48111.62 1959
48111.62 1960
48111.62 1961
48111.62 1962
48111.62 1963
48111.62 1964
48111.62 1965
48111.62 1966
48111.62 1967
48111.62 1968
48111.62 1969
48111.62 1970
48111.62 1971
48111.62 1972
48111.62 1973
48111.62 1974
48111.62 1975
48111.62 1976
48111.62 1977
48111.62 1978
48111.62 1979
48111.62 1980
48111.62 1981
48111.62 1982
48111.62 1983
48111.62 1984
48111.62 1985
48111.62 1986
48111.62 1987
48111.62 1988
48111.62 1989
48111.62 1990
48111.62 1991
48111.62 1992
48111.62 1993
48111.62 1994
48111.62 1995
48111.62 1996
48111.62 1997
48111.62 1998
48111.62 1999
48111.62 2000
48111.62 2001
48111.62 2002
48111.62 2003
48111.62 2004
48111.62 2005
48111.62 2006
48111.62 2007
48111.62 2008
48111.62 2009
48111.62 2010
48111.62 2011
48111.62 2012
48111.62 2013
48111.62 2014
48111.62 2015
48111.62 2016
48111.62 2017
48111.62 2018
48111.62 2019
48111.62 2020
48111.62 2021
48111.62 2022
48111.62 2023
48111.62 2024
48111.62 2025
48111.62 2026
48111.62 2027
48111.62 2028
48111.62 2029
48111.62 2030
48111.62 2031
48111.62 2032
48111.62 2033
48111.62 2034
48111.62 2035
48111.62 2036
48111.62 2037
48111.62 2038
48111.62 2039
48111.62 2040
48111.62 2041
48111.62 2042
48111.62 2043
48111.62 2044
48111.62 2045
48111.62 2046
48111.62 2047
48111.62 2048
48111.62 2049
48111.62 2050
48111.62 2051
48111.62 2052
48111.62 2053
48111.62 2054
48111.62 2055
48111.62 2056
48111.62 2057
48111.62 2058
48111.62 2059
48111.62 2060
48111.62 2061
48111.62 2062
48111.62 2063
48111.62 2064
48111.62 2065
48111.62 2066
48111.62 2067
48111.62 2068
48111.62 2069
48111.62 2070
48111.62 2071
48111.62 2072
48111.62 2073
48111.62 2074
48111.62 2075
48111.62 2076
48111.62 2077
48111.62 2078
48111.62 2079
48111.62 2080
48111.62 2081
48111.62 2082
48111.62 2083
48111.62 2084
48111.62 2085
48111.62 2086
48111.62 2087
48111.62 2088
48111.62 2089
48111.62 2090
48111.62 2091
48111.62 2092
48111.62 2093
48111.62 2094
48111.62 2095
48111.62 2096
48111.62 2097
48111.62 2098
48111.62 2099
48111.62 2100
48111.62 2101
48111.62 2102
48111.62 2103
48111.62 2104
48111.62 2105
48111.62 2106
48111.62 2107
48111.62 2108
48111.62 2109
48111.62 2110
48111.62 2111
48111.62 2112
48111.62 2113
48111.62 2114
48111.62 2115
48111.62 2116
48111.62 2117
48111.62 2118
48111.62 2119
48111.62 2120
48111.62 2121
48111.62 2122
48111.62 2123
48111.62 2124
48111.62 2125
48111.62 2126
48111.62 2127
48111.62 2128
48111.62 2129
48111.62 2130
48111.62 2131
48111.62 2132
48111.62 2133
48111.62 2134
48111.62 2135
48111.62 2136
48111.62 2137
48111.62 2138
48111.62 2139
48111.62 2140
48111.62 2141
48111.62 2142
48111.62 2143
48111.62 2144
48111.62 2145
48111.62 2146
48111.62 2147
48111.62 2148
48111.62 2149
48111.62 2150
48111.62 2151
48111.62 2152
48111.62 2153
48111.62 2154
48111.62 2155
48111.62 2156
48111.62 2157
48111.62 2158
48111.62 2159
48111.62 2160
48111.62 2161
48111.62 2162
48111.62 2163
48111.62 2164
48111.62 2165
48111.62 2166
48111.62 2167
48111.62 2168
48111.62 2169
48111.62 2170
48111.62 2171
48111.62 2172
48111.62 2173
48111.62 2174
48111.62 2175
48111.62 2176
48111.62 2177
48111.62 2178
48111.62 2179
48111.62 2180
48111.62 2181
48111.62 2182
48111.62 2183
48111.62 2184
48111.62 2185
48111.62 2186
48111.62 2187
48111.62 2188
48111.62 2189
48111.62 2190
48111.62 2191
48111.62 2192
48111.62 2193
48111.62 2194
48111.62 2195
48111.62 2196
48111.62 2197
48111.62 2198
48111.62 2199
48111.62 2200
48111.62 2201
48111.62 2202
48111.62 2203
48111.62 2204
48111.62 2205
48111.62 2206
48111.62 2207
48111.62 2208
48111.62 2209
48111.62 2210
48111.62 2211
48111.62 2212
48111.62 2213
48111.62 2214
48111.62 2215
48111.62 2216
48111.62 2217
48111.62 2218
48111.62 2219
48111.62 2220
48111.62 2221
48111.62 2222
48111.62 2223
48111.62 2224
48111.62 2225
48111.62 2226
48111.62 2227
48111.62 2228
48111.62 2229
48111.62 2230
48111.62 2231
48111.62 2232
48111.62 2233
48111.62 2234
48111.62 2235
48111.62 2236
48111.62 2237
48111.62 2238
48111.62 2239
48111.62 2240
48111.62 2241
48111.62 2242
48111.62 2243
48111.62 2244
48111.62 2245
48111.62 2246
48111.62 2247
48111.62 2248
48111.62 2249
48111.62 2250
48111.62 2251
48111.62 2252
48111.62 2253
48111.62 2254
48111.62 2255
48111.62 2256
48111.62 2257
48111.62 2258
48111.62 2259
48111.62 2260
48111.62 2261
48111.62 2262
48111.62 2263
48111.62 2264
48111.62 2265
48111.62 2266
48111.62 2267
48111.62 2268
48111.62 2269
48111.62 2270
48111.62 2271
48111.62 2272
48111.62 2273
48111.62 2274
48111.62 2275
48111.62 2276
48111.62 2277
48111.62 2278
48111.62 2279
48111.62 2280
48111.62 2281
48111.62 2282
48111.62 2283
48111.62 2284
48111.62 2285
48111.62 2286
48111.62 2287
48111.62 2288
48111.62 2289
48111.62 2290
48111.62 2291
48111.62 2292
48111.62 2293
48111.62 2294
48111.62 2295
48111.62 2296
48111.62 2297
48111.62 2298
48111.62 2299
48111.62 2300
48111.62 2301
48111.62 2302
48111.62 2303
48111.62 2304
48111.62 2305
48111.62 2306
48111.62 2307
48111.62 2308
48111.62 2309
48111.62 2310
48111.62 2311
48111.62 2312
48111.62 2313
48111.62 2314
48111.62 2315
48111.62 2316
48111.62 2317
48111.62 2318
48111.62 2319
48111.62 2320
48111.62 2321
48111.62 2322
48111.62 2323
48111.62 2324
48111.62 2325
48111.62 2326
48111.62 2327
48111.62 2328
48111.62 2329
48111.62 2330
48111.62 2331
48111.62 2332
48111.62 2333
48111.62 2334
48111.62 2335
48111.62 2336
48111.62 2337
48111.62 2338
48111.62 2339
48111.62 2340
48111.62 2341
48111.62 2342
48111.62 2343
48111.62 2344
48111.62 2345
48111.62 2346
48111.62 2347
48111.62 2348
48111.62 2349
48111.62 2350
48111.62 2351
48111.62 2352
48111.62 2353
48111.62 2354
48111.62 2355
48111.62 2356
48111.62 2357
48111.62 2358
48111.62 2359
48111.62 2360
48111.62 2361
48111.62 2362
48111.62 2363
48111.62 2364
48111.62 2365
48111.62 2366
48111.62 2367
48111.62 2368
48111.62 2369
48111.62 2370
48111.62 2371
48111.62 2372
48111.62 2373
48111.62 2374
48111.62 2375
48111.62 2376
48111.62 2377
48111.62 2378
48111.62 2379
48111.62 2380
48111.62 2381
48111.62 2382
48111.62 2383
48111.62 2384
48111.62 2385
48111.62 2386
48111.62 2387
48111.62 2388
48111.62 2389
48111.62 2390
48111.62 2391
48111.62 2392
48111.62 2393
48111.62 2394
48111.62 2395
48111.62 2396
48111.62 2397
48111.62 2398
48111.62 2399
48111.62 2400
48111.62 2401
48111.62 2402
48111.62 2403
48111.62 2404
48111.62 2405
48111.62 2406
48111.62 2407
48111.62 2408
48111.62 2409
48111.62 2410
48111.62 2411
48111.62 2412
48111.62 2413
48111.62 2414
48111.62 2415
48111.62 2416
48111.62 2417
48111.62 2418
48111.62 2419
48111.62 2420
48111.62 2421
48111.62 2422
48111.62 2423
48111.62 2424
48111.62 2425
48111.62 2426
48111.62 2427
48111.62 2428
48111.62 2429
48111.62 2430
48111.62 2431
48111.62 2432
48111.62 2433
48111.62 2434
48111.62 2435
48111.62 2436
48111.62 2437
48111.62 2438
48111.62 2439
48111.62 2440
48111.62 2441
48111.62 2442
48111.62 2443
48111.62 2444
48111.62 2445
48111.62 2446
48111.62 2447
48111.62 2448
48111.62 2449
48111.62 2450
48111.62 2451
48111.62 2452
48111.62 2453
48111.62 2454
48111.62 2455
48111.62 2456
48111.62 2457
48111.62 2458
48111.62 2459
48111.62 2460
48111.62 2461
48111.62 2462
48111.62 2463
48111.62 2464
48111.62 2465
48111.62 2466
48111.62 2467
48111.62 2468
48111.62 2469
48111.62 2470
48111.62 2471
48111.62 2472
48111.62 2473
48111.62 2474
48111.62 2475
48111.62 2476
48111.62 2477
48111.62 2478
48111.62 2479
48111.62 2480
48111.62 2481
48111.62 2482
48111.62 2483
48111.62 2484
48111.62 2485
48111.62 2486
48111.62 2487
48111.62 2488
48111.62 2489
48111.62 2490
48111.62 2491
48111.62 2492
48111.62 2493
48111.62 2494
48111.62 2495
48111.62 2496
48111.62 2497
48111.62 2498
48111.62 2499
48111.62 2500
48111.62 2501
48111.62 2502
48111.62 2503
48111.62 2504
48111.62 2505
48111.62 2506
48111.62 2507
48111.62 2508
48111.62 2509
48111.62 2510
48111.62 2511
48111.62 2512
48111.62 2513
48111.62 2514
48111.62 2515
48111.62 2516
48111.62 2517
48111.62 2518
48111.62 2519
48111.62 2520
48111.62 2521
48111.62 2522
48111.62 2523
48111.62 2524
48111.62 2525
48111.62 2526
48111.62 2527
48111.62 2528
48111.62 2529
48111.62 2530
48111.62 2531
48111.62 2532
48111.62 2533
48111.62 2534
48111.62 2535
48111.62 2536
48111.62 2537
48111.62 2538
48111.62 2539
48111.62 2540
48111.62 2541
48111.62 2542
48111.62 2543
48111.62 2544
48111.62 2545
48111.62 2546
48111.62 2547
48111.62 2548
48111.62 2549
48111.62 2550
48111.62 2551
48111.62 2552
48111.62 2553
48111.62 2554
48111.62 2555
48111.62 2556
48111.62 2557
48111.62 2558
48111.62 2559
48111.62 2560
48111.62 2561
48111.62 2562
48111.62 2563
48111.62 2564
48111.62 2565
48111.62 2566
48111.62 2567
48111.62 2568
48111.62 2569
48111.62 2570
48111.62 2571
48111.62 2572
48111.62 2573
48111.62 2574
48111.62 2575
48111.62 2576
48111.62 2577
48111.62 2578
48111.62 2579
48111.62 2580
48111.62 2581
48111.62 2582
48111.62 2583
48111.62 2584
48111.62 2585
48111.62 2586
48111.62 2587
48111.62 2588
48111.62 2589
48111.62 2590
48111.62 2591
48111.62 2592
48111.62 2593
48111.62 2594
48111.62 2595
48111.62 2596
48111.62 2597
48111.62 2598
48111.62 2599
48111.62 2600
48111.62 2601
48111.62 2602
48111.62 2603
48111.62 2604
48111.62 2605
48111.62 2606
48111.62 2607
48111.62 2608
48111.62 2609
48111.62 2610
48111.62 2611
48111.62 2612
48111.62 2613
48111.62 2614
48111.62 2615
48111.62 2616
48111.62 2617
48111.62 2618
48111.62 2619
48111.62 2620
48111.62 2621
48111.62 2622
48111.62 2623
48111.62 2624
48111.62 2625
48111.62 2626
48111.62 2627
48111.62 2628
48111.62 2629
48111.62 2630
48111.62 2631
48111.62 2632
48111.62 2633
48111.62 2634
48111.62 2635
48111.62 2636
48111.62 2637
48111.62 2638
48111.62 2639
48111.62 2640
48111.62 2641
48111.62 2642
48111.62 2643
48111.62 2644
48111.62 2645
48111.62 2646
48111.62 2647
48111.62 2648
48111.62 2649
48111.62 2650
48111.62 2651
48111.62 2652
48111.62 2653
48111.62 2654
48111.62 2655
48111.62 2656
48111.62 2657
48111.62 2658
48111.62 2659
48111.62 2660
48111.62 2661
48111.62 2662
48111.62 2663
48111.62 2664
48111.62 2665
48111.62 2666
48111.62 2667
48111.62 2668
48111.62 2669
48111.62 2670
48111.62 2671
48111.62 2672
48111.62 2673
48111.62 2674
48111.62 2675
48111.62 2676
48111.62 2677
48111.62 2678
48111.62 2679
48111.62 2680
48111.62 2681
48111.62 2682
48111.62 2683
48111.62 2684
48111.62 2685
48111.62 2686
48111.62 2687
48111.62 2688
48111.62 2689
48111.62 2690
48111.62 2691
48111.62 2692
48111.62 2693
48111.62 2694
48111.62 2695
48111.62 2696
48111.62 2697
48111.62 2698
48111.62 2699
48111.62 2700
48111.62 2701
48111.62 2702
48111.62 2703
48111.62 2704
48111.62 2705
48111.62 2706
48111.62 2707
48111.62 2708
48111.62 2709
48111.62 2710
48111.62 2711
48111.62 2712
48111.62 2713
48111.62 2714
48111.62 2715
48111.62 2716
48111.62 2717
48111.62 2718
48111.62 2719
48111.62 2720
48111.62 2721
48111.62 2722
48111.62 2723
48111.62 2724
48111.62 2725
48111.62 2726
48111.62 2727
48111.62 2728
48111.62 2729
48111.62 2730
48111.62 2731
48111.62 2732
48111.62 2733
48111.62 2734
48111.62 2735
48111.62 2736
48111.62 2737
48111.62 2738
48111.62 2739
48111.62 2740
48111.62 2741
48111.62 2742
48111.62 2743
48111.62 2744
48111.62 2745
48111.62 2746
48111.62 2747
48111.62 2748
48111.62 2749
48111.62 2750
48111.62 2751
48111.62 2752
48111.62 2753
48111.62 2754
48111.62 2755
48111.62 2756
48111.62 2757
48111.62 2758
48111.62 2759
48111.62 2760
48111.62 2761
48111.62 2762
48111.62 2763
48111.62 2764
48111.62 2765
48111.62 2766
48111.62 2767
48111.62 2768
48111.62 2769
48111.62 2770
48111.62 2771
48111.62 2772
48111.62 2773
48111.62 2774
48111.62 2775
48111.62 2776
48111.62 2777
48111.62 2778
48111.62 2779
48111.62 2780
48111.62 2781
48111.62 2782
48111.62 2783
48111.62 2784
48111.62 2785
48111.62 2786
48111.62 2787
48111.62 2788
48111.62 2789
48111.62 2790
48111.62 2791
48111.62 2792
48111.62 2793
48111.62 2794
48111.62 2795
48111.62 2796
48111.62 2797
48111.62 2798
48111.62 2799
48111.62 2800
48111.62 2801
48111.62 2802
48111.62 2803
48111.62 2804
48111.62 2805
48111.62 2806
48111.62 2807
48111.62 2808
48111.62 2809
48111.62 2810
48111.62 2811
48111.62 2812
48111.62 2813
48111.62 2814
48111.62 2815
48111.62 2816
48111.62 2817
48111.62 2818
48111.62 2819
48111.62 2820
48111.62 2821
48111.62 2822
48111.62 2823
48111.62 2824
48111.62 2825
48111.62 2826
48111.62 2827
48111.62 2828
48111.62 2829
48111.62 2830
48111.62 2831
48111.62 2832
48111.62 2833
48111.62 2834
48111.62 2835
48111.62 2836
48111.62 2837
48111.62 2838
48111.62 2839
48111.62 2840
48111.62 2841
48111.62 2842
48111.62 2843
48111.62 2844
48111.62 2845
48111.62 2846
48111.62 2847
48111.62 2848
48111.62 2849
48111.62 2850
48111.62 2851
48111.62 2852
48111.62 2853
48111.62 2854
48111.62 2855
48111.62 2856
48111.62 2857
48111.62 2858
48111.62 2859
48111.62 2860
48111.62 2861
48111.62 2862
48111.62 2863
48111.62 2864
48111.62 2865
48111.62 2866
48111.62 2867
48111.62 2868
48111.62 2869
48111.62 2870
48111.62 2871
48111.62 2872
48111.62 2873
48111.62 2874
48111.62 2875
48111.62 2876
48111.62 2877
48111.62 2878
48111.62 2879
48111.62 2880
48111.62 2881
48111.62 2882
48111.62 2883
48111.62 2884
48111.62 2885
48111.62 2886
48111.62 2887
48111.62 2888
48111.62 2889
48111.62 2890
