# H/nR [K], depth [km]
84195.33 1
84195.33 2
84195.33 3
84195.33 4
84195.33 5
84195.33 6
84195.33 7
84195.33 8
84195.33 9
84195.33 10
84195.33 11
84195.33 12
84195.33 13
84195.33 14
84195.33 15
84195.33 16
84195.33 17
84195.33 18
84195.33 19
84195.33 20
84195.33 21
84195.33 22
84195.33 23
84195.33 24
84195.33 25
84195.33 26
84195.33 27
84195.33 28
84195.33 29
84195.33 30
84195.33 31
84195.33 32
84195.33 33
84195.33 34
84195.33 35
84195.33 36
84195.33 37
84195.33 38
84195.33 39
84195.33 40
84195.33 41
84195.33 42
84195.33 43
84195.33 44
84195.33 45
84195.33 46
84195.33 47
84195.33 48
84195.33 49
84195.33 50
84195.33 51
84195.33 52
84195.33 53
84195.33 54
84195.33 55
84195.33 56
84195.33 57
84195.33 58
84195.33 59
84195.33 60
84195.33 61
84195.33 62
84195.33 63
84195.33 64
84195.33 65
84195.33 66
84195.33 67
84195.33 68
84195.33 69
84195.33 70
84195.33 71
84195.33 72
84195.33 73
84195.33 74
84195.33 75
84195.33 76
84195.33 77
84195.33 78
84195.33 79
84195.33 80
84195.33 81
84195.33 82
84195.33 83
84195.33 84
84195.33 85
84195.33 86
84195.33 87
84195.33 88
84195.33 89
84195.33 90
84195.33 91
84195.33 92
84195.33 93
84195.33 94
84195.33 95
84195.33 96
84195.33 97
84195.33 98
84195.33 99
84195.33 100
84195.33 101
84195.33 102
84195.33 103
84195.33 104
84195.33 105
84195.33 106
84195.33 107
84195.33 108
84195.33 109
84195.33 110
84195.33 111
84195.33 112
84195.33 113
84195.33 114
84195.33 115
84195.33 116
84195.33 117
84195.33 118
84195.33 119
84195.33 120
84195.33 121
84195.33 122
84195.33 123
84195.33 124
84195.33 125
84195.33 126
84195.33 127
84195.33 128
84195.33 129
84195.33 130
84195.33 131
84195.33 132
84195.33 133
84195.33 134
84195.33 135
84195.33 136
84195.33 137
84195.33 138
84195.33 139
84195.33 140
84195.33 141
84195.33 142
84195.33 143
84195.33 144
84195.33 145
84195.33 146
84195.33 147
84195.33 148
84195.33 149
84195.33 150
84195.33 151
84195.33 152
84195.33 153
84195.33 154
84195.33 155
84195.33 156
84195.33 157
84195.33 158
84195.33 159
84195.33 160
84195.33 161
84195.33 162
84195.33 163
84195.33 164
84195.33 165
84195.33 166
84195.33 167
84195.33 168
84195.33 169
84195.33 170
84195.33 171
84195.33 172
84195.33 173
84195.33 174
84195.33 175
84195.33 176
84195.33 177
84195.33 178
84195.33 179
84195.33 180
84195.33 181
84195.33 182
84195.33 183
84195.33 184
84195.33 185
84195.33 186
84195.33 187
84195.33 188
84195.33 189
84195.33 190
84195.33 191
84195.33 192
84195.33 193
84195.33 194
84195.33 195
84195.33 196
84195.33 197
84195.33 198
84195.33 199
84195.33 200
84195.33 201
84195.33 202
84195.33 203
84195.33 204
84195.33 205
84195.33 206
84195.33 207
84195.33 208
84195.33 209
84195.33 210
84195.33 211
84195.33 212
84195.33 213
84195.33 214
84195.33 215
84195.33 216
84195.33 217
84195.33 218
84195.33 219
84195.33 220
84195.33 221
84195.33 222
84195.33 223
84195.33 224
84195.33 225
84195.33 226
84195.33 227
84195.33 228
84195.33 229
84195.33 230
84195.33 231
84195.33 232
84195.33 233
84195.33 234
84195.33 235
84195.33 236
84195.33 237
84195.33 238
84195.33 239
84195.33 240
84195.33 241
84195.33 242
84195.33 243
84195.33 244
84195.33 245
84195.33 246
84195.33 247
84195.33 248
84195.33 249
84195.33 250
84195.33 251
84195.33 252
84195.33 253
84195.33 254
84195.33 255
84195.33 256
84195.33 257
84195.33 258
84195.33 259
84195.33 260
84195.33 261
84195.33 262
84195.33 263
84195.33 264
84195.33 265
84195.33 266
84195.33 267
84195.33 268
84195.33 269
84195.33 270
84195.33 271
84195.33 272
84195.33 273
84195.33 274
84195.33 275
84195.33 276
84195.33 277
84195.33 278
84195.33 279
84195.33 280
84195.33 281
84195.33 282
84195.33 283
84195.33 284
84195.33 285
84195.33 286
84195.33 287
84195.33 288
84195.33 289
84195.33 290
84195.33 291
84195.33 292
84195.33 293
84195.33 294
84195.33 295
84195.33 296
84195.33 297
84195.33 298
84195.33 299
84195.33 300
84195.33 301
84195.33 302
84195.33 303
84195.33 304
84195.33 305
84195.33 306
84195.33 307
84195.33 308
84195.33 309
84195.33 310
84195.33 311
84195.33 312
84195.33 313
84195.33 314
84195.33 315
84195.33 316
84195.33 317
84195.33 318
84195.33 319
84195.33 320
84195.33 321
84195.33 322
84195.33 323
84195.33 324
84195.33 325
84195.33 326
84195.33 327
84195.33 328
84195.33 329
84195.33 330
84195.33 331
84195.33 332
84195.33 333
84195.33 334
84195.33 335
84195.33 336
84195.33 337
84195.33 338
84195.33 339
84195.33 340
84195.33 341
84195.33 342
84195.33 343
84195.33 344
84195.33 345
84195.33 346
84195.33 347
84195.33 348
84195.33 349
84195.33 350
84195.33 351
84195.33 352
84195.33 353
84195.33 354
84195.33 355
84195.33 356
84195.33 357
84195.33 358
84195.33 359
84195.33 360
84195.33 361
84195.33 362
84195.33 363
84195.33 364
84195.33 365
84195.33 366
84195.33 367
84195.33 368
84195.33 369
84195.33 370
84195.33 371
84195.33 372
84195.33 373
84195.33 374
84195.33 375
84195.33 376
84195.33 377
84195.33 378
84195.33 379
84195.33 380
84195.33 381
84195.33 382
84195.33 383
84195.33 384
84195.33 385
84195.33 386
84195.33 387
84195.33 388
84195.33 389
84195.33 390
84195.33 391
84195.33 392
84195.33 393
84195.33 394
84195.33 395
84195.33 396
84195.33 397
84195.33 398
84195.33 399
84195.33 400
84195.33 401
84195.33 402
84195.33 403
84195.33 404
84195.33 405
84195.33 406
84195.33 407
84195.33 408
84195.33 409
84195.33 410
84195.33 411
84195.33 412
84195.33 413
84195.33 414
84195.33 415
84195.33 416
84195.33 417
84195.33 418
84195.33 419
84195.33 420
84195.33 421
84195.33 422
84195.33 423
84195.33 424
84195.33 425
84195.33 426
84195.33 427
84195.33 428
84195.33 429
84195.33 430
84195.33 431
84195.33 432
84195.33 433
84195.33 434
84195.33 435
84195.33 436
84195.33 437
84195.33 438
84195.33 439
84195.33 440
84195.33 441
84195.33 442
84195.33 443
84195.33 444
84195.33 445
84195.33 446
84195.33 447
84195.33 448
84195.33 449
84195.33 450
84195.33 451
84195.33 452
84195.33 453
84195.33 454
84195.33 455
84195.33 456
84195.33 457
84195.33 458
84195.33 459
84195.33 460
84195.33 461
84195.33 462
84195.33 463
84195.33 464
84195.33 465
84195.33 466
84195.33 467
84195.33 468
84195.33 469
84195.33 470
84195.33 471
84195.33 472
84195.33 473
84195.33 474
84195.33 475
84195.33 476
84195.33 477
84195.33 478
84195.33 479
84195.33 480
84195.33 481
84195.33 482
84195.33 483
84195.33 484
84195.33 485
84195.33 486
84195.33 487
84195.33 488
84195.33 489
84195.33 490
84195.33 491
84195.33 492
84195.33 493
84195.33 494
84195.33 495
84195.33 496
84195.33 497
84195.33 498
84195.33 499
84195.33 500
84195.33 501
84195.33 502
84195.33 503
84195.33 504
84195.33 505
84195.33 506
84195.33 507
84195.33 508
84195.33 509
84195.33 510
84195.33 511
84195.33 512
84195.33 513
84195.33 514
84195.33 515
84195.33 516
84195.33 517
84195.33 518
84195.33 519
84195.33 520
84195.33 521
84195.33 522
84195.33 523
84195.33 524
84195.33 525
84195.33 526
84195.33 527
84195.33 528
84195.33 529
84195.33 530
84195.33 531
84195.33 532
84195.33 533
84195.33 534
84195.33 535
84195.33 536
84195.33 537
84195.33 538
84195.33 539
84195.33 540
84195.33 541
84195.33 542
84195.33 543
84195.33 544
84195.33 545
84195.33 546
84195.33 547
84195.33 548
84195.33 549
84195.33 550
84195.33 551
84195.33 552
84195.33 553
84195.33 554
84195.33 555
84195.33 556
84195.33 557
84195.33 558
84195.33 559
84195.33 560
84195.33 561
84195.33 562
84195.33 563
84195.33 564
84195.33 565
84195.33 566
84195.33 567
84195.33 568
84195.33 569
84195.33 570
84195.33 571
84195.33 572
84195.33 573
84195.33 574
84195.33 575
84195.33 576
84195.33 577
84195.33 578
84195.33 579
84195.33 580
84195.33 581
84195.33 582
84195.33 583
84195.33 584
84195.33 585
84195.33 586
84195.33 587
84195.33 588
84195.33 589
84195.33 590
84195.33 591
84195.33 592
84195.33 593
84195.33 594
84195.33 595
84195.33 596
84195.33 597
84195.33 598
84195.33 599
84195.33 600
84195.33 601
84195.33 602
84195.33 603
84195.33 604
84195.33 605
84195.33 606
84195.33 607
84195.33 608
84195.33 609
84195.33 610
84195.33 611
84195.33 612
84195.33 613
84195.33 614
84195.33 615
84195.33 616
84195.33 617
84195.33 618
84195.33 619
84195.33 620
84195.33 621
84195.33 622
84195.33 623
84195.33 624
84195.33 625
84195.33 626
84195.33 627
84195.33 628
84195.33 629
84195.33 630
84195.33 631
84195.33 632
84195.33 633
84195.33 634
84195.33 635
84195.33 636
84195.33 637
84195.33 638
84195.33 639
84195.33 640
84195.33 641
84195.33 642
84195.33 643
84195.33 644
84195.33 645
84195.33 646
84195.33 647
84195.33 648
84195.33 649
84195.33 650
84195.33 651
84195.33 652
84195.33 653
84195.33 654
84195.33 655
84195.33 656
84195.33 657
84195.33 658
84195.33 659
84195.33 660
60139.52 661
60139.52 662
60139.52 663
60139.52 664
60139.52 665
60139.52 666
60139.52 667
60139.52 668
60139.52 669
60139.52 670
60139.52 671
60139.52 672
60139.52 673
60139.52 674
60139.52 675
60139.52 676
60139.52 677
60139.52 678
60139.52 679
60139.52 680
60139.52 681
60139.52 682
60139.52 683
60139.52 684
60139.52 685
60139.52 686
60139.52 687
60139.52 688
60139.52 689
60139.52 690
60139.52 691
60139.52 692
60139.52 693
60139.52 694
60139.52 695
60139.52 696
60139.52 697
60139.52 698
60139.52 699
60139.52 700
60139.52 701
60139.52 702
60139.52 703
60139.52 704
60139.52 705
60139.52 706
60139.52 707
60139.52 708
60139.52 709
60139.52 710
60139.52 711
60139.52 712
60139.52 713
60139.52 714
60139.52 715
60139.52 716
60139.52 717
60139.52 718
60139.52 719
60139.52 720
60139.52 721
60139.52 722
60139.52 723
60139.52 724
60139.52 725
60139.52 726
60139.52 727
60139.52 728
60139.52 729
60139.52 730
60139.52 731
60139.52 732
60139.52 733
60139.52 734
60139.52 735
60139.52 736
60139.52 737
60139.52 738
60139.52 739
60139.52 740
60139.52 741
60139.52 742
60139.52 743
60139.52 744
60139.52 745
60139.52 746
60139.52 747
60139.52 748
60139.52 749
60139.52 750
60139.52 751
60139.52 752
60139.52 753
60139.52 754
60139.52 755
60139.52 756
60139.52 757
60139.52 758
60139.52 759
60139.52 760
60139.52 761
60139.52 762
60139.52 763
60139.52 764
60139.52 765
60139.52 766
60139.52 767
60139.52 768
60139.52 769
60139.52 770
60139.52 771
60139.52 772
60139.52 773
60139.52 774
60139.52 775
60139.52 776
60139.52 777
60139.52 778
60139.52 779
60139.52 780
60139.52 781
60139.52 782
60139.52 783
60139.52 784
60139.52 785
60139.52 786
60139.52 787
60139.52 788
60139.52 789
60139.52 790
60139.52 791
60139.52 792
60139.52 793
60139.52 794
60139.52 795
60139.52 796
60139.52 797
60139.52 798
60139.52 799
60139.52 800
60139.52 801
60139.52 802
60139.52 803
60139.52 804
60139.52 805
60139.52 806
60139.52 807
60139.52 808
60139.52 809
60139.52 810
60139.52 811
60139.52 812
60139.52 813
60139.52 814
60139.52 815
60139.52 816
60139.52 817
60139.52 818
60139.52 819
60139.52 820
60139.52 821
60139.52 822
60139.52 823
60139.52 824
60139.52 825
60139.52 826
60139.52 827
60139.52 828
60139.52 829
60139.52 830
60139.52 831
60139.52 832
60139.52 833
60139.52 834
60139.52 835
60139.52 836
60139.52 837
60139.52 838
60139.52 839
60139.52 840
60139.52 841
60139.52 842
60139.52 843
60139.52 844
60139.52 845
60139.52 846
60139.52 847
60139.52 848
60139.52 849
60139.52 850
60139.52 851
60139.52 852
60139.52 853
60139.52 854
60139.52 855
60139.52 856
60139.52 857
60139.52 858
60139.52 859
60139.52 860
60139.52 861
60139.52 862
60139.52 863
60139.52 864
60139.52 865
60139.52 866
60139.52 867
60139.52 868
60139.52 869
60139.52 870
60139.52 871
60139.52 872
60139.52 873
60139.52 874
60139.52 875
60139.52 876
60139.52 877
60139.52 878
60139.52 879
60139.52 880
60139.52 881
60139.52 882
60139.52 883
60139.52 884
60139.52 885
60139.52 886
60139.52 887
60139.52 888
60139.52 889
60139.52 890
60139.52 891
60139.52 892
60139.52 893
60139.52 894
60139.52 895
60139.52 896
60139.52 897
60139.52 898
60139.52 899
60139.52 900
60139.52 901
60139.52 902
60139.52 903
60139.52 904
60139.52 905
60139.52 906
60139.52 907
60139.52 908
60139.52 909
60139.52 910
60139.52 911
60139.52 912
60139.52 913
60139.52 914
60139.52 915
60139.52 916
60139.52 917
60139.52 918
60139.52 919
60139.52 920
60139.52 921
60139.52 922
60139.52 923
60139.52 924
60139.52 925
60139.52 926
60139.52 927
60139.52 928
60139.52 929
60139.52 930
60139.52 931
60139.52 932
60139.52 933
60139.52 934
60139.52 935
60139.52 936
60139.52 937
60139.52 938
60139.52 939
60139.52 940
60139.52 941
60139.52 942
60139.52 943
60139.52 944
60139.52 945
60139.52 946
60139.52 947
60139.52 948
60139.52 949
60139.52 950
60139.52 951
60139.52 952
60139.52 953
60139.52 954
60139.52 955
60139.52 956
60139.52 957
60139.52 958
60139.52 959
60139.52 960
60139.52 961
60139.52 962
60139.52 963
60139.52 964
60139.52 965
60139.52 966
60139.52 967
60139.52 968
60139.52 969
60139.52 970
60139.52 971
60139.52 972
60139.52 973
60139.52 974
60139.52 975
60139.52 976
60139.52 977
60139.52 978
60139.52 979
60139.52 980
60139.52 981
60139.52 982
60139.52 983
60139.52 984
60139.52 985
60139.52 986
60139.52 987
60139.52 988
60139.52 989
60139.52 990
60139.52 991
60139.52 992
60139.52 993
60139.52 994
60139.52 995
60139.52 996
60139.52 997
60139.52 998
60139.52 999
60139.52 1000
60139.52 1001
60139.52 1002
60139.52 1003
60139.52 1004
60139.52 1005
60139.52 1006
60139.52 1007
60139.52 1008
60139.52 1009
60139.52 1010
60139.52 1011
60139.52 1012
60139.52 1013
60139.52 1014
60139.52 1015
60139.52 1016
60139.52 1017
60139.52 1018
60139.52 1019
60139.52 1020
60139.52 1021
60139.52 1022
60139.52 1023
60139.52 1024
60139.52 1025
60139.52 1026
60139.52 1027
60139.52 1028
60139.52 1029
60139.52 1030
60139.52 1031
60139.52 1032
60139.52 1033
60139.52 1034
60139.52 1035
60139.52 1036
60139.52 1037
60139.52 1038
60139.52 1039
60139.52 1040
60139.52 1041
60139.52 1042
60139.52 1043
60139.52 1044
60139.52 1045
60139.52 1046
60139.52 1047
60139.52 1048
60139.52 1049
60139.52 1050
60139.52 1051
60139.52 1052
60139.52 1053
60139.52 1054
60139.52 1055
60139.52 1056
60139.52 1057
60139.52 1058
60139.52 1059
60139.52 1060
60139.52 1061
60139.52 1062
60139.52 1063
60139.52 1064
60139.52 1065
60139.52 1066
60139.52 1067
60139.52 1068
60139.52 1069
60139.52 1070
60139.52 1071
60139.52 1072
60139.52 1073
60139.52 1074
60139.52 1075
60139.52 1076
60139.52 1077
60139.52 1078
60139.52 1079
60139.52 1080
60139.52 1081
60139.52 1082
60139.52 1083
60139.52 1084
60139.52 1085
60139.52 1086
60139.52 1087
60139.52 1088
60139.52 1089
60139.52 1090
60139.52 1091
60139.52 1092
60139.52 1093
60139.52 1094
60139.52 1095
60139.52 1096
60139.52 1097
60139.52 1098
60139.52 1099
60139.52 1100
60139.52 1101
60139.52 1102
60139.52 1103
60139.52 1104
60139.52 1105
60139.52 1106
60139.52 1107
60139.52 1108
60139.52 1109
60139.52 1110
60139.52 1111
60139.52 1112
60139.52 1113
60139.52 1114
60139.52 1115
60139.52 1116
60139.52 1117
60139.52 1118
60139.52 1119
60139.52 1120
60139.52 1121
60139.52 1122
60139.52 1123
60139.52 1124
60139.52 1125
60139.52 1126
60139.52 1127
60139.52 1128
60139.52 1129
60139.52 1130
60139.52 1131
60139.52 1132
60139.52 1133
60139.52 1134
60139.52 1135
60139.52 1136
60139.52 1137
60139.52 1138
60139.52 1139
60139.52 1140
60139.52 1141
60139.52 1142
60139.52 1143
60139.52 1144
60139.52 1145
60139.52 1146
60139.52 1147
60139.52 1148
60139.52 1149
60139.52 1150
60139.52 1151
60139.52 1152
60139.52 1153
60139.52 1154
60139.52 1155
60139.52 1156
60139.52 1157
60139.52 1158
60139.52 1159
60139.52 1160
60139.52 1161
60139.52 1162
60139.52 1163
60139.52 1164
60139.52 1165
60139.52 1166
60139.52 1167
60139.52 1168
60139.52 1169
60139.52 1170
60139.52 1171
60139.52 1172
60139.52 1173
60139.52 1174
60139.52 1175
60139.52 1176
60139.52 1177
60139.52 1178
60139.52 1179
60139.52 1180
60139.52 1181
60139.52 1182
60139.52 1183
60139.52 1184
60139.52 1185
60139.52 1186
60139.52 1187
60139.52 1188
60139.52 1189
60139.52 1190
60139.52 1191
60139.52 1192
60139.52 1193
60139.52 1194
60139.52 1195
60139.52 1196
60139.52 1197
60139.52 1198
60139.52 1199
60139.52 1200
60139.52 1201
60139.52 1202
60139.52 1203
60139.52 1204
60139.52 1205
60139.52 1206
60139.52 1207
60139.52 1208
60139.52 1209
60139.52 1210
60139.52 1211
60139.52 1212
60139.52 1213
60139.52 1214
60139.52 1215
60139.52 1216
60139.52 1217
60139.52 1218
60139.52 1219
60139.52 1220
60139.52 1221
60139.52 1222
60139.52 1223
60139.52 1224
60139.52 1225
60139.52 1226
60139.52 1227
60139.52 1228
60139.52 1229
60139.52 1230
60139.52 1231
60139.52 1232
60139.52 1233
60139.52 1234
60139.52 1235
60139.52 1236
60139.52 1237
60139.52 1238
60139.52 1239
60139.52 1240
60139.52 1241
60139.52 1242
60139.52 1243
60139.52 1244
60139.52 1245
60139.52 1246
60139.52 1247
60139.52 1248
60139.52 1249
60139.52 1250
60139.52 1251
60139.52 1252
60139.52 1253
60139.52 1254
60139.52 1255
60139.52 1256
60139.52 1257
60139.52 1258
60139.52 1259
60139.52 1260
60139.52 1261
60139.52 1262
60139.52 1263
60139.52 1264
60139.52 1265
60139.52 1266
60139.52 1267
60139.52 1268
60139.52 1269
60139.52 1270
60139.52 1271
60139.52 1272
60139.52 1273
60139.52 1274
60139.52 1275
60139.52 1276
60139.52 1277
60139.52 1278
60139.52 1279
60139.52 1280
60139.52 1281
60139.52 1282
60139.52 1283
60139.52 1284
60139.52 1285
60139.52 1286
60139.52 1287
60139.52 1288
60139.52 1289
60139.52 1290
60139.52 1291
60139.52 1292
60139.52 1293
60139.52 1294
60139.52 1295
60139.52 1296
60139.52 1297
60139.52 1298
60139.52 1299
60139.52 1300
60139.52 1301
60139.52 1302
60139.52 1303
60139.52 1304
60139.52 1305
60139.52 1306
60139.52 1307
60139.52 1308
60139.52 1309
60139.52 1310
60139.52 1311
60139.52 1312
60139.52 1313
60139.52 1314
60139.52 1315
60139.52 1316
60139.52 1317
60139.52 1318
60139.52 1319
60139.52 1320
60139.52 1321
60139.52 1322
60139.52 1323
60139.52 1324
60139.52 1325
60139.52 1326
60139.52 1327
60139.52 1328
60139.52 1329
60139.52 1330
60139.52 1331
60139.52 1332
60139.52 1333
60139.52 1334
60139.52 1335
60139.52 1336
60139.52 1337
60139.52 1338
60139.52 1339
60139.52 1340
60139.52 1341
60139.52 1342
60139.52 1343
60139.52 1344
60139.52 1345
60139.52 1346
60139.52 1347
60139.52 1348
60139.52 1349
60139.52 1350
60139.52 1351
60139.52 1352
60139.52 1353
60139.52 1354
60139.52 1355
60139.52 1356
60139.52 1357
60139.52 1358
60139.52 1359
60139.52 1360
60139.52 1361
60139.52 1362
60139.52 1363
60139.52 1364
60139.52 1365
60139.52 1366
60139.52 1367
60139.52 1368
60139.52 1369
60139.52 1370
60139.52 1371
60139.52 1372
60139.52 1373
60139.52 1374
60139.52 1375
60139.52 1376
60139.52 1377
60139.52 1378
60139.52 1379
60139.52 1380
60139.52 1381
60139.52 1382
60139.52 1383
60139.52 1384
60139.52 1385
60139.52 1386
60139.52 1387
60139.52 1388
60139.52 1389
60139.52 1390
60139.52 1391
60139.52 1392
60139.52 1393
60139.52 1394
60139.52 1395
60139.52 1396
60139.52 1397
60139.52 1398
60139.52 1399
60139.52 1400
60139.52 1401
60139.52 1402
60139.52 1403
60139.52 1404
60139.52 1405
60139.52 1406
60139.52 1407
60139.52 1408
60139.52 1409
60139.52 1410
60139.52 1411
60139.52 1412
60139.52 1413
60139.52 1414
60139.52 1415
60139.52 1416
60139.52 1417
60139.52 1418
60139.52 1419
60139.52 1420
60139.52 1421
60139.52 1422
60139.52 1423
60139.52 1424
60139.52 1425
60139.52 1426
60139.52 1427
60139.52 1428
60139.52 1429
60139.52 1430
60139.52 1431
60139.52 1432
60139.52 1433
60139.52 1434
60139.52 1435
60139.52 1436
60139.52 1437
60139.52 1438
60139.52 1439
60139.52 1440
60139.52 1441
60139.52 1442
60139.52 1443
60139.52 1444
60139.52 1445
60139.52 1446
60139.52 1447
60139.52 1448
60139.52 1449
60139.52 1450
60139.52 1451
60139.52 1452
60139.52 1453
60139.52 1454
60139.52 1455
60139.52 1456
60139.52 1457
60139.52 1458
60139.52 1459
60139.52 1460
60139.52 1461
60139.52 1462
60139.52 1463
60139.52 1464
60139.52 1465
60139.52 1466
60139.52 1467
60139.52 1468
60139.52 1469
60139.52 1470
60139.52 1471
60139.52 1472
60139.52 1473
60139.52 1474
60139.52 1475
60139.52 1476
60139.52 1477
60139.52 1478
60139.52 1479
60139.52 1480
60139.52 1481
60139.52 1482
60139.52 1483
60139.52 1484
60139.52 1485
60139.52 1486
60139.52 1487
60139.52 1488
60139.52 1489
60139.52 1490
60139.52 1491
60139.52 1492
60139.52 1493
60139.52 1494
60139.52 1495
60139.52 1496
60139.52 1497
60139.52 1498
60139.52 1499
60139.52 1500
60139.52 1501
60139.52 1502
60139.52 1503
60139.52 1504
60139.52 1505
60139.52 1506
60139.52 1507
60139.52 1508
60139.52 1509
60139.52 1510
60139.52 1511
60139.52 1512
60139.52 1513
60139.52 1514
60139.52 1515
60139.52 1516
60139.52 1517
60139.52 1518
60139.52 1519
60139.52 1520
60139.52 1521
60139.52 1522
60139.52 1523
60139.52 1524
60139.52 1525
60139.52 1526
60139.52 1527
60139.52 1528
60139.52 1529
60139.52 1530
60139.52 1531
60139.52 1532
60139.52 1533
60139.52 1534
60139.52 1535
60139.52 1536
60139.52 1537
60139.52 1538
60139.52 1539
60139.52 1540
60139.52 1541
60139.52 1542
60139.52 1543
60139.52 1544
60139.52 1545
60139.52 1546
60139.52 1547
60139.52 1548
60139.52 1549
60139.52 1550
60139.52 1551
60139.52 1552
60139.52 1553
60139.52 1554
60139.52 1555
60139.52 1556
60139.52 1557
60139.52 1558
60139.52 1559
60139.52 1560
60139.52 1561
60139.52 1562
60139.52 1563
60139.52 1564
60139.52 1565
60139.52 1566
60139.52 1567
60139.52 1568
60139.52 1569
60139.52 1570
60139.52 1571
60139.52 1572
60139.52 1573
60139.52 1574
60139.52 1575
60139.52 1576
60139.52 1577
60139.52 1578
60139.52 1579
60139.52 1580
60139.52 1581
60139.52 1582
60139.52 1583
60139.52 1584
60139.52 1585
60139.52 1586
60139.52 1587
60139.52 1588
60139.52 1589
60139.52 1590
60139.52 1591
60139.52 1592
60139.52 1593
60139.52 1594
60139.52 1595
60139.52 1596
60139.52 1597
60139.52 1598
60139.52 1599
60139.52 1600
60139.52 1601
60139.52 1602
60139.52 1603
60139.52 1604
60139.52 1605
60139.52 1606
60139.52 1607
60139.52 1608
60139.52 1609
60139.52 1610
60139.52 1611
60139.52 1612
60139.52 1613
60139.52 1614
60139.52 1615
60139.52 1616
60139.52 1617
60139.52 1618
60139.52 1619
60139.52 1620
60139.52 1621
60139.52 1622
60139.52 1623
60139.52 1624
60139.52 1625
60139.52 1626
60139.52 1627
60139.52 1628
60139.52 1629
60139.52 1630
60139.52 1631
60139.52 1632
60139.52 1633
60139.52 1634
60139.52 1635
60139.52 1636
60139.52 1637
60139.52 1638
60139.52 1639
60139.52 1640
60139.52 1641
60139.52 1642
60139.52 1643
60139.52 1644
60139.52 1645
60139.52 1646
60139.52 1647
60139.52 1648
60139.52 1649
60139.52 1650
60139.52 1651
60139.52 1652
60139.52 1653
60139.52 1654
60139.52 1655
60139.52 1656
60139.52 1657
60139.52 1658
60139.52 1659
60139.52 1660
60139.52 1661
60139.52 1662
60139.52 1663
60139.52 1664
60139.52 1665
60139.52 1666
60139.52 1667
60139.52 1668
60139.52 1669
60139.52 1670
60139.52 1671
60139.52 1672
60139.52 1673
60139.52 1674
60139.52 1675
60139.52 1676
60139.52 1677
60139.52 1678
60139.52 1679
60139.52 1680
60139.52 1681
60139.52 1682
60139.52 1683
60139.52 1684
60139.52 1685
60139.52 1686
60139.52 1687
60139.52 1688
60139.52 1689
60139.52 1690
60139.52 1691
60139.52 1692
60139.52 1693
60139.52 1694
60139.52 1695
60139.52 1696
60139.52 1697
60139.52 1698
60139.52 1699
60139.52 1700
60139.52 1701
60139.52 1702
60139.52 1703
60139.52 1704
60139.52 1705
60139.52 1706
60139.52 1707
60139.52 1708
60139.52 1709
60139.52 1710
60139.52 1711
60139.52 1712
60139.52 1713
60139.52 1714
60139.52 1715
60139.52 1716
60139.52 1717
60139.52 1718
60139.52 1719
60139.52 1720
60139.52 1721
60139.52 1722
60139.52 1723
60139.52 1724
60139.52 1725
60139.52 1726
60139.52 1727
60139.52 1728
60139.52 1729
60139.52 1730
60139.52 1731
60139.52 1732
60139.52 1733
60139.52 1734
60139.52 1735
60139.52 1736
60139.52 1737
60139.52 1738
60139.52 1739
60139.52 1740
60139.52 1741
60139.52 1742
60139.52 1743
60139.52 1744
60139.52 1745
60139.52 1746
60139.52 1747
60139.52 1748
60139.52 1749
60139.52 1750
60139.52 1751
60139.52 1752
60139.52 1753
60139.52 1754
60139.52 1755
60139.52 1756
60139.52 1757
60139.52 1758
60139.52 1759
60139.52 1760
60139.52 1761
60139.52 1762
60139.52 1763
60139.52 1764
60139.52 1765
60139.52 1766
60139.52 1767
60139.52 1768
60139.52 1769
60139.52 1770
60139.52 1771
60139.52 1772
60139.52 1773
60139.52 1774
60139.52 1775
60139.52 1776
60139.52 1777
60139.52 1778
60139.52 1779
60139.52 1780
60139.52 1781
60139.52 1782
60139.52 1783
60139.52 1784
60139.52 1785
60139.52 1786
60139.52 1787
60139.52 1788
60139.52 1789
60139.52 1790
60139.52 1791
60139.52 1792
60139.52 1793
60139.52 1794
60139.52 1795
60139.52 1796
60139.52 1797
60139.52 1798
60139.52 1799
60139.52 1800
60139.52 1801
60139.52 1802
60139.52 1803
60139.52 1804
60139.52 1805
60139.52 1806
60139.52 1807
60139.52 1808
60139.52 1809
60139.52 1810
60139.52 1811
60139.52 1812
60139.52 1813
60139.52 1814
60139.52 1815
60139.52 1816
60139.52 1817
60139.52 1818
60139.52 1819
60139.52 1820
60139.52 1821
60139.52 1822
60139.52 1823
60139.52 1824
60139.52 1825
60139.52 1826
60139.52 1827
60139.52 1828
60139.52 1829
60139.52 1830
60139.52 1831
60139.52 1832
60139.52 1833
60139.52 1834
60139.52 1835
60139.52 1836
60139.52 1837
60139.52 1838
60139.52 1839
60139.52 1840
60139.52 1841
60139.52 1842
60139.52 1843
60139.52 1844
60139.52 1845
60139.52 1846
60139.52 1847
60139.52 1848
60139.52 1849
60139.52 1850
60139.52 1851
60139.52 1852
60139.52 1853
60139.52 1854
60139.52 1855
60139.52 1856
60139.52 1857
60139.52 1858
60139.52 1859
60139.52 1860
60139.52 1861
60139.52 1862
60139.52 1863
60139.52 1864
60139.52 1865
60139.52 1866
60139.52 1867
60139.52 1868
60139.52 1869
60139.52 1870
60139.52 1871
60139.52 1872
60139.52 1873
60139.52 1874
60139.52 1875
60139.52 1876
60139.52 1877
60139.52 1878
60139.52 1879
60139.52 1880
60139.52 1881
60139.52 1882
60139.52 1883
60139.52 1884
60139.52 1885
60139.52 1886
60139.52 1887
60139.52 1888
60139.52 1889
60139.52 1890
60139.52 1891
60139.52 1892
60139.52 1893
60139.52 1894
60139.52 1895
60139.52 1896
60139.52 1897
60139.52 1898
60139.52 1899
60139.52 1900
60139.52 1901
60139.52 1902
60139.52 1903
60139.52 1904
60139.52 1905
60139.52 1906
60139.52 1907
60139.52 1908
60139.52 1909
60139.52 1910
60139.52 1911
60139.52 1912
60139.52 1913
60139.52 1914
60139.52 1915
60139.52 1916
60139.52 1917
60139.52 1918
60139.52 1919
60139.52 1920
60139.52 1921
60139.52 1922
60139.52 1923
60139.52 1924
60139.52 1925
60139.52 1926
60139.52 1927
60139.52 1928
60139.52 1929
60139.52 1930
60139.52 1931
60139.52 1932
60139.52 1933
60139.52 1934
60139.52 1935
60139.52 1936
60139.52 1937
60139.52 1938
60139.52 1939
60139.52 1940
60139.52 1941
60139.52 1942
60139.52 1943
60139.52 1944
60139.52 1945
60139.52 1946
60139.52 1947
60139.52 1948
60139.52 1949
60139.52 1950
60139.52 1951
60139.52 1952
60139.52 1953
60139.52 1954
60139.52 1955
60139.52 1956
60139.52 1957
60139.52 1958
60139.52 1959
60139.52 1960
60139.52 1961
60139.52 1962
60139.52 1963
60139.52 1964
60139.52 1965
60139.52 1966
60139.52 1967
60139.52 1968
60139.52 1969
60139.52 1970
60139.52 1971
60139.52 1972
60139.52 1973
60139.52 1974
60139.52 1975
60139.52 1976
60139.52 1977
60139.52 1978
60139.52 1979
60139.52 1980
60139.52 1981
60139.52 1982
60139.52 1983
60139.52 1984
60139.52 1985
60139.52 1986
60139.52 1987
60139.52 1988
60139.52 1989
60139.52 1990
60139.52 1991
60139.52 1992
60139.52 1993
60139.52 1994
60139.52 1995
60139.52 1996
60139.52 1997
60139.52 1998
60139.52 1999
60139.52 2000
60139.52 2001
60139.52 2002
60139.52 2003
60139.52 2004
60139.52 2005
60139.52 2006
60139.52 2007
60139.52 2008
60139.52 2009
60139.52 2010
60139.52 2011
60139.52 2012
60139.52 2013
60139.52 2014
60139.52 2015
60139.52 2016
60139.52 2017
60139.52 2018
60139.52 2019
60139.52 2020
60139.52 2021
60139.52 2022
60139.52 2023
60139.52 2024
60139.52 2025
60139.52 2026
60139.52 2027
60139.52 2028
60139.52 2029
60139.52 2030
60139.52 2031
60139.52 2032
60139.52 2033
60139.52 2034
60139.52 2035
60139.52 2036
60139.52 2037
60139.52 2038
60139.52 2039
60139.52 2040
60139.52 2041
60139.52 2042
60139.52 2043
60139.52 2044
60139.52 2045
60139.52 2046
60139.52 2047
60139.52 2048
60139.52 2049
60139.52 2050
60139.52 2051
60139.52 2052
60139.52 2053
60139.52 2054
60139.52 2055
60139.52 2056
60139.52 2057
60139.52 2058
60139.52 2059
60139.52 2060
60139.52 2061
60139.52 2062
60139.52 2063
60139.52 2064
60139.52 2065
60139.52 2066
60139.52 2067
60139.52 2068
60139.52 2069
60139.52 2070
60139.52 2071
60139.52 2072
60139.52 2073
60139.52 2074
60139.52 2075
60139.52 2076
60139.52 2077
60139.52 2078
60139.52 2079
60139.52 2080
60139.52 2081
60139.52 2082
60139.52 2083
60139.52 2084
60139.52 2085
60139.52 2086
60139.52 2087
60139.52 2088
60139.52 2089
60139.52 2090
60139.52 2091
60139.52 2092
60139.52 2093
60139.52 2094
60139.52 2095
60139.52 2096
60139.52 2097
60139.52 2098
60139.52 2099
60139.52 2100
60139.52 2101
60139.52 2102
60139.52 2103
60139.52 2104
60139.52 2105
60139.52 2106
60139.52 2107
60139.52 2108
60139.52 2109
60139.52 2110
60139.52 2111
60139.52 2112
60139.52 2113
60139.52 2114
60139.52 2115
60139.52 2116
60139.52 2117
60139.52 2118
60139.52 2119
60139.52 2120
60139.52 2121
60139.52 2122
60139.52 2123
60139.52 2124
60139.52 2125
60139.52 2126
60139.52 2127
60139.52 2128
60139.52 2129
60139.52 2130
60139.52 2131
60139.52 2132
60139.52 2133
60139.52 2134
60139.52 2135
60139.52 2136
60139.52 2137
60139.52 2138
60139.52 2139
60139.52 2140
60139.52 2141
60139.52 2142
60139.52 2143
60139.52 2144
60139.52 2145
60139.52 2146
60139.52 2147
60139.52 2148
60139.52 2149
60139.52 2150
60139.52 2151
60139.52 2152
60139.52 2153
60139.52 2154
60139.52 2155
60139.52 2156
60139.52 2157
60139.52 2158
60139.52 2159
60139.52 2160
60139.52 2161
60139.52 2162
60139.52 2163
60139.52 2164
60139.52 2165
60139.52 2166
60139.52 2167
60139.52 2168
60139.52 2169
60139.52 2170
60139.52 2171
60139.52 2172
60139.52 2173
60139.52 2174
60139.52 2175
60139.52 2176
60139.52 2177
60139.52 2178
60139.52 2179
60139.52 2180
60139.52 2181
60139.52 2182
60139.52 2183
60139.52 2184
60139.52 2185
60139.52 2186
60139.52 2187
60139.52 2188
60139.52 2189
60139.52 2190
60139.52 2191
60139.52 2192
60139.52 2193
60139.52 2194
60139.52 2195
60139.52 2196
60139.52 2197
60139.52 2198
60139.52 2199
60139.52 2200
60139.52 2201
60139.52 2202
60139.52 2203
60139.52 2204
60139.52 2205
60139.52 2206
60139.52 2207
60139.52 2208
60139.52 2209
60139.52 2210
60139.52 2211
60139.52 2212
60139.52 2213
60139.52 2214
60139.52 2215
60139.52 2216
60139.52 2217
60139.52 2218
60139.52 2219
60139.52 2220
60139.52 2221
60139.52 2222
60139.52 2223
60139.52 2224
60139.52 2225
60139.52 2226
60139.52 2227
60139.52 2228
60139.52 2229
60139.52 2230
60139.52 2231
60139.52 2232
60139.52 2233
60139.52 2234
60139.52 2235
60139.52 2236
60139.52 2237
60139.52 2238
60139.52 2239
60139.52 2240
60139.52 2241
60139.52 2242
60139.52 2243
60139.52 2244
60139.52 2245
60139.52 2246
60139.52 2247
60139.52 2248
60139.52 2249
60139.52 2250
60139.52 2251
60139.52 2252
60139.52 2253
60139.52 2254
60139.52 2255
60139.52 2256
60139.52 2257
60139.52 2258
60139.52 2259
60139.52 2260
60139.52 2261
60139.52 2262
60139.52 2263
60139.52 2264
60139.52 2265
60139.52 2266
60139.52 2267
60139.52 2268
60139.52 2269
60139.52 2270
60139.52 2271
60139.52 2272
60139.52 2273
60139.52 2274
60139.52 2275
60139.52 2276
60139.52 2277
60139.52 2278
60139.52 2279
60139.52 2280
60139.52 2281
60139.52 2282
60139.52 2283
60139.52 2284
60139.52 2285
60139.52 2286
60139.52 2287
60139.52 2288
60139.52 2289
60139.52 2290
60139.52 2291
60139.52 2292
60139.52 2293
60139.52 2294
60139.52 2295
60139.52 2296
60139.52 2297
60139.52 2298
60139.52 2299
60139.52 2300
60139.52 2301
60139.52 2302
60139.52 2303
60139.52 2304
60139.52 2305
60139.52 2306
60139.52 2307
60139.52 2308
60139.52 2309
60139.52 2310
60139.52 2311
60139.52 2312
60139.52 2313
60139.52 2314
60139.52 2315
60139.52 2316
60139.52 2317
60139.52 2318
60139.52 2319
60139.52 2320
60139.52 2321
60139.52 2322
60139.52 2323
60139.52 2324
60139.52 2325
60139.52 2326
60139.52 2327
60139.52 2328
60139.52 2329
60139.52 2330
60139.52 2331
60139.52 2332
60139.52 2333
60139.52 2334
60139.52 2335
60139.52 2336
60139.52 2337
60139.52 2338
60139.52 2339
60139.52 2340
60139.52 2341
60139.52 2342
60139.52 2343
60139.52 2344
60139.52 2345
60139.52 2346
60139.52 2347
60139.52 2348
60139.52 2349
60139.52 2350
60139.52 2351
60139.52 2352
60139.52 2353
60139.52 2354
60139.52 2355
60139.52 2356
60139.52 2357
60139.52 2358
60139.52 2359
60139.52 2360
60139.52 2361
60139.52 2362
60139.52 2363
60139.52 2364
60139.52 2365
60139.52 2366
60139.52 2367
60139.52 2368
60139.52 2369
60139.52 2370
60139.52 2371
60139.52 2372
60139.52 2373
60139.52 2374
60139.52 2375
60139.52 2376
60139.52 2377
60139.52 2378
60139.52 2379
60139.52 2380
60139.52 2381
60139.52 2382
60139.52 2383
60139.52 2384
60139.52 2385
60139.52 2386
60139.52 2387
60139.52 2388
60139.52 2389
60139.52 2390
60139.52 2391
60139.52 2392
60139.52 2393
60139.52 2394
60139.52 2395
60139.52 2396
60139.52 2397
60139.52 2398
60139.52 2399
60139.52 2400
60139.52 2401
60139.52 2402
60139.52 2403
60139.52 2404
60139.52 2405
60139.52 2406
60139.52 2407
60139.52 2408
60139.52 2409
60139.52 2410
60139.52 2411
60139.52 2412
60139.52 2413
60139.52 2414
60139.52 2415
60139.52 2416
60139.52 2417
60139.52 2418
60139.52 2419
60139.52 2420
60139.52 2421
60139.52 2422
60139.52 2423
60139.52 2424
60139.52 2425
60139.52 2426
60139.52 2427
60139.52 2428
60139.52 2429
60139.52 2430
60139.52 2431
60139.52 2432
60139.52 2433
60139.52 2434
60139.52 2435
60139.52 2436
60139.52 2437
60139.52 2438
60139.52 2439
60139.52 2440
60139.52 2441
60139.52 2442
60139.52 2443
60139.52 2444
60139.52 2445
60139.52 2446
60139.52 2447
60139.52 2448
60139.52 2449
60139.52 2450
60139.52 2451
60139.52 2452
60139.52 2453
60139.52 2454
60139.52 2455
60139.52 2456
60139.52 2457
60139.52 2458
60139.52 2459
60139.52 2460
60139.52 2461
60139.52 2462
60139.52 2463
60139.52 2464
60139.52 2465
60139.52 2466
60139.52 2467
60139.52 2468
60139.52 2469
60139.52 2470
60139.52 2471
60139.52 2472
60139.52 2473
60139.52 2474
60139.52 2475
60139.52 2476
60139.52 2477
60139.52 2478
60139.52 2479
60139.52 2480
60139.52 2481
60139.52 2482
60139.52 2483
60139.52 2484
60139.52 2485
60139.52 2486
60139.52 2487
60139.52 2488
60139.52 2489
60139.52 2490
60139.52 2491
60139.52 2492
60139.52 2493
60139.52 2494
60139.52 2495
60139.52 2496
60139.52 2497
60139.52 2498
60139.52 2499
60139.52 2500
60139.52 2501
60139.52 2502
60139.52 2503
60139.52 2504
60139.52 2505
60139.52 2506
60139.52 2507
60139.52 2508
60139.52 2509
60139.52 2510
60139.52 2511
60139.52 2512
60139.52 2513
60139.52 2514
60139.52 2515
60139.52 2516
60139.52 2517
60139.52 2518
60139.52 2519
60139.52 2520
60139.52 2521
60139.52 2522
60139.52 2523
60139.52 2524
60139.52 2525
60139.52 2526
60139.52 2527
60139.52 2528
60139.52 2529
60139.52 2530
60139.52 2531
60139.52 2532
60139.52 2533
60139.52 2534
60139.52 2535
60139.52 2536
60139.52 2537
60139.52 2538
60139.52 2539
60139.52 2540
60139.52 2541
60139.52 2542
60139.52 2543
60139.52 2544
60139.52 2545
60139.52 2546
60139.52 2547
60139.52 2548
60139.52 2549
60139.52 2550
60139.52 2551
60139.52 2552
60139.52 2553
60139.52 2554
60139.52 2555
60139.52 2556
60139.52 2557
60139.52 2558
60139.52 2559
60139.52 2560
60139.52 2561
60139.52 2562
60139.52 2563
60139.52 2564
60139.52 2565
60139.52 2566
60139.52 2567
60139.52 2568
60139.52 2569
60139.52 2570
60139.52 2571
60139.52 2572
60139.52 2573
60139.52 2574
60139.52 2575
60139.52 2576
60139.52 2577
60139.52 2578
60139.52 2579
60139.52 2580
60139.52 2581
60139.52 2582
60139.52 2583
60139.52 2584
60139.52 2585
60139.52 2586
60139.52 2587
60139.52 2588
60139.52 2589
60139.52 2590
60139.52 2591
60139.52 2592
60139.52 2593
60139.52 2594
60139.52 2595
60139.52 2596
60139.52 2597
60139.52 2598
60139.52 2599
60139.52 2600
60139.52 2601
60139.52 2602
60139.52 2603
60139.52 2604
60139.52 2605
60139.52 2606
60139.52 2607
60139.52 2608
60139.52 2609
60139.52 2610
60139.52 2611
60139.52 2612
60139.52 2613
60139.52 2614
60139.52 2615
60139.52 2616
60139.52 2617
60139.52 2618
60139.52 2619
60139.52 2620
60139.52 2621
60139.52 2622
60139.52 2623
60139.52 2624
60139.52 2625
60139.52 2626
60139.52 2627
60139.52 2628
60139.52 2629
60139.52 2630
60139.52 2631
60139.52 2632
60139.52 2633
60139.52 2634
60139.52 2635
60139.52 2636
60139.52 2637
60139.52 2638
60139.52 2639
60139.52 2640
60139.52 2641
60139.52 2642
60139.52 2643
60139.52 2644
60139.52 2645
60139.52 2646
60139.52 2647
60139.52 2648
60139.52 2649
60139.52 2650
60139.52 2651
60139.52 2652
60139.52 2653
60139.52 2654
60139.52 2655
60139.52 2656
60139.52 2657
60139.52 2658
60139.52 2659
60139.52 2660
60139.52 2661
60139.52 2662
60139.52 2663
60139.52 2664
60139.52 2665
60139.52 2666
60139.52 2667
60139.52 2668
60139.52 2669
60139.52 2670
60139.52 2671
60139.52 2672
60139.52 2673
60139.52 2674
60139.52 2675
60139.52 2676
60139.52 2677
60139.52 2678
60139.52 2679
60139.52 2680
60139.52 2681
60139.52 2682
60139.52 2683
60139.52 2684
60139.52 2685
60139.52 2686
60139.52 2687
60139.52 2688
60139.52 2689
60139.52 2690
60139.52 2691
60139.52 2692
60139.52 2693
60139.52 2694
60139.52 2695
60139.52 2696
60139.52 2697
60139.52 2698
60139.52 2699
60139.52 2700
60139.52 2701
60139.52 2702
60139.52 2703
60139.52 2704
60139.52 2705
60139.52 2706
60139.52 2707
60139.52 2708
60139.52 2709
60139.52 2710
60139.52 2711
60139.52 2712
60139.52 2713
60139.52 2714
60139.52 2715
60139.52 2716
60139.52 2717
60139.52 2718
60139.52 2719
60139.52 2720
60139.52 2721
60139.52 2722
60139.52 2723
60139.52 2724
60139.52 2725
60139.52 2726
60139.52 2727
60139.52 2728
60139.52 2729
60139.52 2730
60139.52 2731
60139.52 2732
60139.52 2733
60139.52 2734
60139.52 2735
60139.52 2736
60139.52 2737
60139.52 2738
60139.52 2739
60139.52 2740
60139.52 2741
60139.52 2742
60139.52 2743
60139.52 2744
60139.52 2745
60139.52 2746
60139.52 2747
60139.52 2748
60139.52 2749
60139.52 2750
60139.52 2751
60139.52 2752
60139.52 2753
60139.52 2754
60139.52 2755
60139.52 2756
60139.52 2757
60139.52 2758
60139.52 2759
60139.52 2760
60139.52 2761
60139.52 2762
60139.52 2763
60139.52 2764
60139.52 2765
60139.52 2766
60139.52 2767
60139.52 2768
60139.52 2769
60139.52 2770
60139.52 2771
60139.52 2772
60139.52 2773
60139.52 2774
60139.52 2775
60139.52 2776
60139.52 2777
60139.52 2778
60139.52 2779
60139.52 2780
60139.52 2781
60139.52 2782
60139.52 2783
60139.52 2784
60139.52 2785
60139.52 2786
60139.52 2787
60139.52 2788
60139.52 2789
60139.52 2790
60139.52 2791
60139.52 2792
60139.52 2793
60139.52 2794
60139.52 2795
60139.52 2796
60139.52 2797
60139.52 2798
60139.52 2799
60139.52 2800
60139.52 2801
60139.52 2802
60139.52 2803
60139.52 2804
60139.52 2805
60139.52 2806
60139.52 2807
60139.52 2808
60139.52 2809
60139.52 2810
60139.52 2811
60139.52 2812
60139.52 2813
60139.52 2814
60139.52 2815
60139.52 2816
60139.52 2817
60139.52 2818
60139.52 2819
60139.52 2820
60139.52 2821
60139.52 2822
60139.52 2823
60139.52 2824
60139.52 2825
60139.52 2826
60139.52 2827
60139.52 2828
60139.52 2829
60139.52 2830
60139.52 2831
60139.52 2832
60139.52 2833
60139.52 2834
60139.52 2835
60139.52 2836
60139.52 2837
60139.52 2838
60139.52 2839
60139.52 2840
60139.52 2841
60139.52 2842
60139.52 2843
60139.52 2844
60139.52 2845
60139.52 2846
60139.52 2847
60139.52 2848
60139.52 2849
60139.52 2850
60139.52 2851
60139.52 2852
60139.52 2853
60139.52 2854
60139.52 2855
60139.52 2856
60139.52 2857
60139.52 2858
60139.52 2859
60139.52 2860
60139.52 2861
60139.52 2862
60139.52 2863
60139.52 2864
60139.52 2865
60139.52 2866
60139.52 2867
60139.52 2868
60139.52 2869
60139.52 2870
60139.52 2871
60139.52 2872
60139.52 2873
60139.52 2874
60139.52 2875
60139.52 2876
60139.52 2877
60139.52 2878
60139.52 2879
60139.52 2880
60139.52 2881
60139.52 2882
60139.52 2883
60139.52 2884
60139.52 2885
60139.52 2886
60139.52 2887
60139.52 2888
60139.52 2889
60139.52 2890
