# H/nR [K], depth [km]
48111.62 1
48111.62 2
48111.62 3
48111.62 4
48111.62 5
48111.62 6
48111.62 7
48111.62 8
48111.62 9
48111.62 10
48111.62 11
48111.62 12
48111.62 13
48111.62 14
48111.62 15
48111.62 16
48111.62 17
48111.62 18
48111.62 19
48111.62 20
48111.62 21
48111.62 22
48111.62 23
48111.62 24
48111.62 25
48111.62 26
48111.62 27
48111.62 28
48111.62 29
48111.62 30
48111.62 31
48111.62 32
48111.62 33
48111.62 34
48111.62 35
48111.62 36
48111.62 37
48111.62 38
48111.62 39
48111.62 40
48111.62 41
48111.62 42
48111.62 43
48111.62 44
48111.62 45
48111.62 46
48111.62 47
48111.62 48
48111.62 49
48111.62 50
48111.62 51
48111.62 52
48111.62 53
48111.62 54
48111.62 55
48111.62 56
48111.62 57
48111.62 58
48111.62 59
48111.62 60
48111.62 61
48111.62 62
48111.62 63
48111.62 64
48111.62 65
48111.62 66
48111.62 67
48111.62 68
48111.62 69
48111.62 70
48111.62 71
48111.62 72
48111.62 73
48111.62 74
48111.62 75
48111.62 76
48111.62 77
48111.62 78
48111.62 79
48111.62 80
48111.62 81
48111.62 82
48111.62 83
48111.62 84
48111.62 85
48111.62 86
48111.62 87
48111.62 88
48111.62 89
48111.62 90
48111.62 91
48111.62 92
48111.62 93
48111.62 94
48111.62 95
48111.62 96
48111.62 97
48111.62 98
48111.62 99
48111.62 100
48111.62 101
48111.62 102
48111.62 103
48111.62 104
48111.62 105
48111.62 106
48111.62 107
48111.62 108
48111.62 109
48111.62 110
48111.62 111
48111.62 112
48111.62 113
48111.62 114
48111.62 115
48111.62 116
48111.62 117
48111.62 118
48111.62 119
48111.62 120
48111.62 121
48111.62 122
48111.62 123
48111.62 124
48111.62 125
48111.62 126
48111.62 127
48111.62 128
48111.62 129
48111.62 130
48111.62 131
48111.62 132
48111.62 133
48111.62 134
48111.62 135
48111.62 136
48111.62 137
48111.62 138
48111.62 139
48111.62 140
48111.62 141
48111.62 142
48111.62 143
48111.62 144
48111.62 145
48111.62 146
48111.62 147
48111.62 148
48111.62 149
48111.62 150
48111.62 151
48111.62 152
48111.62 153
48111.62 154
48111.62 155
48111.62 156
48111.62 157
48111.62 158
48111.62 159
48111.62 160
48111.62 161
48111.62 162
48111.62 163
48111.62 164
48111.62 165
48111.62 166
48111.62 167
48111.62 168
48111.62 169
48111.62 170
48111.62 171
48111.62 172
48111.62 173
48111.62 174
48111.62 175
48111.62 176
48111.62 177
48111.62 178
48111.62 179
48111.62 180
48111.62 181
48111.62 182
48111.62 183
48111.62 184
48111.62 185
48111.62 186
48111.62 187
48111.62 188
48111.62 189
48111.62 190
48111.62 191
48111.62 192
48111.62 193
48111.62 194
48111.62 195
48111.62 196
48111.62 197
48111.62 198
48111.62 199
48111.62 200
48111.62 201
48111.62 202
48111.62 203
48111.62 204
48111.62 205
48111.62 206
48111.62 207
48111.62 208
48111.62 209
48111.62 210
48111.62 211
48111.62 212
48111.62 213
48111.62 214
48111.62 215
48111.62 216
48111.62 217
48111.62 218
48111.62 219
48111.62 220
48111.62 221
48111.62 222
48111.62 223
48111.62 224
48111.62 225
48111.62 226
48111.62 227
48111.62 228
48111.62 229
48111.62 230
48111.62 231
48111.62 232
48111.62 233
48111.62 234
48111.62 235
48111.62 236
48111.62 237
48111.62 238
48111.62 239
48111.62 240
48111.62 241
48111.62 242
48111.62 243
48111.62 244
48111.62 245
48111.62 246
48111.62 247
48111.62 248
48111.62 249
48111.62 250
48111.62 251
48111.62 252
48111.62 253
48111.62 254
48111.62 255
48111.62 256
48111.62 257
48111.62 258
48111.62 259
48111.62 260
48111.62 261
48111.62 262
48111.62 263
48111.62 264
48111.62 265
48111.62 266
48111.62 267
48111.62 268
48111.62 269
48111.62 270
48111.62 271
48111.62 272
48111.62 273
48111.62 274
48111.62 275
48111.62 276
48111.62 277
48111.62 278
48111.62 279
48111.62 280
48111.62 281
48111.62 282
48111.62 283
48111.62 284
48111.62 285
48111.62 286
48111.62 287
48111.62 288
48111.62 289
48111.62 290
48111.62 291
48111.62 292
48111.62 293
48111.62 294
48111.62 295
48111.62 296
48111.62 297
48111.62 298
48111.62 299
48111.62 300
48111.62 301
48111.62 302
48111.62 303
48111.62 304
48111.62 305
48111.62 306
48111.62 307
48111.62 308
48111.62 309
48111.62 310
48111.62 311
48111.62 312
48111.62 313
48111.62 314
48111.62 315
48111.62 316
48111.62 317
48111.62 318
48111.62 319
48111.62 320
48111.62 321
48111.62 322
48111.62 323
48111.62 324
48111.62 325
48111.62 326
48111.62 327
48111.62 328
48111.62 329
48111.62 330
48111.62 331
48111.62 332
48111.62 333
48111.62 334
48111.62 335
48111.62 336
48111.62 337
48111.62 338
48111.62 339
48111.62 340
48111.62 341
48111.62 342
48111.62 343
48111.62 344
48111.62 345
48111.62 346
48111.62 347
48111.62 348
48111.62 349
48111.62 350
48111.62 351
48111.62 352
48111.62 353
48111.62 354
48111.62 355
48111.62 356
48111.62 357
48111.62 358
48111.62 359
48111.62 360
48111.62 361
48111.62 362
48111.62 363
48111.62 364
48111.62 365
48111.62 366
48111.62 367
48111.62 368
48111.62 369
48111.62 370
48111.62 371
48111.62 372
48111.62 373
48111.62 374
48111.62 375
48111.62 376
48111.62 377
48111.62 378
48111.62 379
48111.62 380
48111.62 381
48111.62 382
48111.62 383
48111.62 384
48111.62 385
48111.62 386
48111.62 387
48111.62 388
48111.62 389
48111.62 390
48111.62 391
48111.62 392
48111.62 393
48111.62 394
48111.62 395
48111.62 396
48111.62 397
48111.62 398
48111.62 399
48111.62 400
48111.62 401
48111.62 402
48111.62 403
48111.62 404
48111.62 405
48111.62 406
48111.62 407
48111.62 408
48111.62 409
48111.62 410
48111.62 411
48111.62 412
48111.62 413
48111.62 414
48111.62 415
48111.62 416
48111.62 417
48111.62 418
48111.62 419
48111.62 420
48111.62 421
48111.62 422
48111.62 423
48111.62 424
48111.62 425
48111.62 426
48111.62 427
48111.62 428
48111.62 429
48111.62 430
48111.62 431
48111.62 432
48111.62 433
48111.62 434
48111.62 435
48111.62 436
48111.62 437
48111.62 438
48111.62 439
48111.62 440
48111.62 441
48111.62 442
48111.62 443
48111.62 444
48111.62 445
48111.62 446
48111.62 447
48111.62 448
48111.62 449
48111.62 450
48111.62 451
48111.62 452
48111.62 453
48111.62 454
48111.62 455
48111.62 456
48111.62 457
48111.62 458
48111.62 459
48111.62 460
48111.62 461
48111.62 462
48111.62 463
48111.62 464
48111.62 465
48111.62 466
48111.62 467
48111.62 468
48111.62 469
48111.62 470
48111.62 471
48111.62 472
48111.62 473
48111.62 474
48111.62 475
48111.62 476
48111.62 477
48111.62 478
48111.62 479
48111.62 480
48111.62 481
48111.62 482
48111.62 483
48111.62 484
48111.62 485
48111.62 486
48111.62 487
48111.62 488
48111.62 489
48111.62 490
48111.62 491
48111.62 492
48111.62 493
48111.62 494
48111.62 495
48111.62 496
48111.62 497
48111.62 498
48111.62 499
48111.62 500
48111.62 501
48111.62 502
48111.62 503
48111.62 504
48111.62 505
48111.62 506
48111.62 507
48111.62 508
48111.62 509
48111.62 510
48111.62 511
48111.62 512
48111.62 513
48111.62 514
48111.62 515
48111.62 516
48111.62 517
48111.62 518
48111.62 519
48111.62 520
48111.62 521
48111.62 522
48111.62 523
48111.62 524
48111.62 525
48111.62 526
48111.62 527
48111.62 528
48111.62 529
48111.62 530
48111.62 531
48111.62 532
48111.62 533
48111.62 534
48111.62 535
48111.62 536
48111.62 537
48111.62 538
48111.62 539
48111.62 540
48111.62 541
48111.62 542
48111.62 543
48111.62 544
48111.62 545
48111.62 546
48111.62 547
48111.62 548
48111.62 549
48111.62 550
48111.62 551
48111.62 552
48111.62 553
48111.62 554
48111.62 555
48111.62 556
48111.62 557
48111.62 558
48111.62 559
48111.62 560
48111.62 561
48111.62 562
48111.62 563
48111.62 564
48111.62 565
48111.62 566
48111.62 567
48111.62 568
48111.62 569
48111.62 570
48111.62 571
48111.62 572
48111.62 573
48111.62 574
48111.62 575
48111.62 576
48111.62 577
48111.62 578
48111.62 579
48111.62 580
48111.62 581
48111.62 582
48111.62 583
48111.62 584
48111.62 585
48111.62 586
48111.62 587
48111.62 588
48111.62 589
48111.62 590
48111.62 591
48111.62 592
48111.62 593
48111.62 594
48111.62 595
48111.62 596
48111.62 597
48111.62 598
48111.62 599
48111.62 600
48111.62 601
48111.62 602
48111.62 603
48111.62 604
48111.62 605
48111.62 606
48111.62 607
48111.62 608
48111.62 609
48111.62 610
48111.62 611
48111.62 612
48111.62 613
48111.62 614
48111.62 615
48111.62 616
48111.62 617
48111.62 618
48111.62 619
48111.62 620
48111.62 621
48111.62 622
48111.62 623
48111.62 624
48111.62 625
48111.62 626
48111.62 627
48111.62 628
48111.62 629
48111.62 630
48111.62 631
48111.62 632
48111.62 633
48111.62 634
48111.62 635
48111.62 636
48111.62 637
48111.62 638
48111.62 639
48111.62 640
48111.62 641
48111.62 642
48111.62 643
48111.62 644
48111.62 645
48111.62 646
48111.62 647
48111.62 648
48111.62 649
48111.62 650
48111.62 651
48111.62 652
48111.62 653
48111.62 654
48111.62 655
48111.62 656
48111.62 657
48111.62 658
48111.62 659
48111.62 660
60139.52 661
60139.52 662
60139.52 663
60139.52 664
60139.52 665
60139.52 666
60139.52 667
60139.52 668
60139.52 669
60139.52 670
60139.52 671
60139.52 672
60139.52 673
60139.52 674
60139.52 675
60139.52 676
60139.52 677
60139.52 678
60139.52 679
60139.52 680
60139.52 681
60139.52 682
60139.52 683
60139.52 684
60139.52 685
60139.52 686
60139.52 687
60139.52 688
60139.52 689
60139.52 690
60139.52 691
60139.52 692
60139.52 693
60139.52 694
60139.52 695
60139.52 696
60139.52 697
60139.52 698
60139.52 699
60139.52 700
60139.52 701
60139.52 702
60139.52 703
60139.52 704
60139.52 705
60139.52 706
60139.52 707
60139.52 708
60139.52 709
60139.52 710
60139.52 711
60139.52 712
60139.52 713
60139.52 714
60139.52 715
60139.52 716
60139.52 717
60139.52 718
60139.52 719
60139.52 720
60139.52 721
60139.52 722
60139.52 723
60139.52 724
60139.52 725
60139.52 726
60139.52 727
60139.52 728
60139.52 729
60139.52 730
60139.52 731
60139.52 732
60139.52 733
60139.52 734
60139.52 735
60139.52 736
60139.52 737
60139.52 738
60139.52 739
60139.52 740
60139.52 741
60139.52 742
60139.52 743
60139.52 744
60139.52 745
60139.52 746
60139.52 747
60139.52 748
60139.52 749
60139.52 750
60139.52 751
60139.52 752
60139.52 753
60139.52 754
60139.52 755
60139.52 756
60139.52 757
60139.52 758
60139.52 759
60139.52 760
60139.52 761
60139.52 762
60139.52 763
60139.52 764
60139.52 765
60139.52 766
60139.52 767
60139.52 768
60139.52 769
60139.52 770
60139.52 771
60139.52 772
60139.52 773
60139.52 774
60139.52 775
60139.52 776
60139.52 777
60139.52 778
60139.52 779
60139.52 780
60139.52 781
60139.52 782
60139.52 783
60139.52 784
60139.52 785
60139.52 786
60139.52 787
60139.52 788
60139.52 789
60139.52 790
60139.52 791
60139.52 792
60139.52 793
60139.52 794
60139.52 795
60139.52 796
60139.52 797
60139.52 798
60139.52 799
60139.52 800
60139.52 801
60139.52 802
60139.52 803
60139.52 804
60139.52 805
60139.52 806
60139.52 807
60139.52 808
60139.52 809
60139.52 810
60139.52 811
60139.52 812
60139.52 813
60139.52 814
60139.52 815
60139.52 816
60139.52 817
60139.52 818
60139.52 819
60139.52 820
60139.52 821
60139.52 822
60139.52 823
60139.52 824
60139.52 825
60139.52 826
60139.52 827
60139.52 828
60139.52 829
60139.52 830
60139.52 831
60139.52 832
60139.52 833
60139.52 834
60139.52 835
60139.52 836
60139.52 837
60139.52 838
60139.52 839
60139.52 840
60139.52 841
60139.52 842
60139.52 843
60139.52 844
60139.52 845
60139.52 846
60139.52 847
60139.52 848
60139.52 849
60139.52 850
60139.52 851
60139.52 852
60139.52 853
60139.52 854
60139.52 855
60139.52 856
60139.52 857
60139.52 858
60139.52 859
60139.52 860
60139.52 861
60139.52 862
60139.52 863
60139.52 864
60139.52 865
60139.52 866
60139.52 867
60139.52 868
60139.52 869
60139.52 870
60139.52 871
60139.52 872
60139.52 873
60139.52 874
60139.52 875
60139.52 876
60139.52 877
60139.52 878
60139.52 879
60139.52 880
60139.52 881
60139.52 882
60139.52 883
60139.52 884
60139.52 885
60139.52 886
60139.52 887
60139.52 888
60139.52 889
60139.52 890
60139.52 891
60139.52 892
60139.52 893
60139.52 894
60139.52 895
60139.52 896
60139.52 897
60139.52 898
60139.52 899
60139.52 900
60139.52 901
60139.52 902
60139.52 903
60139.52 904
60139.52 905
60139.52 906
60139.52 907
60139.52 908
60139.52 909
60139.52 910
60139.52 911
60139.52 912
60139.52 913
60139.52 914
60139.52 915
60139.52 916
60139.52 917
60139.52 918
60139.52 919
60139.52 920
60139.52 921
60139.52 922
60139.52 923
60139.52 924
60139.52 925
60139.52 926
60139.52 927
60139.52 928
60139.52 929
60139.52 930
60139.52 931
60139.52 932
60139.52 933
60139.52 934
60139.52 935
60139.52 936
60139.52 937
60139.52 938
60139.52 939
60139.52 940
60139.52 941
60139.52 942
60139.52 943
60139.52 944
60139.52 945
60139.52 946
60139.52 947
60139.52 948
60139.52 949
60139.52 950
60139.52 951
60139.52 952
60139.52 953
60139.52 954
60139.52 955
60139.52 956
60139.52 957
60139.52 958
60139.52 959
60139.52 960
60139.52 961
60139.52 962
60139.52 963
60139.52 964
60139.52 965
60139.52 966
60139.52 967
60139.52 968
60139.52 969
60139.52 970
60139.52 971
60139.52 972
60139.52 973
60139.52 974
60139.52 975
60139.52 976
60139.52 977
60139.52 978
60139.52 979
60139.52 980
60139.52 981
60139.52 982
60139.52 983
60139.52 984
60139.52 985
60139.52 986
60139.52 987
60139.52 988
60139.52 989
60139.52 990
60139.52 991
60139.52 992
60139.52 993
60139.52 994
60139.52 995
60139.52 996
60139.52 997
60139.52 998
60139.52 999
60139.52 1000
60139.52 1001
60139.52 1002
60139.52 1003
60139.52 1004
60139.52 1005
60139.52 1006
60139.52 1007
60139.52 1008
60139.52 1009
60139.52 1010
60139.52 1011
60139.52 1012
60139.52 1013
60139.52 1014
60139.52 1015
60139.52 1016
60139.52 1017
60139.52 1018
60139.52 1019
60139.52 1020
60139.52 1021
60139.52 1022
60139.52 1023
60139.52 1024
60139.52 1025
60139.52 1026
60139.52 1027
60139.52 1028
60139.52 1029
60139.52 1030
60139.52 1031
60139.52 1032
60139.52 1033
60139.52 1034
60139.52 1035
60139.52 1036
60139.52 1037
60139.52 1038
60139.52 1039
60139.52 1040
60139.52 1041
60139.52 1042
60139.52 1043
60139.52 1044
60139.52 1045
60139.52 1046
60139.52 1047
60139.52 1048
60139.52 1049
60139.52 1050
60139.52 1051
60139.52 1052
60139.52 1053
60139.52 1054
60139.52 1055
60139.52 1056
60139.52 1057
60139.52 1058
60139.52 1059
60139.52 1060
60139.52 1061
60139.52 1062
60139.52 1063
60139.52 1064
60139.52 1065
60139.52 1066
60139.52 1067
60139.52 1068
60139.52 1069
60139.52 1070
60139.52 1071
60139.52 1072
60139.52 1073
60139.52 1074
60139.52 1075
60139.52 1076
60139.52 1077
60139.52 1078
60139.52 1079
60139.52 1080
60139.52 1081
60139.52 1082
60139.52 1083
60139.52 1084
60139.52 1085
60139.52 1086
60139.52 1087
60139.52 1088
60139.52 1089
60139.52 1090
60139.52 1091
60139.52 1092
60139.52 1093
60139.52 1094
60139.52 1095
60139.52 1096
60139.52 1097
60139.52 1098
60139.52 1099
60139.52 1100
60139.52 1101
60139.52 1102
60139.52 1103
60139.52 1104
60139.52 1105
60139.52 1106
60139.52 1107
60139.52 1108
60139.52 1109
60139.52 1110
60139.52 1111
60139.52 1112
60139.52 1113
60139.52 1114
60139.52 1115
60139.52 1116
60139.52 1117
60139.52 1118
60139.52 1119
60139.52 1120
60139.52 1121
60139.52 1122
60139.52 1123
60139.52 1124
60139.52 1125
60139.52 1126
60139.52 1127
60139.52 1128
60139.52 1129
60139.52 1130
60139.52 1131
60139.52 1132
60139.52 1133
60139.52 1134
60139.52 1135
60139.52 1136
60139.52 1137
60139.52 1138
60139.52 1139
60139.52 1140
60139.52 1141
60139.52 1142
60139.52 1143
60139.52 1144
60139.52 1145
60139.52 1146
60139.52 1147
60139.52 1148
60139.52 1149
60139.52 1150
60139.52 1151
60139.52 1152
60139.52 1153
60139.52 1154
60139.52 1155
60139.52 1156
60139.52 1157
60139.52 1158
60139.52 1159
60139.52 1160
60139.52 1161
60139.52 1162
60139.52 1163
60139.52 1164
60139.52 1165
60139.52 1166
60139.52 1167
60139.52 1168
60139.52 1169
60139.52 1170
60139.52 1171
60139.52 1172
60139.52 1173
60139.52 1174
60139.52 1175
60139.52 1176
60139.52 1177
60139.52 1178
60139.52 1179
60139.52 1180
60139.52 1181
60139.52 1182
60139.52 1183
60139.52 1184
60139.52 1185
60139.52 1186
60139.52 1187
60139.52 1188
60139.52 1189
60139.52 1190
60139.52 1191
60139.52 1192
60139.52 1193
60139.52 1194
60139.52 1195
60139.52 1196
60139.52 1197
60139.52 1198
60139.52 1199
60139.52 1200
60139.52 1201
60139.52 1202
60139.52 1203
60139.52 1204
60139.52 1205
60139.52 1206
60139.52 1207
60139.52 1208
60139.52 1209
60139.52 1210
60139.52 1211
60139.52 1212
60139.52 1213
60139.52 1214
60139.52 1215
60139.52 1216
60139.52 1217
60139.52 1218
60139.52 1219
60139.52 1220
60139.52 1221
60139.52 1222
60139.52 1223
60139.52 1224
60139.52 1225
60139.52 1226
60139.52 1227
60139.52 1228
60139.52 1229
60139.52 1230
60139.52 1231
60139.52 1232
60139.52 1233
60139.52 1234
60139.52 1235
60139.52 1236
60139.52 1237
60139.52 1238
60139.52 1239
60139.52 1240
60139.52 1241
60139.52 1242
60139.52 1243
60139.52 1244
60139.52 1245
60139.52 1246
60139.52 1247
60139.52 1248
60139.52 1249
60139.52 1250
60139.52 1251
60139.52 1252
60139.52 1253
60139.52 1254
60139.52 1255
60139.52 1256
60139.52 1257
60139.52 1258
60139.52 1259
60139.52 1260
60139.52 1261
60139.52 1262
60139.52 1263
60139.52 1264
60139.52 1265
60139.52 1266
60139.52 1267
60139.52 1268
60139.52 1269
60139.52 1270
60139.52 1271
60139.52 1272
60139.52 1273
60139.52 1274
60139.52 1275
60139.52 1276
60139.52 1277
60139.52 1278
60139.52 1279
60139.52 1280
60139.52 1281
60139.52 1282
60139.52 1283
60139.52 1284
60139.52 1285
60139.52 1286
60139.52 1287
60139.52 1288
60139.52 1289
60139.52 1290
60139.52 1291
60139.52 1292
60139.52 1293
60139.52 1294
60139.52 1295
60139.52 1296
60139.52 1297
60139.52 1298
60139.52 1299
60139.52 1300
60139.52 1301
60139.52 1302
60139.52 1303
60139.52 1304
60139.52 1305
60139.52 1306
60139.52 1307
60139.52 1308
60139.52 1309
60139.52 1310
60139.52 1311
60139.52 1312
60139.52 1313
60139.52 1314
60139.52 1315
60139.52 1316
60139.52 1317
60139.52 1318
60139.52 1319
60139.52 1320
60139.52 1321
60139.52 1322
60139.52 1323
60139.52 1324
60139.52 1325
60139.52 1326
60139.52 1327
60139.52 1328
60139.52 1329
60139.52 1330
60139.52 1331
60139.52 1332
60139.52 1333
60139.52 1334
60139.52 1335
60139.52 1336
60139.52 1337
60139.52 1338
60139.52 1339
60139.52 1340
60139.52 1341
60139.52 1342
60139.52 1343
60139.52 1344
60139.52 1345
60139.52 1346
60139.52 1347
60139.52 1348
60139.52 1349
60139.52 1350
60139.52 1351
60139.52 1352
60139.52 1353
60139.52 1354
60139.52 1355
60139.52 1356
60139.52 1357
60139.52 1358
60139.52 1359
60139.52 1360
60139.52 1361
60139.52 1362
60139.52 1363
60139.52 1364
60139.52 1365
60139.52 1366
60139.52 1367
60139.52 1368
60139.52 1369
60139.52 1370
60139.52 1371
60139.52 1372
60139.52 1373
60139.52 1374
60139.52 1375
60139.52 1376
60139.52 1377
60139.52 1378
60139.52 1379
60139.52 1380
60139.52 1381
60139.52 1382
60139.52 1383
60139.52 1384
60139.52 1385
60139.52 1386
60139.52 1387
60139.52 1388
60139.52 1389
60139.52 1390
60139.52 1391
60139.52 1392
60139.52 1393
60139.52 1394
60139.52 1395
60139.52 1396
60139.52 1397
60139.52 1398
60139.52 1399
60139.52 1400
60139.52 1401
60139.52 1402
60139.52 1403
60139.52 1404
60139.52 1405
60139.52 1406
60139.52 1407
60139.52 1408
60139.52 1409
60139.52 1410
60139.52 1411
60139.52 1412
60139.52 1413
60139.52 1414
60139.52 1415
60139.52 1416
60139.52 1417
60139.52 1418
60139.52 1419
60139.52 1420
60139.52 1421
60139.52 1422
60139.52 1423
60139.52 1424
60139.52 1425
60139.52 1426
60139.52 1427
60139.52 1428
60139.52 1429
60139.52 1430
60139.52 1431
60139.52 1432
60139.52 1433
60139.52 1434
60139.52 1435
60139.52 1436
60139.52 1437
60139.52 1438
60139.52 1439
60139.52 1440
60139.52 1441
60139.52 1442
60139.52 1443
60139.52 1444
60139.52 1445
60139.52 1446
60139.52 1447
60139.52 1448
60139.52 1449
60139.52 1450
60139.52 1451
60139.52 1452
60139.52 1453
60139.52 1454
60139.52 1455
60139.52 1456
60139.52 1457
60139.52 1458
60139.52 1459
60139.52 1460
60139.52 1461
60139.52 1462
60139.52 1463
60139.52 1464
60139.52 1465
60139.52 1466
60139.52 1467
60139.52 1468
60139.52 1469
60139.52 1470
60139.52 1471
60139.52 1472
60139.52 1473
60139.52 1474
60139.52 1475
60139.52 1476
60139.52 1477
60139.52 1478
60139.52 1479
60139.52 1480
60139.52 1481
60139.52 1482
60139.52 1483
60139.52 1484
60139.52 1485
60139.52 1486
60139.52 1487
60139.52 1488
60139.52 1489
60139.52 1490
60139.52 1491
60139.52 1492
60139.52 1493
60139.52 1494
60139.52 1495
60139.52 1496
60139.52 1497
60139.52 1498
60139.52 1499
60139.52 1500
60139.52 1501
60139.52 1502
60139.52 1503
60139.52 1504
60139.52 1505
60139.52 1506
60139.52 1507
60139.52 1508
60139.52 1509
60139.52 1510
60139.52 1511
60139.52 1512
60139.52 1513
60139.52 1514
60139.52 1515
60139.52 1516
60139.52 1517
60139.52 1518
60139.52 1519
60139.52 1520
60139.52 1521
60139.52 1522
60139.52 1523
60139.52 1524
60139.52 1525
60139.52 1526
60139.52 1527
60139.52 1528
60139.52 1529
60139.52 1530
60139.52 1531
60139.52 1532
60139.52 1533
60139.52 1534
60139.52 1535
60139.52 1536
60139.52 1537
60139.52 1538
60139.52 1539
60139.52 1540
60139.52 1541
60139.52 1542
60139.52 1543
60139.52 1544
60139.52 1545
60139.52 1546
60139.52 1547
60139.52 1548
60139.52 1549
60139.52 1550
60139.52 1551
60139.52 1552
60139.52 1553
60139.52 1554
60139.52 1555
60139.52 1556
60139.52 1557
60139.52 1558
60139.52 1559
60139.52 1560
60139.52 1561
60139.52 1562
60139.52 1563
60139.52 1564
60139.52 1565
60139.52 1566
60139.52 1567
60139.52 1568
60139.52 1569
60139.52 1570
60139.52 1571
60139.52 1572
60139.52 1573
60139.52 1574
60139.52 1575
60139.52 1576
60139.52 1577
60139.52 1578
60139.52 1579
60139.52 1580
60139.52 1581
60139.52 1582
60139.52 1583
60139.52 1584
60139.52 1585
60139.52 1586
60139.52 1587
60139.52 1588
60139.52 1589
60139.52 1590
60139.52 1591
60139.52 1592
60139.52 1593
60139.52 1594
60139.52 1595
60139.52 1596
60139.52 1597
60139.52 1598
60139.52 1599
60139.52 1600
60139.52 1601
60139.52 1602
60139.52 1603
60139.52 1604
60139.52 1605
60139.52 1606
60139.52 1607
60139.52 1608
60139.52 1609
60139.52 1610
60139.52 1611
60139.52 1612
60139.52 1613
60139.52 1614
60139.52 1615
60139.52 1616
60139.52 1617
60139.52 1618
60139.52 1619
60139.52 1620
60139.52 1621
60139.52 1622
60139.52 1623
60139.52 1624
60139.52 1625
60139.52 1626
60139.52 1627
60139.52 1628
60139.52 1629
60139.52 1630
60139.52 1631
60139.52 1632
60139.52 1633
60139.52 1634
60139.52 1635
60139.52 1636
60139.52 1637
60139.52 1638
60139.52 1639
60139.52 1640
60139.52 1641
60139.52 1642
60139.52 1643
60139.52 1644
60139.52 1645
60139.52 1646
60139.52 1647
60139.52 1648
60139.52 1649
60139.52 1650
60139.52 1651
60139.52 1652
60139.52 1653
60139.52 1654
60139.52 1655
60139.52 1656
60139.52 1657
60139.52 1658
60139.52 1659
60139.52 1660
60139.52 1661
60139.52 1662
60139.52 1663
60139.52 1664
60139.52 1665
60139.52 1666
60139.52 1667
60139.52 1668
60139.52 1669
60139.52 1670
60139.52 1671
60139.52 1672
60139.52 1673
60139.52 1674
60139.52 1675
60139.52 1676
60139.52 1677
60139.52 1678
60139.52 1679
60139.52 1680
60139.52 1681
60139.52 1682
60139.52 1683
60139.52 1684
60139.52 1685
60139.52 1686
60139.52 1687
60139.52 1688
60139.52 1689
60139.52 1690
60139.52 1691
60139.52 1692
60139.52 1693
60139.52 1694
60139.52 1695
60139.52 1696
60139.52 1697
60139.52 1698
60139.52 1699
60139.52 1700
60139.52 1701
60139.52 1702
60139.52 1703
60139.52 1704
60139.52 1705
60139.52 1706
60139.52 1707
60139.52 1708
60139.52 1709
60139.52 1710
60139.52 1711
60139.52 1712
60139.52 1713
60139.52 1714
60139.52 1715
60139.52 1716
60139.52 1717
60139.52 1718
60139.52 1719
60139.52 1720
60139.52 1721
60139.52 1722
60139.52 1723
60139.52 1724
60139.52 1725
60139.52 1726
60139.52 1727
60139.52 1728
60139.52 1729
60139.52 1730
60139.52 1731
60139.52 1732
60139.52 1733
60139.52 1734
60139.52 1735
60139.52 1736
60139.52 1737
60139.52 1738
60139.52 1739
60139.52 1740
60139.52 1741
60139.52 1742
60139.52 1743
60139.52 1744
60139.52 1745
60139.52 1746
60139.52 1747
60139.52 1748
60139.52 1749
60139.52 1750
60139.52 1751
60139.52 1752
60139.52 1753
60139.52 1754
60139.52 1755
60139.52 1756
60139.52 1757
60139.52 1758
60139.52 1759
60139.52 1760
60139.52 1761
60139.52 1762
60139.52 1763
60139.52 1764
60139.52 1765
60139.52 1766
60139.52 1767
60139.52 1768
60139.52 1769
60139.52 1770
60139.52 1771
60139.52 1772
60139.52 1773
60139.52 1774
60139.52 1775
60139.52 1776
60139.52 1777
60139.52 1778
60139.52 1779
60139.52 1780
60139.52 1781
60139.52 1782
60139.52 1783
60139.52 1784
60139.52 1785
60139.52 1786
60139.52 1787
60139.52 1788
60139.52 1789
60139.52 1790
60139.52 1791
60139.52 1792
60139.52 1793
60139.52 1794
60139.52 1795
60139.52 1796
60139.52 1797
60139.52 1798
60139.52 1799
60139.52 1800
60139.52 1801
60139.52 1802
60139.52 1803
60139.52 1804
60139.52 1805
60139.52 1806
60139.52 1807
60139.52 1808
60139.52 1809
60139.52 1810
60139.52 1811
60139.52 1812
60139.52 1813
60139.52 1814
60139.52 1815
60139.52 1816
60139.52 1817
60139.52 1818
60139.52 1819
60139.52 1820
60139.52 1821
60139.52 1822
60139.52 1823
60139.52 1824
60139.52 1825
60139.52 1826
60139.52 1827
60139.52 1828
60139.52 1829
60139.52 1830
60139.52 1831
60139.52 1832
60139.52 1833
60139.52 1834
60139.52 1835
60139.52 1836
60139.52 1837
60139.52 1838
60139.52 1839
60139.52 1840
60139.52 1841
60139.52 1842
60139.52 1843
60139.52 1844
60139.52 1845
60139.52 1846
60139.52 1847
60139.52 1848
60139.52 1849
60139.52 1850
60139.52 1851
60139.52 1852
60139.52 1853
60139.52 1854
60139.52 1855
60139.52 1856
60139.52 1857
60139.52 1858
60139.52 1859
60139.52 1860
60139.52 1861
60139.52 1862
60139.52 1863
60139.52 1864
60139.52 1865
60139.52 1866
60139.52 1867
60139.52 1868
60139.52 1869
60139.52 1870
60139.52 1871
60139.52 1872
60139.52 1873
60139.52 1874
60139.52 1875
60139.52 1876
60139.52 1877
60139.52 1878
60139.52 1879
60139.52 1880
60139.52 1881
60139.52 1882
60139.52 1883
60139.52 1884
60139.52 1885
60139.52 1886
60139.52 1887
60139.52 1888
60139.52 1889
60139.52 1890
60139.52 1891
60139.52 1892
60139.52 1893
60139.52 1894
60139.52 1895
60139.52 1896
60139.52 1897
60139.52 1898
60139.52 1899
60139.52 1900
60139.52 1901
60139.52 1902
60139.52 1903
60139.52 1904
60139.52 1905
60139.52 1906
60139.52 1907
60139.52 1908
60139.52 1909
60139.52 1910
60139.52 1911
60139.52 1912
60139.52 1913
60139.52 1914
60139.52 1915
60139.52 1916
60139.52 1917
60139.52 1918
60139.52 1919
60139.52 1920
60139.52 1921
60139.52 1922
60139.52 1923
60139.52 1924
60139.52 1925
60139.52 1926
60139.52 1927
60139.52 1928
60139.52 1929
60139.52 1930
60139.52 1931
60139.52 1932
60139.52 1933
60139.52 1934
60139.52 1935
60139.52 1936
60139.52 1937
60139.52 1938
60139.52 1939
60139.52 1940
60139.52 1941
60139.52 1942
60139.52 1943
60139.52 1944
60139.52 1945
60139.52 1946
60139.52 1947
60139.52 1948
60139.52 1949
60139.52 1950
60139.52 1951
60139.52 1952
60139.52 1953
60139.52 1954
60139.52 1955
60139.52 1956
60139.52 1957
60139.52 1958
60139.52 1959
60139.52 1960
60139.52 1961
60139.52 1962
60139.52 1963
60139.52 1964
60139.52 1965
60139.52 1966
60139.52 1967
60139.52 1968
60139.52 1969
60139.52 1970
60139.52 1971
60139.52 1972
60139.52 1973
60139.52 1974
60139.52 1975
60139.52 1976
60139.52 1977
60139.52 1978
60139.52 1979
60139.52 1980
60139.52 1981
60139.52 1982
60139.52 1983
60139.52 1984
60139.52 1985
60139.52 1986
60139.52 1987
60139.52 1988
60139.52 1989
60139.52 1990
60139.52 1991
60139.52 1992
60139.52 1993
60139.52 1994
60139.52 1995
60139.52 1996
60139.52 1997
60139.52 1998
60139.52 1999
60139.52 2000
60139.52 2001
60139.52 2002
60139.52 2003
60139.52 2004
60139.52 2005
60139.52 2006
60139.52 2007
60139.52 2008
60139.52 2009
60139.52 2010
60139.52 2011
60139.52 2012
60139.52 2013
60139.52 2014
60139.52 2015
60139.52 2016
60139.52 2017
60139.52 2018
60139.52 2019
60139.52 2020
60139.52 2021
60139.52 2022
60139.52 2023
60139.52 2024
60139.52 2025
60139.52 2026
60139.52 2027
60139.52 2028
60139.52 2029
60139.52 2030
60139.52 2031
60139.52 2032
60139.52 2033
60139.52 2034
60139.52 2035
60139.52 2036
60139.52 2037
60139.52 2038
60139.52 2039
60139.52 2040
60139.52 2041
60139.52 2042
60139.52 2043
60139.52 2044
60139.52 2045
60139.52 2046
60139.52 2047
60139.52 2048
60139.52 2049
60139.52 2050
60139.52 2051
60139.52 2052
60139.52 2053
60139.52 2054
60139.52 2055
60139.52 2056
60139.52 2057
60139.52 2058
60139.52 2059
60139.52 2060
60139.52 2061
60139.52 2062
60139.52 2063
60139.52 2064
60139.52 2065
60139.52 2066
60139.52 2067
60139.52 2068
60139.52 2069
60139.52 2070
60139.52 2071
60139.52 2072
60139.52 2073
60139.52 2074
60139.52 2075
60139.52 2076
60139.52 2077
60139.52 2078
60139.52 2079
60139.52 2080
60139.52 2081
60139.52 2082
60139.52 2083
60139.52 2084
60139.52 2085
60139.52 2086
60139.52 2087
60139.52 2088
60139.52 2089
60139.52 2090
60139.52 2091
60139.52 2092
60139.52 2093
60139.52 2094
60139.52 2095
60139.52 2096
60139.52 2097
60139.52 2098
60139.52 2099
60139.52 2100
60139.52 2101
60139.52 2102
60139.52 2103
60139.52 2104
60139.52 2105
60139.52 2106
60139.52 2107
60139.52 2108
60139.52 2109
60139.52 2110
60139.52 2111
60139.52 2112
60139.52 2113
60139.52 2114
60139.52 2115
60139.52 2116
60139.52 2117
60139.52 2118
60139.52 2119
60139.52 2120
60139.52 2121
60139.52 2122
60139.52 2123
60139.52 2124
60139.52 2125
60139.52 2126
60139.52 2127
60139.52 2128
60139.52 2129
60139.52 2130
60139.52 2131
60139.52 2132
60139.52 2133
60139.52 2134
60139.52 2135
60139.52 2136
60139.52 2137
60139.52 2138
60139.52 2139
60139.52 2140
60139.52 2141
60139.52 2142
60139.52 2143
60139.52 2144
60139.52 2145
60139.52 2146
60139.52 2147
60139.52 2148
60139.52 2149
60139.52 2150
60139.52 2151
60139.52 2152
60139.52 2153
60139.52 2154
60139.52 2155
60139.52 2156
60139.52 2157
60139.52 2158
60139.52 2159
60139.52 2160
60139.52 2161
60139.52 2162
60139.52 2163
60139.52 2164
60139.52 2165
60139.52 2166
60139.52 2167
60139.52 2168
60139.52 2169
60139.52 2170
60139.52 2171
60139.52 2172
60139.52 2173
60139.52 2174
60139.52 2175
60139.52 2176
60139.52 2177
60139.52 2178
60139.52 2179
60139.52 2180
60139.52 2181
60139.52 2182
60139.52 2183
60139.52 2184
60139.52 2185
60139.52 2186
60139.52 2187
60139.52 2188
60139.52 2189
60139.52 2190
60139.52 2191
60139.52 2192
60139.52 2193
60139.52 2194
60139.52 2195
60139.52 2196
60139.52 2197
60139.52 2198
60139.52 2199
60139.52 2200
60139.52 2201
60139.52 2202
60139.52 2203
60139.52 2204
60139.52 2205
60139.52 2206
60139.52 2207
60139.52 2208
60139.52 2209
60139.52 2210
60139.52 2211
60139.52 2212
60139.52 2213
60139.52 2214
60139.52 2215
60139.52 2216
60139.52 2217
60139.52 2218
60139.52 2219
60139.52 2220
60139.52 2221
60139.52 2222
60139.52 2223
60139.52 2224
60139.52 2225
60139.52 2226
60139.52 2227
60139.52 2228
60139.52 2229
60139.52 2230
60139.52 2231
60139.52 2232
60139.52 2233
60139.52 2234
60139.52 2235
60139.52 2236
60139.52 2237
60139.52 2238
60139.52 2239
60139.52 2240
60139.52 2241
60139.52 2242
60139.52 2243
60139.52 2244
60139.52 2245
60139.52 2246
60139.52 2247
60139.52 2248
60139.52 2249
60139.52 2250
60139.52 2251
60139.52 2252
60139.52 2253
60139.52 2254
60139.52 2255
60139.52 2256
60139.52 2257
60139.52 2258
60139.52 2259
60139.52 2260
60139.52 2261
60139.52 2262
60139.52 2263
60139.52 2264
60139.52 2265
60139.52 2266
60139.52 2267
60139.52 2268
60139.52 2269
60139.52 2270
60139.52 2271
60139.52 2272
60139.52 2273
60139.52 2274
60139.52 2275
60139.52 2276
60139.52 2277
60139.52 2278
60139.52 2279
60139.52 2280
60139.52 2281
60139.52 2282
60139.52 2283
60139.52 2284
60139.52 2285
60139.52 2286
60139.52 2287
60139.52 2288
60139.52 2289
60139.52 2290
60139.52 2291
60139.52 2292
60139.52 2293
60139.52 2294
60139.52 2295
60139.52 2296
60139.52 2297
60139.52 2298
60139.52 2299
60139.52 2300
60139.52 2301
60139.52 2302
60139.52 2303
60139.52 2304
60139.52 2305
60139.52 2306
60139.52 2307
60139.52 2308
60139.52 2309
60139.52 2310
60139.52 2311
60139.52 2312
60139.52 2313
60139.52 2314
60139.52 2315
60139.52 2316
60139.52 2317
60139.52 2318
60139.52 2319
60139.52 2320
60139.52 2321
60139.52 2322
60139.52 2323
60139.52 2324
60139.52 2325
60139.52 2326
60139.52 2327
60139.52 2328
60139.52 2329
60139.52 2330
60139.52 2331
60139.52 2332
60139.52 2333
60139.52 2334
60139.52 2335
60139.52 2336
60139.52 2337
60139.52 2338
60139.52 2339
60139.52 2340
60139.52 2341
60139.52 2342
60139.52 2343
60139.52 2344
60139.52 2345
60139.52 2346
60139.52 2347
60139.52 2348
60139.52 2349
60139.52 2350
60139.52 2351
60139.52 2352
60139.52 2353
60139.52 2354
60139.52 2355
60139.52 2356
60139.52 2357
60139.52 2358
60139.52 2359
60139.52 2360
60139.52 2361
60139.52 2362
60139.52 2363
60139.52 2364
60139.52 2365
60139.52 2366
60139.52 2367
60139.52 2368
60139.52 2369
60139.52 2370
60139.52 2371
60139.52 2372
60139.52 2373
60139.52 2374
60139.52 2375
60139.52 2376
60139.52 2377
60139.52 2378
60139.52 2379
60139.52 2380
60139.52 2381
60139.52 2382
60139.52 2383
60139.52 2384
60139.52 2385
60139.52 2386
60139.52 2387
60139.52 2388
60139.52 2389
60139.52 2390
60139.52 2391
60139.52 2392
60139.52 2393
60139.52 2394
60139.52 2395
60139.52 2396
60139.52 2397
60139.52 2398
60139.52 2399
60139.52 2400
60139.52 2401
60139.52 2402
60139.52 2403
60139.52 2404
60139.52 2405
60139.52 2406
60139.52 2407
60139.52 2408
60139.52 2409
60139.52 2410
60139.52 2411
60139.52 2412
60139.52 2413
60139.52 2414
60139.52 2415
60139.52 2416
60139.52 2417
60139.52 2418
60139.52 2419
60139.52 2420
60139.52 2421
60139.52 2422
60139.52 2423
60139.52 2424
60139.52 2425
60139.52 2426
60139.52 2427
60139.52 2428
60139.52 2429
60139.52 2430
60139.52 2431
60139.52 2432
60139.52 2433
60139.52 2434
60139.52 2435
60139.52 2436
60139.52 2437
60139.52 2438
60139.52 2439
60139.52 2440
60139.52 2441
60139.52 2442
60139.52 2443
60139.52 2444
60139.52 2445
60139.52 2446
60139.52 2447
60139.52 2448
60139.52 2449
60139.52 2450
60139.52 2451
60139.52 2452
60139.52 2453
60139.52 2454
60139.52 2455
60139.52 2456
60139.52 2457
60139.52 2458
60139.52 2459
60139.52 2460
60139.52 2461
60139.52 2462
60139.52 2463
60139.52 2464
60139.52 2465
60139.52 2466
60139.52 2467
60139.52 2468
60139.52 2469
60139.52 2470
60139.52 2471
60139.52 2472
60139.52 2473
60139.52 2474
60139.52 2475
60139.52 2476
60139.52 2477
60139.52 2478
60139.52 2479
60139.52 2480
60139.52 2481
60139.52 2482
60139.52 2483
60139.52 2484
60139.52 2485
60139.52 2486
60139.52 2487
60139.52 2488
60139.52 2489
60139.52 2490
60139.52 2491
60139.52 2492
60139.52 2493
60139.52 2494
60139.52 2495
60139.52 2496
60139.52 2497
60139.52 2498
60139.52 2499
60139.52 2500
60139.52 2501
60139.52 2502
60139.52 2503
60139.52 2504
60139.52 2505
60139.52 2506
60139.52 2507
60139.52 2508
60139.52 2509
60139.52 2510
60139.52 2511
60139.52 2512
60139.52 2513
60139.52 2514
60139.52 2515
60139.52 2516
60139.52 2517
60139.52 2518
60139.52 2519
60139.52 2520
60139.52 2521
60139.52 2522
60139.52 2523
60139.52 2524
60139.52 2525
60139.52 2526
60139.52 2527
60139.52 2528
60139.52 2529
60139.52 2530
60139.52 2531
60139.52 2532
60139.52 2533
60139.52 2534
60139.52 2535
60139.52 2536
60139.52 2537
60139.52 2538
60139.52 2539
60139.52 2540
60139.52 2541
60139.52 2542
60139.52 2543
60139.52 2544
60139.52 2545
60139.52 2546
60139.52 2547
60139.52 2548
60139.52 2549
60139.52 2550
60139.52 2551
60139.52 2552
60139.52 2553
60139.52 2554
60139.52 2555
60139.52 2556
60139.52 2557
60139.52 2558
60139.52 2559
60139.52 2560
60139.52 2561
60139.52 2562
60139.52 2563
60139.52 2564
60139.52 2565
60139.52 2566
60139.52 2567
60139.52 2568
60139.52 2569
60139.52 2570
60139.52 2571
60139.52 2572
60139.52 2573
60139.52 2574
60139.52 2575
60139.52 2576
60139.52 2577
60139.52 2578
60139.52 2579
60139.52 2580
60139.52 2581
60139.52 2582
60139.52 2583
60139.52 2584
60139.52 2585
60139.52 2586
60139.52 2587
60139.52 2588
60139.52 2589
60139.52 2590
60139.52 2591
60139.52 2592
60139.52 2593
60139.52 2594
60139.52 2595
60139.52 2596
60139.52 2597
60139.52 2598
60139.52 2599
60139.52 2600
60139.52 2601
60139.52 2602
60139.52 2603
60139.52 2604
60139.52 2605
60139.52 2606
60139.52 2607
60139.52 2608
60139.52 2609
60139.52 2610
60139.52 2611
60139.52 2612
60139.52 2613
60139.52 2614
60139.52 2615
60139.52 2616
60139.52 2617
60139.52 2618
60139.52 2619
60139.52 2620
60139.52 2621
60139.52 2622
60139.52 2623
60139.52 2624
60139.52 2625
60139.52 2626
60139.52 2627
60139.52 2628
60139.52 2629
60139.52 2630
60139.52 2631
60139.52 2632
60139.52 2633
60139.52 2634
60139.52 2635
60139.52 2636
60139.52 2637
60139.52 2638
60139.52 2639
60139.52 2640
60139.52 2641
60139.52 2642
60139.52 2643
60139.52 2644
60139.52 2645
60139.52 2646
60139.52 2647
60139.52 2648
60139.52 2649
60139.52 2650
60139.52 2651
60139.52 2652
60139.52 2653
60139.52 2654
60139.52 2655
60139.52 2656
60139.52 2657
60139.52 2658
60139.52 2659
60139.52 2660
60139.52 2661
60139.52 2662
60139.52 2663
60139.52 2664
60139.52 2665
60139.52 2666
60139.52 2667
60139.52 2668
60139.52 2669
60139.52 2670
60139.52 2671
60139.52 2672
60139.52 2673
60139.52 2674
60139.52 2675
60139.52 2676
60139.52 2677
60139.52 2678
60139.52 2679
60139.52 2680
60139.52 2681
60139.52 2682
60139.52 2683
60139.52 2684
60139.52 2685
60139.52 2686
60139.52 2687
60139.52 2688
60139.52 2689
60139.52 2690
60139.52 2691
60139.52 2692
60139.52 2693
60139.52 2694
60139.52 2695
60139.52 2696
60139.52 2697
60139.52 2698
60139.52 2699
60139.52 2700
60139.52 2701
60139.52 2702
60139.52 2703
60139.52 2704
60139.52 2705
60139.52 2706
60139.52 2707
60139.52 2708
60139.52 2709
60139.52 2710
60139.52 2711
60139.52 2712
60139.52 2713
60139.52 2714
60139.52 2715
60139.52 2716
60139.52 2717
60139.52 2718
60139.52 2719
60139.52 2720
60139.52 2721
60139.52 2722
60139.52 2723
60139.52 2724
60139.52 2725
60139.52 2726
60139.52 2727
60139.52 2728
60139.52 2729
60139.52 2730
60139.52 2731
60139.52 2732
60139.52 2733
60139.52 2734
60139.52 2735
60139.52 2736
60139.52 2737
60139.52 2738
60139.52 2739
60139.52 2740
60139.52 2741
60139.52 2742
60139.52 2743
60139.52 2744
60139.52 2745
60139.52 2746
60139.52 2747
60139.52 2748
60139.52 2749
60139.52 2750
60139.52 2751
60139.52 2752
60139.52 2753
60139.52 2754
60139.52 2755
60139.52 2756
60139.52 2757
60139.52 2758
60139.52 2759
60139.52 2760
60139.52 2761
60139.52 2762
60139.52 2763
60139.52 2764
60139.52 2765
60139.52 2766
60139.52 2767
60139.52 2768
60139.52 2769
60139.52 2770
60139.52 2771
60139.52 2772
60139.52 2773
60139.52 2774
60139.52 2775
60139.52 2776
60139.52 2777
60139.52 2778
60139.52 2779
60139.52 2780
60139.52 2781
60139.52 2782
60139.52 2783
60139.52 2784
60139.52 2785
60139.52 2786
60139.52 2787
60139.52 2788
60139.52 2789
60139.52 2790
60139.52 2791
60139.52 2792
60139.52 2793
60139.52 2794
60139.52 2795
60139.52 2796
60139.52 2797
60139.52 2798
60139.52 2799
60139.52 2800
60139.52 2801
60139.52 2802
60139.52 2803
60139.52 2804
60139.52 2805
60139.52 2806
60139.52 2807
60139.52 2808
60139.52 2809
60139.52 2810
60139.52 2811
60139.52 2812
60139.52 2813
60139.52 2814
60139.52 2815
60139.52 2816
60139.52 2817
60139.52 2818
60139.52 2819
60139.52 2820
60139.52 2821
60139.52 2822
60139.52 2823
60139.52 2824
60139.52 2825
60139.52 2826
60139.52 2827
60139.52 2828
60139.52 2829
60139.52 2830
60139.52 2831
60139.52 2832
60139.52 2833
60139.52 2834
60139.52 2835
60139.52 2836
60139.52 2837
60139.52 2838
60139.52 2839
60139.52 2840
60139.52 2841
60139.52 2842
60139.52 2843
60139.52 2844
60139.52 2845
60139.52 2846
60139.52 2847
60139.52 2848
60139.52 2849
60139.52 2850
60139.52 2851
60139.52 2852
60139.52 2853
60139.52 2854
60139.52 2855
60139.52 2856
60139.52 2857
60139.52 2858
60139.52 2859
60139.52 2860
60139.52 2861
60139.52 2862
60139.52 2863
60139.52 2864
60139.52 2865
60139.52 2866
60139.52 2867
60139.52 2868
60139.52 2869
60139.52 2870
60139.52 2871
60139.52 2872
60139.52 2873
60139.52 2874
60139.52 2875
60139.52 2876
60139.52 2877
60139.52 2878
60139.52 2879
60139.52 2880
60139.52 2881
60139.52 2882
60139.52 2883
60139.52 2884
60139.52 2885
60139.52 2886
60139.52 2887
60139.52 2888
60139.52 2889
60139.52 2890
