# H/nR [K], depth [km]
60139.52 1
60139.52 2
60139.52 3
60139.52 4
60139.52 5
60139.52 6
60139.52 7
60139.52 8
60139.52 9
60139.52 10
60139.52 11
60139.52 12
60139.52 13
60139.52 14
60139.52 15
60139.52 16
60139.52 17
60139.52 18
60139.52 19
60139.52 20
60139.52 21
60139.52 22
60139.52 23
60139.52 24
60139.52 25
60139.52 26
60139.52 27
60139.52 28
60139.52 29
60139.52 30
60139.52 31
60139.52 32
60139.52 33
60139.52 34
60139.52 35
60139.52 36
60139.52 37
60139.52 38
60139.52 39
60139.52 40
60139.52 41
60139.52 42
60139.52 43
60139.52 44
60139.52 45
60139.52 46
60139.52 47
60139.52 48
60139.52 49
60139.52 50
60139.52 51
60139.52 52
60139.52 53
60139.52 54
60139.52 55
60139.52 56
60139.52 57
60139.52 58
60139.52 59
60139.52 60
60139.52 61
60139.52 62
60139.52 63
60139.52 64
60139.52 65
60139.52 66
60139.52 67
60139.52 68
60139.52 69
60139.52 70
60139.52 71
60139.52 72
60139.52 73
60139.52 74
60139.52 75
60139.52 76
60139.52 77
60139.52 78
60139.52 79
60139.52 80
60139.52 81
60139.52 82
60139.52 83
60139.52 84
60139.52 85
60139.52 86
60139.52 87
60139.52 88
60139.52 89
60139.52 90
60139.52 91
60139.52 92
60139.52 93
60139.52 94
60139.52 95
60139.52 96
60139.52 97
60139.52 98
60139.52 99
60139.52 100
60139.52 101
60139.52 102
60139.52 103
60139.52 104
60139.52 105
60139.52 106
60139.52 107
60139.52 108
60139.52 109
60139.52 110
60139.52 111
60139.52 112
60139.52 113
60139.52 114
60139.52 115
60139.52 116
60139.52 117
60139.52 118
60139.52 119
60139.52 120
60139.52 121
60139.52 122
60139.52 123
60139.52 124
60139.52 125
60139.52 126
60139.52 127
60139.52 128
60139.52 129
60139.52 130
60139.52 131
60139.52 132
60139.52 133
60139.52 134
60139.52 135
60139.52 136
60139.52 137
60139.52 138
60139.52 139
60139.52 140
60139.52 141
60139.52 142
60139.52 143
60139.52 144
60139.52 145
60139.52 146
60139.52 147
60139.52 148
60139.52 149
60139.52 150
60139.52 151
60139.52 152
60139.52 153
60139.52 154
60139.52 155
60139.52 156
60139.52 157
60139.52 158
60139.52 159
60139.52 160
60139.52 161
60139.52 162
60139.52 163
60139.52 164
60139.52 165
60139.52 166
60139.52 167
60139.52 168
60139.52 169
60139.52 170
60139.52 171
60139.52 172
60139.52 173
60139.52 174
60139.52 175
60139.52 176
60139.52 177
60139.52 178
60139.52 179
60139.52 180
60139.52 181
60139.52 182
60139.52 183
60139.52 184
60139.52 185
60139.52 186
60139.52 187
60139.52 188
60139.52 189
60139.52 190
60139.52 191
60139.52 192
60139.52 193
60139.52 194
60139.52 195
60139.52 196
60139.52 197
60139.52 198
60139.52 199
60139.52 200
60139.52 201
60139.52 202
60139.52 203
60139.52 204
60139.52 205
60139.52 206
60139.52 207
60139.52 208
60139.52 209
60139.52 210
60139.52 211
60139.52 212
60139.52 213
60139.52 214
60139.52 215
60139.52 216
60139.52 217
60139.52 218
60139.52 219
60139.52 220
60139.52 221
60139.52 222
60139.52 223
60139.52 224
60139.52 225
60139.52 226
60139.52 227
60139.52 228
60139.52 229
60139.52 230
60139.52 231
60139.52 232
60139.52 233
60139.52 234
60139.52 235
60139.52 236
60139.52 237
60139.52 238
60139.52 239
60139.52 240
60139.52 241
60139.52 242
60139.52 243
60139.52 244
60139.52 245
60139.52 246
60139.52 247
60139.52 248
60139.52 249
60139.52 250
60139.52 251
60139.52 252
60139.52 253
60139.52 254
60139.52 255
60139.52 256
60139.52 257
60139.52 258
60139.52 259
60139.52 260
60139.52 261
60139.52 262
60139.52 263
60139.52 264
60139.52 265
60139.52 266
60139.52 267
60139.52 268
60139.52 269
60139.52 270
60139.52 271
60139.52 272
60139.52 273
60139.52 274
60139.52 275
60139.52 276
60139.52 277
60139.52 278
60139.52 279
60139.52 280
60139.52 281
60139.52 282
60139.52 283
60139.52 284
60139.52 285
60139.52 286
60139.52 287
60139.52 288
60139.52 289
60139.52 290
60139.52 291
60139.52 292
60139.52 293
60139.52 294
60139.52 295
60139.52 296
60139.52 297
60139.52 298
60139.52 299
60139.52 300
60139.52 301
60139.52 302
60139.52 303
60139.52 304
60139.52 305
60139.52 306
60139.52 307
60139.52 308
60139.52 309
60139.52 310
60139.52 311
60139.52 312
60139.52 313
60139.52 314
60139.52 315
60139.52 316
60139.52 317
60139.52 318
60139.52 319
60139.52 320
60139.52 321
60139.52 322
60139.52 323
60139.52 324
60139.52 325
60139.52 326
60139.52 327
60139.52 328
60139.52 329
60139.52 330
60139.52 331
60139.52 332
60139.52 333
60139.52 334
60139.52 335
60139.52 336
60139.52 337
60139.52 338
60139.52 339
60139.52 340
60139.52 341
60139.52 342
60139.52 343
60139.52 344
60139.52 345
60139.52 346
60139.52 347
60139.52 348
60139.52 349
60139.52 350
60139.52 351
60139.52 352
60139.52 353
60139.52 354
60139.52 355
60139.52 356
60139.52 357
60139.52 358
60139.52 359
60139.52 360
60139.52 361
60139.52 362
60139.52 363
60139.52 364
60139.52 365
60139.52 366
60139.52 367
60139.52 368
60139.52 369
60139.52 370
60139.52 371
60139.52 372
60139.52 373
60139.52 374
60139.52 375
60139.52 376
60139.52 377
60139.52 378
60139.52 379
60139.52 380
60139.52 381
60139.52 382
60139.52 383
60139.52 384
60139.52 385
60139.52 386
60139.52 387
60139.52 388
60139.52 389
60139.52 390
60139.52 391
60139.52 392
60139.52 393
60139.52 394
60139.52 395
60139.52 396
60139.52 397
60139.52 398
60139.52 399
60139.52 400
60139.52 401
60139.52 402
60139.52 403
60139.52 404
60139.52 405
60139.52 406
60139.52 407
60139.52 408
60139.52 409
60139.52 410
60139.52 411
60139.52 412
60139.52 413
60139.52 414
60139.52 415
60139.52 416
60139.52 417
60139.52 418
60139.52 419
60139.52 420
60139.52 421
60139.52 422
60139.52 423
60139.52 424
60139.52 425
60139.52 426
60139.52 427
60139.52 428
60139.52 429
60139.52 430
60139.52 431
60139.52 432
60139.52 433
60139.52 434
60139.52 435
60139.52 436
60139.52 437
60139.52 438
60139.52 439
60139.52 440
60139.52 441
60139.52 442
60139.52 443
60139.52 444
60139.52 445
60139.52 446
60139.52 447
60139.52 448
60139.52 449
60139.52 450
60139.52 451
60139.52 452
60139.52 453
60139.52 454
60139.52 455
60139.52 456
60139.52 457
60139.52 458
60139.52 459
60139.52 460
60139.52 461
60139.52 462
60139.52 463
60139.52 464
60139.52 465
60139.52 466
60139.52 467
60139.52 468
60139.52 469
60139.52 470
60139.52 471
60139.52 472
60139.52 473
60139.52 474
60139.52 475
60139.52 476
60139.52 477
60139.52 478
60139.52 479
60139.52 480
60139.52 481
60139.52 482
60139.52 483
60139.52 484
60139.52 485
60139.52 486
60139.52 487
60139.52 488
60139.52 489
60139.52 490
60139.52 491
60139.52 492
60139.52 493
60139.52 494
60139.52 495
60139.52 496
60139.52 497
60139.52 498
60139.52 499
60139.52 500
60139.52 501
60139.52 502
60139.52 503
60139.52 504
60139.52 505
60139.52 506
60139.52 507
60139.52 508
60139.52 509
60139.52 510
60139.52 511
60139.52 512
60139.52 513
60139.52 514
60139.52 515
60139.52 516
60139.52 517
60139.52 518
60139.52 519
60139.52 520
60139.52 521
60139.52 522
60139.52 523
60139.52 524
60139.52 525
60139.52 526
60139.52 527
60139.52 528
60139.52 529
60139.52 530
60139.52 531
60139.52 532
60139.52 533
60139.52 534
60139.52 535
60139.52 536
60139.52 537
60139.52 538
60139.52 539
60139.52 540
60139.52 541
60139.52 542
60139.52 543
60139.52 544
60139.52 545
60139.52 546
60139.52 547
60139.52 548
60139.52 549
60139.52 550
60139.52 551
60139.52 552
60139.52 553
60139.52 554
60139.52 555
60139.52 556
60139.52 557
60139.52 558
60139.52 559
60139.52 560
60139.52 561
60139.52 562
60139.52 563
60139.52 564
60139.52 565
60139.52 566
60139.52 567
60139.52 568
60139.52 569
60139.52 570
60139.52 571
60139.52 572
60139.52 573
60139.52 574
60139.52 575
60139.52 576
60139.52 577
60139.52 578
60139.52 579
60139.52 580
60139.52 581
60139.52 582
60139.52 583
60139.52 584
60139.52 585
60139.52 586
60139.52 587
60139.52 588
60139.52 589
60139.52 590
60139.52 591
60139.52 592
60139.52 593
60139.52 594
60139.52 595
60139.52 596
60139.52 597
60139.52 598
60139.52 599
60139.52 600
60139.52 601
60139.52 602
60139.52 603
60139.52 604
60139.52 605
60139.52 606
60139.52 607
60139.52 608
60139.52 609
60139.52 610
60139.52 611
60139.52 612
60139.52 613
60139.52 614
60139.52 615
60139.52 616
60139.52 617
60139.52 618
60139.52 619
60139.52 620
60139.52 621
60139.52 622
60139.52 623
60139.52 624
60139.52 625
60139.52 626
60139.52 627
60139.52 628
60139.52 629
60139.52 630
60139.52 631
60139.52 632
60139.52 633
60139.52 634
60139.52 635
60139.52 636
60139.52 637
60139.52 638
60139.52 639
60139.52 640
60139.52 641
60139.52 642
60139.52 643
60139.52 644
60139.52 645
60139.52 646
60139.52 647
60139.52 648
60139.52 649
60139.52 650
60139.52 651
60139.52 652
60139.52 653
60139.52 654
60139.52 655
60139.52 656
60139.52 657
60139.52 658
60139.52 659
60139.52 660
24055.81 661
24055.81 662
24055.81 663
24055.81 664
24055.81 665
24055.81 666
24055.81 667
24055.81 668
24055.81 669
24055.81 670
24055.81 671
24055.81 672
24055.81 673
24055.81 674
24055.81 675
24055.81 676
24055.81 677
24055.81 678
24055.81 679
24055.81 680
24055.81 681
24055.81 682
24055.81 683
24055.81 684
24055.81 685
24055.81 686
24055.81 687
24055.81 688
24055.81 689
24055.81 690
24055.81 691
24055.81 692
24055.81 693
24055.81 694
24055.81 695
24055.81 696
24055.81 697
24055.81 698
24055.81 699
24055.81 700
24055.81 701
24055.81 702
24055.81 703
24055.81 704
24055.81 705
24055.81 706
24055.81 707
24055.81 708
24055.81 709
24055.81 710
24055.81 711
24055.81 712
24055.81 713
24055.81 714
24055.81 715
24055.81 716
24055.81 717
24055.81 718
24055.81 719
24055.81 720
24055.81 721
24055.81 722
24055.81 723
24055.81 724
24055.81 725
24055.81 726
24055.81 727
24055.81 728
24055.81 729
24055.81 730
24055.81 731
24055.81 732
24055.81 733
24055.81 734
24055.81 735
24055.81 736
24055.81 737
24055.81 738
24055.81 739
24055.81 740
24055.81 741
24055.81 742
24055.81 743
24055.81 744
24055.81 745
24055.81 746
24055.81 747
24055.81 748
24055.81 749
24055.81 750
24055.81 751
24055.81 752
24055.81 753
24055.81 754
24055.81 755
24055.81 756
24055.81 757
24055.81 758
24055.81 759
24055.81 760
24055.81 761
24055.81 762
24055.81 763
24055.81 764
24055.81 765
24055.81 766
24055.81 767
24055.81 768
24055.81 769
24055.81 770
24055.81 771
24055.81 772
24055.81 773
24055.81 774
24055.81 775
24055.81 776
24055.81 777
24055.81 778
24055.81 779
24055.81 780
24055.81 781
24055.81 782
24055.81 783
24055.81 784
24055.81 785
24055.81 786
24055.81 787
24055.81 788
24055.81 789
24055.81 790
24055.81 791
24055.81 792
24055.81 793
24055.81 794
24055.81 795
24055.81 796
24055.81 797
24055.81 798
24055.81 799
24055.81 800
24055.81 801
24055.81 802
24055.81 803
24055.81 804
24055.81 805
24055.81 806
24055.81 807
24055.81 808
24055.81 809
24055.81 810
24055.81 811
24055.81 812
24055.81 813
24055.81 814
24055.81 815
24055.81 816
24055.81 817
24055.81 818
24055.81 819
24055.81 820
24055.81 821
24055.81 822
24055.81 823
24055.81 824
24055.81 825
24055.81 826
24055.81 827
24055.81 828
24055.81 829
24055.81 830
24055.81 831
24055.81 832
24055.81 833
24055.81 834
24055.81 835
24055.81 836
24055.81 837
24055.81 838
24055.81 839
24055.81 840
24055.81 841
24055.81 842
24055.81 843
24055.81 844
24055.81 845
24055.81 846
24055.81 847
24055.81 848
24055.81 849
24055.81 850
24055.81 851
24055.81 852
24055.81 853
24055.81 854
24055.81 855
24055.81 856
24055.81 857
24055.81 858
24055.81 859
24055.81 860
24055.81 861
24055.81 862
24055.81 863
24055.81 864
24055.81 865
24055.81 866
24055.81 867
24055.81 868
24055.81 869
24055.81 870
24055.81 871
24055.81 872
24055.81 873
24055.81 874
24055.81 875
24055.81 876
24055.81 877
24055.81 878
24055.81 879
24055.81 880
24055.81 881
24055.81 882
24055.81 883
24055.81 884
24055.81 885
24055.81 886
24055.81 887
24055.81 888
24055.81 889
24055.81 890
24055.81 891
24055.81 892
24055.81 893
24055.81 894
24055.81 895
24055.81 896
24055.81 897
24055.81 898
24055.81 899
24055.81 900
24055.81 901
24055.81 902
24055.81 903
24055.81 904
24055.81 905
24055.81 906
24055.81 907
24055.81 908
24055.81 909
24055.81 910
24055.81 911
24055.81 912
24055.81 913
24055.81 914
24055.81 915
24055.81 916
24055.81 917
24055.81 918
24055.81 919
24055.81 920
24055.81 921
24055.81 922
24055.81 923
24055.81 924
24055.81 925
24055.81 926
24055.81 927
24055.81 928
24055.81 929
24055.81 930
24055.81 931
24055.81 932
24055.81 933
24055.81 934
24055.81 935
24055.81 936
24055.81 937
24055.81 938
24055.81 939
24055.81 940
24055.81 941
24055.81 942
24055.81 943
24055.81 944
24055.81 945
24055.81 946
24055.81 947
24055.81 948
24055.81 949
24055.81 950
24055.81 951
24055.81 952
24055.81 953
24055.81 954
24055.81 955
24055.81 956
24055.81 957
24055.81 958
24055.81 959
24055.81 960
24055.81 961
24055.81 962
24055.81 963
24055.81 964
24055.81 965
24055.81 966
24055.81 967
24055.81 968
24055.81 969
24055.81 970
24055.81 971
24055.81 972
24055.81 973
24055.81 974
24055.81 975
24055.81 976
24055.81 977
24055.81 978
24055.81 979
24055.81 980
24055.81 981
24055.81 982
24055.81 983
24055.81 984
24055.81 985
24055.81 986
24055.81 987
24055.81 988
24055.81 989
24055.81 990
24055.81 991
24055.81 992
24055.81 993
24055.81 994
24055.81 995
24055.81 996
24055.81 997
24055.81 998
24055.81 999
24055.81 1000
24055.81 1001
24055.81 1002
24055.81 1003
24055.81 1004
24055.81 1005
24055.81 1006
24055.81 1007
24055.81 1008
24055.81 1009
24055.81 1010
24055.81 1011
24055.81 1012
24055.81 1013
24055.81 1014
24055.81 1015
24055.81 1016
24055.81 1017
24055.81 1018
24055.81 1019
24055.81 1020
24055.81 1021
24055.81 1022
24055.81 1023
24055.81 1024
24055.81 1025
24055.81 1026
24055.81 1027
24055.81 1028
24055.81 1029
24055.81 1030
24055.81 1031
24055.81 1032
24055.81 1033
24055.81 1034
24055.81 1035
24055.81 1036
24055.81 1037
24055.81 1038
24055.81 1039
24055.81 1040
24055.81 1041
24055.81 1042
24055.81 1043
24055.81 1044
24055.81 1045
24055.81 1046
24055.81 1047
24055.81 1048
24055.81 1049
24055.81 1050
24055.81 1051
24055.81 1052
24055.81 1053
24055.81 1054
24055.81 1055
24055.81 1056
24055.81 1057
24055.81 1058
24055.81 1059
24055.81 1060
24055.81 1061
24055.81 1062
24055.81 1063
24055.81 1064
24055.81 1065
24055.81 1066
24055.81 1067
24055.81 1068
24055.81 1069
24055.81 1070
24055.81 1071
24055.81 1072
24055.81 1073
24055.81 1074
24055.81 1075
24055.81 1076
24055.81 1077
24055.81 1078
24055.81 1079
24055.81 1080
24055.81 1081
24055.81 1082
24055.81 1083
24055.81 1084
24055.81 1085
24055.81 1086
24055.81 1087
24055.81 1088
24055.81 1089
24055.81 1090
24055.81 1091
24055.81 1092
24055.81 1093
24055.81 1094
24055.81 1095
24055.81 1096
24055.81 1097
24055.81 1098
24055.81 1099
24055.81 1100
24055.81 1101
24055.81 1102
24055.81 1103
24055.81 1104
24055.81 1105
24055.81 1106
24055.81 1107
24055.81 1108
24055.81 1109
24055.81 1110
24055.81 1111
24055.81 1112
24055.81 1113
24055.81 1114
24055.81 1115
24055.81 1116
24055.81 1117
24055.81 1118
24055.81 1119
24055.81 1120
24055.81 1121
24055.81 1122
24055.81 1123
24055.81 1124
24055.81 1125
24055.81 1126
24055.81 1127
24055.81 1128
24055.81 1129
24055.81 1130
24055.81 1131
24055.81 1132
24055.81 1133
24055.81 1134
24055.81 1135
24055.81 1136
24055.81 1137
24055.81 1138
24055.81 1139
24055.81 1140
24055.81 1141
24055.81 1142
24055.81 1143
24055.81 1144
24055.81 1145
24055.81 1146
24055.81 1147
24055.81 1148
24055.81 1149
24055.81 1150
24055.81 1151
24055.81 1152
24055.81 1153
24055.81 1154
24055.81 1155
24055.81 1156
24055.81 1157
24055.81 1158
24055.81 1159
24055.81 1160
24055.81 1161
24055.81 1162
24055.81 1163
24055.81 1164
24055.81 1165
24055.81 1166
24055.81 1167
24055.81 1168
24055.81 1169
24055.81 1170
24055.81 1171
24055.81 1172
24055.81 1173
24055.81 1174
24055.81 1175
24055.81 1176
24055.81 1177
24055.81 1178
24055.81 1179
24055.81 1180
24055.81 1181
24055.81 1182
24055.81 1183
24055.81 1184
24055.81 1185
24055.81 1186
24055.81 1187
24055.81 1188
24055.81 1189
24055.81 1190
24055.81 1191
24055.81 1192
24055.81 1193
24055.81 1194
24055.81 1195
24055.81 1196
24055.81 1197
24055.81 1198
24055.81 1199
24055.81 1200
24055.81 1201
24055.81 1202
24055.81 1203
24055.81 1204
24055.81 1205
24055.81 1206
24055.81 1207
24055.81 1208
24055.81 1209
24055.81 1210
24055.81 1211
24055.81 1212
24055.81 1213
24055.81 1214
24055.81 1215
24055.81 1216
24055.81 1217
24055.81 1218
24055.81 1219
24055.81 1220
24055.81 1221
24055.81 1222
24055.81 1223
24055.81 1224
24055.81 1225
24055.81 1226
24055.81 1227
24055.81 1228
24055.81 1229
24055.81 1230
24055.81 1231
24055.81 1232
24055.81 1233
24055.81 1234
24055.81 1235
24055.81 1236
24055.81 1237
24055.81 1238
24055.81 1239
24055.81 1240
24055.81 1241
24055.81 1242
24055.81 1243
24055.81 1244
24055.81 1245
24055.81 1246
24055.81 1247
24055.81 1248
24055.81 1249
24055.81 1250
24055.81 1251
24055.81 1252
24055.81 1253
24055.81 1254
24055.81 1255
24055.81 1256
24055.81 1257
24055.81 1258
24055.81 1259
24055.81 1260
24055.81 1261
24055.81 1262
24055.81 1263
24055.81 1264
24055.81 1265
24055.81 1266
24055.81 1267
24055.81 1268
24055.81 1269
24055.81 1270
24055.81 1271
24055.81 1272
24055.81 1273
24055.81 1274
24055.81 1275
24055.81 1276
24055.81 1277
24055.81 1278
24055.81 1279
24055.81 1280
24055.81 1281
24055.81 1282
24055.81 1283
24055.81 1284
24055.81 1285
24055.81 1286
24055.81 1287
24055.81 1288
24055.81 1289
24055.81 1290
24055.81 1291
24055.81 1292
24055.81 1293
24055.81 1294
24055.81 1295
24055.81 1296
24055.81 1297
24055.81 1298
24055.81 1299
24055.81 1300
24055.81 1301
24055.81 1302
24055.81 1303
24055.81 1304
24055.81 1305
24055.81 1306
24055.81 1307
24055.81 1308
24055.81 1309
24055.81 1310
24055.81 1311
24055.81 1312
24055.81 1313
24055.81 1314
24055.81 1315
24055.81 1316
24055.81 1317
24055.81 1318
24055.81 1319
24055.81 1320
24055.81 1321
24055.81 1322
24055.81 1323
24055.81 1324
24055.81 1325
24055.81 1326
24055.81 1327
24055.81 1328
24055.81 1329
24055.81 1330
24055.81 1331
24055.81 1332
24055.81 1333
24055.81 1334
24055.81 1335
24055.81 1336
24055.81 1337
24055.81 1338
24055.81 1339
24055.81 1340
24055.81 1341
24055.81 1342
24055.81 1343
24055.81 1344
24055.81 1345
24055.81 1346
24055.81 1347
24055.81 1348
24055.81 1349
24055.81 1350
24055.81 1351
24055.81 1352
24055.81 1353
24055.81 1354
24055.81 1355
24055.81 1356
24055.81 1357
24055.81 1358
24055.81 1359
24055.81 1360
24055.81 1361
24055.81 1362
24055.81 1363
24055.81 1364
24055.81 1365
24055.81 1366
24055.81 1367
24055.81 1368
24055.81 1369
24055.81 1370
24055.81 1371
24055.81 1372
24055.81 1373
24055.81 1374
24055.81 1375
24055.81 1376
24055.81 1377
24055.81 1378
24055.81 1379
24055.81 1380
24055.81 1381
24055.81 1382
24055.81 1383
24055.81 1384
24055.81 1385
24055.81 1386
24055.81 1387
24055.81 1388
24055.81 1389
24055.81 1390
24055.81 1391
24055.81 1392
24055.81 1393
24055.81 1394
24055.81 1395
24055.81 1396
24055.81 1397
24055.81 1398
24055.81 1399
24055.81 1400
24055.81 1401
24055.81 1402
24055.81 1403
24055.81 1404
24055.81 1405
24055.81 1406
24055.81 1407
24055.81 1408
24055.81 1409
24055.81 1410
24055.81 1411
24055.81 1412
24055.81 1413
24055.81 1414
24055.81 1415
24055.81 1416
24055.81 1417
24055.81 1418
24055.81 1419
24055.81 1420
24055.81 1421
24055.81 1422
24055.81 1423
24055.81 1424
24055.81 1425
24055.81 1426
24055.81 1427
24055.81 1428
24055.81 1429
24055.81 1430
24055.81 1431
24055.81 1432
24055.81 1433
24055.81 1434
24055.81 1435
24055.81 1436
24055.81 1437
24055.81 1438
24055.81 1439
24055.81 1440
24055.81 1441
24055.81 1442
24055.81 1443
24055.81 1444
24055.81 1445
24055.81 1446
24055.81 1447
24055.81 1448
24055.81 1449
24055.81 1450
24055.81 1451
24055.81 1452
24055.81 1453
24055.81 1454
24055.81 1455
24055.81 1456
24055.81 1457
24055.81 1458
24055.81 1459
24055.81 1460
24055.81 1461
24055.81 1462
24055.81 1463
24055.81 1464
24055.81 1465
24055.81 1466
24055.81 1467
24055.81 1468
24055.81 1469
24055.81 1470
24055.81 1471
24055.81 1472
24055.81 1473
24055.81 1474
24055.81 1475
24055.81 1476
24055.81 1477
24055.81 1478
24055.81 1479
24055.81 1480
24055.81 1481
24055.81 1482
24055.81 1483
24055.81 1484
24055.81 1485
24055.81 1486
24055.81 1487
24055.81 1488
24055.81 1489
24055.81 1490
24055.81 1491
24055.81 1492
24055.81 1493
24055.81 1494
24055.81 1495
24055.81 1496
24055.81 1497
24055.81 1498
24055.81 1499
24055.81 1500
24055.81 1501
24055.81 1502
24055.81 1503
24055.81 1504
24055.81 1505
24055.81 1506
24055.81 1507
24055.81 1508
24055.81 1509
24055.81 1510
24055.81 1511
24055.81 1512
24055.81 1513
24055.81 1514
24055.81 1515
24055.81 1516
24055.81 1517
24055.81 1518
24055.81 1519
24055.81 1520
24055.81 1521
24055.81 1522
24055.81 1523
24055.81 1524
24055.81 1525
24055.81 1526
24055.81 1527
24055.81 1528
24055.81 1529
24055.81 1530
24055.81 1531
24055.81 1532
24055.81 1533
24055.81 1534
24055.81 1535
24055.81 1536
24055.81 1537
24055.81 1538
24055.81 1539
24055.81 1540
24055.81 1541
24055.81 1542
24055.81 1543
24055.81 1544
24055.81 1545
24055.81 1546
24055.81 1547
24055.81 1548
24055.81 1549
24055.81 1550
24055.81 1551
24055.81 1552
24055.81 1553
24055.81 1554
24055.81 1555
24055.81 1556
24055.81 1557
24055.81 1558
24055.81 1559
24055.81 1560
24055.81 1561
24055.81 1562
24055.81 1563
24055.81 1564
24055.81 1565
24055.81 1566
24055.81 1567
24055.81 1568
24055.81 1569
24055.81 1570
24055.81 1571
24055.81 1572
24055.81 1573
24055.81 1574
24055.81 1575
24055.81 1576
24055.81 1577
24055.81 1578
24055.81 1579
24055.81 1580
24055.81 1581
24055.81 1582
24055.81 1583
24055.81 1584
24055.81 1585
24055.81 1586
24055.81 1587
24055.81 1588
24055.81 1589
24055.81 1590
24055.81 1591
24055.81 1592
24055.81 1593
24055.81 1594
24055.81 1595
24055.81 1596
24055.81 1597
24055.81 1598
24055.81 1599
24055.81 1600
24055.81 1601
24055.81 1602
24055.81 1603
24055.81 1604
24055.81 1605
24055.81 1606
24055.81 1607
24055.81 1608
24055.81 1609
24055.81 1610
24055.81 1611
24055.81 1612
24055.81 1613
24055.81 1614
24055.81 1615
24055.81 1616
24055.81 1617
24055.81 1618
24055.81 1619
24055.81 1620
24055.81 1621
24055.81 1622
24055.81 1623
24055.81 1624
24055.81 1625
24055.81 1626
24055.81 1627
24055.81 1628
24055.81 1629
24055.81 1630
24055.81 1631
24055.81 1632
24055.81 1633
24055.81 1634
24055.81 1635
24055.81 1636
24055.81 1637
24055.81 1638
24055.81 1639
24055.81 1640
24055.81 1641
24055.81 1642
24055.81 1643
24055.81 1644
24055.81 1645
24055.81 1646
24055.81 1647
24055.81 1648
24055.81 1649
24055.81 1650
24055.81 1651
24055.81 1652
24055.81 1653
24055.81 1654
24055.81 1655
24055.81 1656
24055.81 1657
24055.81 1658
24055.81 1659
24055.81 1660
24055.81 1661
24055.81 1662
24055.81 1663
24055.81 1664
24055.81 1665
24055.81 1666
24055.81 1667
24055.81 1668
24055.81 1669
24055.81 1670
24055.81 1671
24055.81 1672
24055.81 1673
24055.81 1674
24055.81 1675
24055.81 1676
24055.81 1677
24055.81 1678
24055.81 1679
24055.81 1680
24055.81 1681
24055.81 1682
24055.81 1683
24055.81 1684
24055.81 1685
24055.81 1686
24055.81 1687
24055.81 1688
24055.81 1689
24055.81 1690
24055.81 1691
24055.81 1692
24055.81 1693
24055.81 1694
24055.81 1695
24055.81 1696
24055.81 1697
24055.81 1698
24055.81 1699
24055.81 1700
24055.81 1701
24055.81 1702
24055.81 1703
24055.81 1704
24055.81 1705
24055.81 1706
24055.81 1707
24055.81 1708
24055.81 1709
24055.81 1710
24055.81 1711
24055.81 1712
24055.81 1713
24055.81 1714
24055.81 1715
24055.81 1716
24055.81 1717
24055.81 1718
24055.81 1719
24055.81 1720
24055.81 1721
24055.81 1722
24055.81 1723
24055.81 1724
24055.81 1725
24055.81 1726
24055.81 1727
24055.81 1728
24055.81 1729
24055.81 1730
24055.81 1731
24055.81 1732
24055.81 1733
24055.81 1734
24055.81 1735
24055.81 1736
24055.81 1737
24055.81 1738
24055.81 1739
24055.81 1740
24055.81 1741
24055.81 1742
24055.81 1743
24055.81 1744
24055.81 1745
24055.81 1746
24055.81 1747
24055.81 1748
24055.81 1749
24055.81 1750
24055.81 1751
24055.81 1752
24055.81 1753
24055.81 1754
24055.81 1755
24055.81 1756
24055.81 1757
24055.81 1758
24055.81 1759
24055.81 1760
24055.81 1761
24055.81 1762
24055.81 1763
24055.81 1764
24055.81 1765
24055.81 1766
24055.81 1767
24055.81 1768
24055.81 1769
24055.81 1770
24055.81 1771
24055.81 1772
24055.81 1773
24055.81 1774
24055.81 1775
24055.81 1776
24055.81 1777
24055.81 1778
24055.81 1779
24055.81 1780
24055.81 1781
24055.81 1782
24055.81 1783
24055.81 1784
24055.81 1785
24055.81 1786
24055.81 1787
24055.81 1788
24055.81 1789
24055.81 1790
24055.81 1791
24055.81 1792
24055.81 1793
24055.81 1794
24055.81 1795
24055.81 1796
24055.81 1797
24055.81 1798
24055.81 1799
24055.81 1800
24055.81 1801
24055.81 1802
24055.81 1803
24055.81 1804
24055.81 1805
24055.81 1806
24055.81 1807
24055.81 1808
24055.81 1809
24055.81 1810
24055.81 1811
24055.81 1812
24055.81 1813
24055.81 1814
24055.81 1815
24055.81 1816
24055.81 1817
24055.81 1818
24055.81 1819
24055.81 1820
24055.81 1821
24055.81 1822
24055.81 1823
24055.81 1824
24055.81 1825
24055.81 1826
24055.81 1827
24055.81 1828
24055.81 1829
24055.81 1830
24055.81 1831
24055.81 1832
24055.81 1833
24055.81 1834
24055.81 1835
24055.81 1836
24055.81 1837
24055.81 1838
24055.81 1839
24055.81 1840
24055.81 1841
24055.81 1842
24055.81 1843
24055.81 1844
24055.81 1845
24055.81 1846
24055.81 1847
24055.81 1848
24055.81 1849
24055.81 1850
24055.81 1851
24055.81 1852
24055.81 1853
24055.81 1854
24055.81 1855
24055.81 1856
24055.81 1857
24055.81 1858
24055.81 1859
24055.81 1860
24055.81 1861
24055.81 1862
24055.81 1863
24055.81 1864
24055.81 1865
24055.81 1866
24055.81 1867
24055.81 1868
24055.81 1869
24055.81 1870
24055.81 1871
24055.81 1872
24055.81 1873
24055.81 1874
24055.81 1875
24055.81 1876
24055.81 1877
24055.81 1878
24055.81 1879
24055.81 1880
24055.81 1881
24055.81 1882
24055.81 1883
24055.81 1884
24055.81 1885
24055.81 1886
24055.81 1887
24055.81 1888
24055.81 1889
24055.81 1890
24055.81 1891
24055.81 1892
24055.81 1893
24055.81 1894
24055.81 1895
24055.81 1896
24055.81 1897
24055.81 1898
24055.81 1899
24055.81 1900
24055.81 1901
24055.81 1902
24055.81 1903
24055.81 1904
24055.81 1905
24055.81 1906
24055.81 1907
24055.81 1908
24055.81 1909
24055.81 1910
24055.81 1911
24055.81 1912
24055.81 1913
24055.81 1914
24055.81 1915
24055.81 1916
24055.81 1917
24055.81 1918
24055.81 1919
24055.81 1920
24055.81 1921
24055.81 1922
24055.81 1923
24055.81 1924
24055.81 1925
24055.81 1926
24055.81 1927
24055.81 1928
24055.81 1929
24055.81 1930
24055.81 1931
24055.81 1932
24055.81 1933
24055.81 1934
24055.81 1935
24055.81 1936
24055.81 1937
24055.81 1938
24055.81 1939
24055.81 1940
24055.81 1941
24055.81 1942
24055.81 1943
24055.81 1944
24055.81 1945
24055.81 1946
24055.81 1947
24055.81 1948
24055.81 1949
24055.81 1950
24055.81 1951
24055.81 1952
24055.81 1953
24055.81 1954
24055.81 1955
24055.81 1956
24055.81 1957
24055.81 1958
24055.81 1959
24055.81 1960
24055.81 1961
24055.81 1962
24055.81 1963
24055.81 1964
24055.81 1965
24055.81 1966
24055.81 1967
24055.81 1968
24055.81 1969
24055.81 1970
24055.81 1971
24055.81 1972
24055.81 1973
24055.81 1974
24055.81 1975
24055.81 1976
24055.81 1977
24055.81 1978
24055.81 1979
24055.81 1980
24055.81 1981
24055.81 1982
24055.81 1983
24055.81 1984
24055.81 1985
24055.81 1986
24055.81 1987
24055.81 1988
24055.81 1989
24055.81 1990
24055.81 1991
24055.81 1992
24055.81 1993
24055.81 1994
24055.81 1995
24055.81 1996
24055.81 1997
24055.81 1998
24055.81 1999
24055.81 2000
24055.81 2001
24055.81 2002
24055.81 2003
24055.81 2004
24055.81 2005
24055.81 2006
24055.81 2007
24055.81 2008
24055.81 2009
24055.81 2010
24055.81 2011
24055.81 2012
24055.81 2013
24055.81 2014
24055.81 2015
24055.81 2016
24055.81 2017
24055.81 2018
24055.81 2019
24055.81 2020
24055.81 2021
24055.81 2022
24055.81 2023
24055.81 2024
24055.81 2025
24055.81 2026
24055.81 2027
24055.81 2028
24055.81 2029
24055.81 2030
24055.81 2031
24055.81 2032
24055.81 2033
24055.81 2034
24055.81 2035
24055.81 2036
24055.81 2037
24055.81 2038
24055.81 2039
24055.81 2040
24055.81 2041
24055.81 2042
24055.81 2043
24055.81 2044
24055.81 2045
24055.81 2046
24055.81 2047
24055.81 2048
24055.81 2049
24055.81 2050
24055.81 2051
24055.81 2052
24055.81 2053
24055.81 2054
24055.81 2055
24055.81 2056
24055.81 2057
24055.81 2058
24055.81 2059
24055.81 2060
24055.81 2061
24055.81 2062
24055.81 2063
24055.81 2064
24055.81 2065
24055.81 2066
24055.81 2067
24055.81 2068
24055.81 2069
24055.81 2070
24055.81 2071
24055.81 2072
24055.81 2073
24055.81 2074
24055.81 2075
24055.81 2076
24055.81 2077
24055.81 2078
24055.81 2079
24055.81 2080
24055.81 2081
24055.81 2082
24055.81 2083
24055.81 2084
24055.81 2085
24055.81 2086
24055.81 2087
24055.81 2088
24055.81 2089
24055.81 2090
24055.81 2091
24055.81 2092
24055.81 2093
24055.81 2094
24055.81 2095
24055.81 2096
24055.81 2097
24055.81 2098
24055.81 2099
24055.81 2100
24055.81 2101
24055.81 2102
24055.81 2103
24055.81 2104
24055.81 2105
24055.81 2106
24055.81 2107
24055.81 2108
24055.81 2109
24055.81 2110
24055.81 2111
24055.81 2112
24055.81 2113
24055.81 2114
24055.81 2115
24055.81 2116
24055.81 2117
24055.81 2118
24055.81 2119
24055.81 2120
24055.81 2121
24055.81 2122
24055.81 2123
24055.81 2124
24055.81 2125
24055.81 2126
24055.81 2127
24055.81 2128
24055.81 2129
24055.81 2130
24055.81 2131
24055.81 2132
24055.81 2133
24055.81 2134
24055.81 2135
24055.81 2136
24055.81 2137
24055.81 2138
24055.81 2139
24055.81 2140
24055.81 2141
24055.81 2142
24055.81 2143
24055.81 2144
24055.81 2145
24055.81 2146
24055.81 2147
24055.81 2148
24055.81 2149
24055.81 2150
24055.81 2151
24055.81 2152
24055.81 2153
24055.81 2154
24055.81 2155
24055.81 2156
24055.81 2157
24055.81 2158
24055.81 2159
24055.81 2160
24055.81 2161
24055.81 2162
24055.81 2163
24055.81 2164
24055.81 2165
24055.81 2166
24055.81 2167
24055.81 2168
24055.81 2169
24055.81 2170
24055.81 2171
24055.81 2172
24055.81 2173
24055.81 2174
24055.81 2175
24055.81 2176
24055.81 2177
24055.81 2178
24055.81 2179
24055.81 2180
24055.81 2181
24055.81 2182
24055.81 2183
24055.81 2184
24055.81 2185
24055.81 2186
24055.81 2187
24055.81 2188
24055.81 2189
24055.81 2190
24055.81 2191
24055.81 2192
24055.81 2193
24055.81 2194
24055.81 2195
24055.81 2196
24055.81 2197
24055.81 2198
24055.81 2199
24055.81 2200
24055.81 2201
24055.81 2202
24055.81 2203
24055.81 2204
24055.81 2205
24055.81 2206
24055.81 2207
24055.81 2208
24055.81 2209
24055.81 2210
24055.81 2211
24055.81 2212
24055.81 2213
24055.81 2214
24055.81 2215
24055.81 2216
24055.81 2217
24055.81 2218
24055.81 2219
24055.81 2220
24055.81 2221
24055.81 2222
24055.81 2223
24055.81 2224
24055.81 2225
24055.81 2226
24055.81 2227
24055.81 2228
24055.81 2229
24055.81 2230
24055.81 2231
24055.81 2232
24055.81 2233
24055.81 2234
24055.81 2235
24055.81 2236
24055.81 2237
24055.81 2238
24055.81 2239
24055.81 2240
24055.81 2241
24055.81 2242
24055.81 2243
24055.81 2244
24055.81 2245
24055.81 2246
24055.81 2247
24055.81 2248
24055.81 2249
24055.81 2250
24055.81 2251
24055.81 2252
24055.81 2253
24055.81 2254
24055.81 2255
24055.81 2256
24055.81 2257
24055.81 2258
24055.81 2259
24055.81 2260
24055.81 2261
24055.81 2262
24055.81 2263
24055.81 2264
24055.81 2265
24055.81 2266
24055.81 2267
24055.81 2268
24055.81 2269
24055.81 2270
24055.81 2271
24055.81 2272
24055.81 2273
24055.81 2274
24055.81 2275
24055.81 2276
24055.81 2277
24055.81 2278
24055.81 2279
24055.81 2280
24055.81 2281
24055.81 2282
24055.81 2283
24055.81 2284
24055.81 2285
24055.81 2286
24055.81 2287
24055.81 2288
24055.81 2289
24055.81 2290
24055.81 2291
24055.81 2292
24055.81 2293
24055.81 2294
24055.81 2295
24055.81 2296
24055.81 2297
24055.81 2298
24055.81 2299
24055.81 2300
24055.81 2301
24055.81 2302
24055.81 2303
24055.81 2304
24055.81 2305
24055.81 2306
24055.81 2307
24055.81 2308
24055.81 2309
24055.81 2310
24055.81 2311
24055.81 2312
24055.81 2313
24055.81 2314
24055.81 2315
24055.81 2316
24055.81 2317
24055.81 2318
24055.81 2319
24055.81 2320
24055.81 2321
24055.81 2322
24055.81 2323
24055.81 2324
24055.81 2325
24055.81 2326
24055.81 2327
24055.81 2328
24055.81 2329
24055.81 2330
24055.81 2331
24055.81 2332
24055.81 2333
24055.81 2334
24055.81 2335
24055.81 2336
24055.81 2337
24055.81 2338
24055.81 2339
24055.81 2340
24055.81 2341
24055.81 2342
24055.81 2343
24055.81 2344
24055.81 2345
24055.81 2346
24055.81 2347
24055.81 2348
24055.81 2349
24055.81 2350
24055.81 2351
24055.81 2352
24055.81 2353
24055.81 2354
24055.81 2355
24055.81 2356
24055.81 2357
24055.81 2358
24055.81 2359
24055.81 2360
24055.81 2361
24055.81 2362
24055.81 2363
24055.81 2364
24055.81 2365
24055.81 2366
24055.81 2367
24055.81 2368
24055.81 2369
24055.81 2370
24055.81 2371
24055.81 2372
24055.81 2373
24055.81 2374
24055.81 2375
24055.81 2376
24055.81 2377
24055.81 2378
24055.81 2379
24055.81 2380
24055.81 2381
24055.81 2382
24055.81 2383
24055.81 2384
24055.81 2385
24055.81 2386
24055.81 2387
24055.81 2388
24055.81 2389
24055.81 2390
24055.81 2391
24055.81 2392
24055.81 2393
24055.81 2394
24055.81 2395
24055.81 2396
24055.81 2397
24055.81 2398
24055.81 2399
24055.81 2400
24055.81 2401
24055.81 2402
24055.81 2403
24055.81 2404
24055.81 2405
24055.81 2406
24055.81 2407
24055.81 2408
24055.81 2409
24055.81 2410
24055.81 2411
24055.81 2412
24055.81 2413
24055.81 2414
24055.81 2415
24055.81 2416
24055.81 2417
24055.81 2418
24055.81 2419
24055.81 2420
24055.81 2421
24055.81 2422
24055.81 2423
24055.81 2424
24055.81 2425
24055.81 2426
24055.81 2427
24055.81 2428
24055.81 2429
24055.81 2430
24055.81 2431
24055.81 2432
24055.81 2433
24055.81 2434
24055.81 2435
24055.81 2436
24055.81 2437
24055.81 2438
24055.81 2439
24055.81 2440
24055.81 2441
24055.81 2442
24055.81 2443
24055.81 2444
24055.81 2445
24055.81 2446
24055.81 2447
24055.81 2448
24055.81 2449
24055.81 2450
24055.81 2451
24055.81 2452
24055.81 2453
24055.81 2454
24055.81 2455
24055.81 2456
24055.81 2457
24055.81 2458
24055.81 2459
24055.81 2460
24055.81 2461
24055.81 2462
24055.81 2463
24055.81 2464
24055.81 2465
24055.81 2466
24055.81 2467
24055.81 2468
24055.81 2469
24055.81 2470
24055.81 2471
24055.81 2472
24055.81 2473
24055.81 2474
24055.81 2475
24055.81 2476
24055.81 2477
24055.81 2478
24055.81 2479
24055.81 2480
24055.81 2481
24055.81 2482
24055.81 2483
24055.81 2484
24055.81 2485
24055.81 2486
24055.81 2487
24055.81 2488
24055.81 2489
24055.81 2490
24055.81 2491
24055.81 2492
24055.81 2493
24055.81 2494
24055.81 2495
24055.81 2496
24055.81 2497
24055.81 2498
24055.81 2499
24055.81 2500
24055.81 2501
24055.81 2502
24055.81 2503
24055.81 2504
24055.81 2505
24055.81 2506
24055.81 2507
24055.81 2508
24055.81 2509
24055.81 2510
24055.81 2511
24055.81 2512
24055.81 2513
24055.81 2514
24055.81 2515
24055.81 2516
24055.81 2517
24055.81 2518
24055.81 2519
24055.81 2520
24055.81 2521
24055.81 2522
24055.81 2523
24055.81 2524
24055.81 2525
24055.81 2526
24055.81 2527
24055.81 2528
24055.81 2529
24055.81 2530
24055.81 2531
24055.81 2532
24055.81 2533
24055.81 2534
24055.81 2535
24055.81 2536
24055.81 2537
24055.81 2538
24055.81 2539
24055.81 2540
24055.81 2541
24055.81 2542
24055.81 2543
24055.81 2544
24055.81 2545
24055.81 2546
24055.81 2547
24055.81 2548
24055.81 2549
24055.81 2550
24055.81 2551
24055.81 2552
24055.81 2553
24055.81 2554
24055.81 2555
24055.81 2556
24055.81 2557
24055.81 2558
24055.81 2559
24055.81 2560
24055.81 2561
24055.81 2562
24055.81 2563
24055.81 2564
24055.81 2565
24055.81 2566
24055.81 2567
24055.81 2568
24055.81 2569
24055.81 2570
24055.81 2571
24055.81 2572
24055.81 2573
24055.81 2574
24055.81 2575
24055.81 2576
24055.81 2577
24055.81 2578
24055.81 2579
24055.81 2580
24055.81 2581
24055.81 2582
24055.81 2583
24055.81 2584
24055.81 2585
24055.81 2586
24055.81 2587
24055.81 2588
24055.81 2589
24055.81 2590
24055.81 2591
24055.81 2592
24055.81 2593
24055.81 2594
24055.81 2595
24055.81 2596
24055.81 2597
24055.81 2598
24055.81 2599
24055.81 2600
24055.81 2601
24055.81 2602
24055.81 2603
24055.81 2604
24055.81 2605
24055.81 2606
24055.81 2607
24055.81 2608
24055.81 2609
24055.81 2610
24055.81 2611
24055.81 2612
24055.81 2613
24055.81 2614
24055.81 2615
24055.81 2616
24055.81 2617
24055.81 2618
24055.81 2619
24055.81 2620
24055.81 2621
24055.81 2622
24055.81 2623
24055.81 2624
24055.81 2625
24055.81 2626
24055.81 2627
24055.81 2628
24055.81 2629
24055.81 2630
24055.81 2631
24055.81 2632
24055.81 2633
24055.81 2634
24055.81 2635
24055.81 2636
24055.81 2637
24055.81 2638
24055.81 2639
24055.81 2640
24055.81 2641
24055.81 2642
24055.81 2643
24055.81 2644
24055.81 2645
24055.81 2646
24055.81 2647
24055.81 2648
24055.81 2649
24055.81 2650
24055.81 2651
24055.81 2652
24055.81 2653
24055.81 2654
24055.81 2655
24055.81 2656
24055.81 2657
24055.81 2658
24055.81 2659
24055.81 2660
24055.81 2661
24055.81 2662
24055.81 2663
24055.81 2664
24055.81 2665
24055.81 2666
24055.81 2667
24055.81 2668
24055.81 2669
24055.81 2670
24055.81 2671
24055.81 2672
24055.81 2673
24055.81 2674
24055.81 2675
24055.81 2676
24055.81 2677
24055.81 2678
24055.81 2679
24055.81 2680
24055.81 2681
24055.81 2682
24055.81 2683
24055.81 2684
24055.81 2685
24055.81 2686
24055.81 2687
24055.81 2688
24055.81 2689
24055.81 2690
24055.81 2691
24055.81 2692
24055.81 2693
24055.81 2694
24055.81 2695
24055.81 2696
24055.81 2697
24055.81 2698
24055.81 2699
24055.81 2700
24055.81 2701
24055.81 2702
24055.81 2703
24055.81 2704
24055.81 2705
24055.81 2706
24055.81 2707
24055.81 2708
24055.81 2709
24055.81 2710
24055.81 2711
24055.81 2712
24055.81 2713
24055.81 2714
24055.81 2715
24055.81 2716
24055.81 2717
24055.81 2718
24055.81 2719
24055.81 2720
24055.81 2721
24055.81 2722
24055.81 2723
24055.81 2724
24055.81 2725
24055.81 2726
24055.81 2727
24055.81 2728
24055.81 2729
24055.81 2730
24055.81 2731
24055.81 2732
24055.81 2733
24055.81 2734
24055.81 2735
24055.81 2736
24055.81 2737
24055.81 2738
24055.81 2739
24055.81 2740
24055.81 2741
24055.81 2742
24055.81 2743
24055.81 2744
24055.81 2745
24055.81 2746
24055.81 2747
24055.81 2748
24055.81 2749
24055.81 2750
24055.81 2751
24055.81 2752
24055.81 2753
24055.81 2754
24055.81 2755
24055.81 2756
24055.81 2757
24055.81 2758
24055.81 2759
24055.81 2760
24055.81 2761
24055.81 2762
24055.81 2763
24055.81 2764
24055.81 2765
24055.81 2766
24055.81 2767
24055.81 2768
24055.81 2769
24055.81 2770
24055.81 2771
24055.81 2772
24055.81 2773
24055.81 2774
24055.81 2775
24055.81 2776
24055.81 2777
24055.81 2778
24055.81 2779
24055.81 2780
24055.81 2781
24055.81 2782
24055.81 2783
24055.81 2784
24055.81 2785
24055.81 2786
24055.81 2787
24055.81 2788
24055.81 2789
24055.81 2790
24055.81 2791
24055.81 2792
24055.81 2793
24055.81 2794
24055.81 2795
24055.81 2796
24055.81 2797
24055.81 2798
24055.81 2799
24055.81 2800
24055.81 2801
24055.81 2802
24055.81 2803
24055.81 2804
24055.81 2805
24055.81 2806
24055.81 2807
24055.81 2808
24055.81 2809
24055.81 2810
24055.81 2811
24055.81 2812
24055.81 2813
24055.81 2814
24055.81 2815
24055.81 2816
24055.81 2817
24055.81 2818
24055.81 2819
24055.81 2820
24055.81 2821
24055.81 2822
24055.81 2823
24055.81 2824
24055.81 2825
24055.81 2826
24055.81 2827
24055.81 2828
24055.81 2829
24055.81 2830
24055.81 2831
24055.81 2832
24055.81 2833
24055.81 2834
24055.81 2835
24055.81 2836
24055.81 2837
24055.81 2838
24055.81 2839
24055.81 2840
24055.81 2841
24055.81 2842
24055.81 2843
24055.81 2844
24055.81 2845
24055.81 2846
24055.81 2847
24055.81 2848
24055.81 2849
24055.81 2850
24055.81 2851
24055.81 2852
24055.81 2853
24055.81 2854
24055.81 2855
24055.81 2856
24055.81 2857
24055.81 2858
24055.81 2859
24055.81 2860
24055.81 2861
24055.81 2862
24055.81 2863
24055.81 2864
24055.81 2865
24055.81 2866
24055.81 2867
24055.81 2868
24055.81 2869
24055.81 2870
24055.81 2871
24055.81 2872
24055.81 2873
24055.81 2874
24055.81 2875
24055.81 2876
24055.81 2877
24055.81 2878
24055.81 2879
24055.81 2880
24055.81 2881
24055.81 2882
24055.81 2883
24055.81 2884
24055.81 2885
24055.81 2886
24055.81 2887
24055.81 2888
24055.81 2889
24055.81 2890
