# Test data for ascii data boundary traction.
# Only next line is parsed in format: [nx] because of keyword "POINTS:"
# POINTS: 101
# Columns: y Pressure[Pa]             
         0 21231800000
      6600 21020700000
     13200 20809600000
     19800 20598500000
     26400 20387400000
     33000 20176300000
     39600 19965300000
     46200 19754100000
     52800 19543000000
     59400 19331900000
     66000 19120800000
     72600 18909700000
     79200 18698500000
     85800 18487400000
     92400 18276300000
     99000 18065100000
    105600 17854000000
    112200 17642800000
    118800 17431700000
    125400 17220500000
    132000 17009400000
    138600 16798200000
    145200 16587000000
    151800 16375900000
    158400 16164700000
    165000 15953500000
    171600 15742400000
    178200 15531200000
    184800 15320000000
    191400 15108900000
    198000 14897700000
    204600 14686500000
    211200 14475400000
    217800 14264200000
    224400 14053000000
    231000 13841800000
    237600 13630700000
    244200 13419500000
    250800 13208300000
    257400 12997100000
    264000 12785900000
    270600 12574700000
    277200 12363500000
    283800 12152400000
    290400 11941200000
    297000 11730000000
    303600 11518800000
    310200 11307600000
    316800 11096300000
    323400 10885100000
    330000 10673900000
    336600 10462700000
    343200 10251500000
    349800 10040300000
    356400  9829030000
    363000  9617800000
    369600  9406560000
    376200  9195310000
    382800  8984050000
    389400  8772790000
    396000  8561510000
    402600  8350210000
    409200  8138910000
    415800  7927580000
    422400  7716210000
    429000  7504840000
    435600  7293430000
    442200  7081950000
    448800  6870460000
    455400  6658940000
    462000  6447270000
    468600  6235600000
    475200  6023900000
    481800  5811990000
    488400  5600070000
    495000  5388150000
    501600  5175740000
    508200  4963320000
    514800  4750910000
    521400  4539260000
    528000  4327730000
    534600  4116190000
    541200  3906370000
    547800  3697130000
    554400  3487880000
    561000  3275080000
    567600  3060150000
    574200  2845220000
    580800  2620560000
    587400  2386160000
    594000  2151760000
    600600  1927390000
    607200  1719750000
    613800  1512110000
    620400  1302280000
    627000  1085890000
    633600   869494000
    640200   653182000
    646800   437433000
    653400   221683000
    660000     5933430
